Evaluando ./Instances\RANDOM\R10NoRPP
Solucion inicial: ./Instances\RANDOM\R10NoRPP-salida.txt

Beneficio: 8345
d 5 19 7 39 29 19 40 28 38 18 20 15 25 18 33 20 25 21 20 33 38 21 29 
Beneficio: 8338
d 5 19 7 39 29 19 40 28 38 20 33 18 25 15 20 33 15 8 21 20 25 21 29 
Beneficio: 9841
d 5 19 7 39 29 19 40 28 38 33 20 15 25 20 21 25 33 18 
Beneficio: 7472
d 5 19 7 39 29 19 40 28 38 25 21 20 33 18 38 21 25 15 20 33 
Beneficio: 8492
d 5 19 7 39 29 19 40 28 38 25 18 20 15 18 33 20 21 25 15 33 
Beneficio: 4680
d 5 19 7 39 29 19 40 28 20 18 33 20 15 25 18 38 
Beneficio: 9558
d 5 19 7 39 29 19 40 26 6 22 36 9 6 22 30 10 16 30 5 24 40 28 38 20 21 25 20 18 
Beneficio: 6197
d 5 19 7 39 29 19 40 26 6 22 36 9 6 16 30 10 9 22 26 30 37 32 14 34 35 
Beneficio: 5907
d 5 19 7 39 29 19 40 26 6 22 36 9 6 36 30 10 36 9 30 14 35 37 5 24 26 22 
Beneficio: 5351
d 5 19 7 39 29 19 40 26 6 22 36 9 6 10 30 16 34 22 3 40 28 2 
Beneficio: 8071
d 5 19 7 39 29 19 40 26 6 22 36 9 10 30 5 24 26 22 36 10 17 
Beneficio: 6133
d 5 19 7 39 29 19 40 26 6 22 36 9 10 36 30 10 22 6 9 30 16 14 32 37 30 
Beneficio: 6677
d 5 19 7 39 29 19 40 26 6 22 36 9 30 10 36 30 16 14 35 37 32 d 
Beneficio: 6032
d 5 19 7 39 29 19 40 26 6 22 36 9 30 10 6 16 30 34 35 
Beneficio: 7171
d 5 19 7 39 29 19 40 26 6 22 36 9 30 16 14 32 37 30 10 6 3 4 
Beneficio: 5597
d 5 19 7 39 29 19 40 26 6 22 36 9 36 30 10 9 34 16 30 14 32 
Beneficio: 6945
d 5 19 7 39 29 19 40 26 6 22 36 9 36 10 16 30 10 17 9 34 16 14 32 
Beneficio: 6088
d 5 19 7 39 29 19 40 26 6 22 36 9 34 16 14 30 10 36 30 22 16 
Beneficio: 5310
d 5 19 7 39 29 19 40 26 6 22 36 9 10 30 36 10 16 22 26 4 3 40 28 2 13 
Beneficio: 6847
d 5 19 7 39 29 19 40 26 6 22 36 9 17 10 30 37 35 14 32 d 
Beneficio: 7274
d 5 19 7 39 29 19 40 26 6 22 36 30 10 36 9 6 22 16 30 5 37 32 14 
Beneficio: 6385
d 5 19 7 39 29 19 40 26 6 22 36 30 10 36 9 34 16 6 3 4 26 30 5 35 37 
Beneficio: 7542
d 5 19 7 39 29 19 40 26 6 22 36 30 10 36 17 10 16 14 32 37 30 26 3 4 
Beneficio: 5513
d 5 19 7 39 29 19 40 26 6 22 36 30 10 9 30 16 5 24 14 35 37 
Beneficio: 7253
d 5 19 7 39 29 19 40 26 6 22 36 30 10 36 9 6 16 5 30 37 35 14 32 37 5 24 
Beneficio: 5650
d 5 19 7 39 29 19 40 26 6 22 36 30 10 22 16 30 5 24 35 37 
Beneficio: 5185
d 5 19 7 39 29 19 40 26 6 22 36 30 37 35 5 30 16 10 30 26 22 6 3 40 28 2 
Beneficio: 5196
d 5 19 7 39 29 19 40 26 6 22 36 30 16 10 30 26 3 40 28 38 33 
Beneficio: 5544
d 5 19 7 39 29 19 40 26 6 22 36 30 9 36 10 30 16 35 5 24 3 
Beneficio: 7288
d 5 19 7 39 29 19 40 26 6 22 36 30 14 32 37 35 14 16 10 30 16 6 9 36 10 
Beneficio: 5591
d 5 19 7 39 29 19 40 26 6 22 36 10 30 37 35 14 16 34 9 36 9 6 3 4 
Beneficio: 5480
d 5 19 7 39 29 19 40 26 6 22 36 10 30 36 6 9 36 9 34 16 24 
Beneficio: 11869
d 5 19 7 39 29 19 40 26 6 22 36 10 30 5 24 40 28 38 18 20 25 21 20 15 25 33 
Beneficio: 5282
d 5 19 7 39 29 19 40 26 6 22 36 10 30 9 6 22 3 26 4 
Beneficio: 7504
d 5 19 7 39 29 19 40 26 6 22 36 10 17 36 9 6 36 16 34 35 37 30 10 9 
Beneficio: 5687
d 5 19 7 39 29 19 40 26 6 22 36 10 9 36 30 10 6 9 22 30 16 
Beneficio: 5412
d 5 19 7 39 29 19 40 26 6 22 36 10 16 34 35 37 30 10 6 22 30 24 
Beneficio: 7961
d 5 19 7 39 29 19 40 26 6 22 36 10 16 14 32 37 35 5 30 10 17 36 30 24 5 
Beneficio: 4743
d 5 19 7 39 29 19 40 26 6 22 36 9 10 30 36 34 16 22 26 
Beneficio: 4819
d 5 19 7 39 29 19 40 26 6 22 36 9 34 16 30 10 9 6 30 5 37 
Beneficio: 7691
d 5 19 7 39 29 19 40 26 6 22 36 17 10 30 16 14 32 37 30 36 9 6 3 4 40 28 2 13 
Beneficio: 3256
d 5 19 7 39 29 19 40 26 6 22 36 17 10 36 30 16 14 d 
Beneficio: 5200
d 5 19 7 39 29 19 40 26 6 22 36 10 30 37 35 34 16 6 22 26 4 3 40 28 2 23 13 
Beneficio: 6034
d 5 19 7 39 29 19 40 26 6 22 36 34 16 14 35 37 30 10 36 9 6 22 26 3 
Beneficio: 7595
d 5 19 7 39 29 19 40 26 6 22 9 36 30 10 36 6 16 30 37 35 14 32 37 d 
Beneficio: 5480
d 5 19 7 39 29 19 40 26 6 22 9 36 30 10 16 6 9 34 35 14 37 30 
Beneficio: 6071
d 5 19 7 39 29 19 40 26 6 22 9 36 30 37 35 5 30 10 36 9 6 3 26 4 40 
Beneficio: 5655
d 5 19 7 39 29 19 40 26 6 22 9 36 30 9 10 30 35 34 16 14 32 
Beneficio: 12445
d 5 19 7 39 29 19 40 26 6 22 9 36 10 30 36 6 22 26 4 3 40 28 38 18 20 15 25 21 20 25 18 
Beneficio: 5865
d 5 19 7 39 29 19 40 26 6 22 9 36 10 30 9 34 16 14 5 37 35 
Beneficio: 6225
d 5 19 7 39 29 19 40 26 6 22 9 36 10 9 34 35 14 32 37 30 10 16 30 22 
Beneficio: 5336
d 5 19 7 39 29 19 40 26 6 22 9 36 9 10 30 5 24 3 26 22 6 16 10 
Beneficio: 5941
d 5 19 7 39 29 19 40 26 6 22 9 36 9 16 30 10 9 6 16 22 26 30 37 35 
Beneficio: 7496
d 5 19 7 39 29 19 40 26 6 22 9 36 17 10 16 30 10 9 6 22 16 34 14 30 37 35 
Beneficio: 6676
d 5 19 7 39 29 19 40 26 6 22 9 10 30 37 35 5 30 36 10 17 36 16 6 9 
Beneficio: 8416
d 5 19 7 39 29 19 40 26 6 22 9 10 30 16 10 17 36 30 35 37 32 
Beneficio: 8219
d 5 19 7 39 29 19 40 26 6 22 9 10 17 36 9 6 16 30 10 36 30 5 35 37 
Beneficio: 5929
d 5 19 7 39 29 19 40 26 6 22 9 10 36 30 10 36 9 6 16 34 35 5 37 30 
Beneficio: 6720
d 5 19 7 39 29 19 40 26 6 22 9 10 16 30 10 6 36 9 36 30 37 35 14 32 37 
Beneficio: 13472
d 5 19 7 39 29 19 40 26 6 22 9 30 10 36 9 6 3 40 28 38 20 21 25 18 33 20 15 25 20 33 
Beneficio: 6736
d 5 19 7 39 29 19 40 26 6 22 9 30 10 9 36 22 30 5 35 37 32 14 16 34 
Beneficio: 6128
d 5 19 7 39 29 19 40 26 6 22 9 30 10 9 6 22 26 30 16 34 
Beneficio: 2892
d 5 19 7 39 29 19 40 26 6 22 9 30 36 9 34 16 14 32 37 35 
Beneficio: 8417
d 5 19 7 39 29 19 40 26 6 22 9 30 5 37 32 14 35 37 30 36 10 17 36 9 6 10 30 
Beneficio: 4877
d 5 19 7 39 29 19 40 26 6 22 9 36 30 10 6 16 34 22 26 3 4 
Beneficio: 4727
d 5 19 7 39 29 19 40 26 6 22 9 36 10 30 6 9 34 16 10 36 
Beneficio: 4905
d 5 19 7 39 29 19 40 26 6 22 9 34 16 30 10 16 14 37 30 24 5 
Beneficio: 5744
d 5 19 7 39 29 19 40 26 6 22 9 34 16 10 30 16 14 32 37 30 22 36 10 9 
Beneficio: 7744
d 5 19 7 39 29 19 40 26 6 22 9 34 16 30 10 36 9 6 22 36 30 5 35 37 32 
Beneficio: 6177
d 5 19 7 39 29 19 40 26 6 22 9 10 30 5 24 6 9 36 
Beneficio: 5311
d 5 19 7 39 29 19 40 26 6 22 9 16 30 10 9 6 36 9 36 30 26 4 3 
Beneficio: 5382
d 5 19 7 39 29 19 40 26 6 22 9 16 30 10 36 9 36 22 6 3 
Beneficio: 6216
d 5 19 7 39 29 19 40 26 6 22 16 34 35 37 5 30 10 9 6 22 26 30 16 
Beneficio: 6796
d 5 19 7 39 29 19 40 26 6 22 16 34 9 10 30 5 37 35 14 32 37 30 36 9 22 6 3 
Beneficio: 13348
d 5 19 7 39 29 19 40 26 6 22 16 34 30 10 36 9 6 3 40 28 38 18 33 20 15 25 21 20 
Beneficio: 7311
d 5 19 7 39 29 19 40 26 6 22 16 30 10 17 36 9 6 16 14 30 37 32 d 
Beneficio: 5346
d 5 19 7 39 29 19 40 26 6 22 16 30 10 36 6 9 22 26 30 37 35 5 14 16 
Beneficio: 5413
d 5 19 7 39 29 19 40 26 6 22 16 30 10 16 9 6 3 4 26 30 37 35 
Beneficio: 5992
d 5 19 7 39 29 19 40 26 6 22 16 30 36 9 10 30 37 5 14 16 6 36 10 
Beneficio: 6088
d 5 19 7 39 29 19 40 26 6 22 16 30 36 17 10 30 14 16 9 6 22 26 4 
Beneficio: 10456
d 5 19 7 39 29 19 40 26 6 22 16 14 32 37 35 34 16 30 10 36 9 6 3 40 28 38 20 18 33 20 15 
Beneficio: 6731
d 5 19 7 39 29 19 40 26 6 22 16 14 35 37 30 10 9 36 9 30 16 34 14 32 37 5 24 
Beneficio: 6244
d 5 19 7 39 29 19 40 26 6 22 16 14 30 36 10 30 37 35 34 9 36 22 6 9 10 
Beneficio: 5348
d 5 19 7 39 29 19 40 26 6 22 16 14 24 5 35 37 30 9 10 30 36 10 16 34 
Beneficio: 6947
d 5 19 7 39 29 19 40 26 6 22 16 10 17 36 9 6 16 30 36 10 30 26 4 3 40 28 
Beneficio: 6202
d 5 19 7 39 29 19 40 26 6 22 16 10 9 34 14 35 37 30 10 36 9 36 30 16 
Beneficio: 6022
d 5 19 7 39 29 19 40 26 6 22 16 5 35 37 30 9 36 10 30 5 24 26 22 6 3 4 
Beneficio: 6893
d 5 19 7 39 29 19 40 26 6 22 16 14 32 37 35 14 30 10 36 9 6 16 34 
Beneficio: 6941
d 5 19 7 39 29 19 40 26 6 22 16 9 30 10 17 36 30 16 6 9 36 22 
Beneficio: 6077
d 5 19 7 39 29 19 40 26 6 22 30 10 36 9 6 3 24 5 16 30 37 32 14 35 
Beneficio: 5962
d 5 19 7 39 29 19 40 26 6 22 30 10 36 22 16 34 35 37 30 14 32 
Beneficio: 5438
d 5 19 7 39 29 19 40 26 6 22 30 10 9 6 16 34 14 30 5 35 37 32 
Beneficio: 6542
d 5 19 7 39 29 19 40 26 6 22 30 10 36 9 6 30 37 35 5 24 
Beneficio: 5991
d 5 19 7 39 29 19 40 26 6 22 30 10 26 22 9 36 9 30 37 35 
Beneficio: 7553
d 5 19 7 39 29 19 40 26 6 22 30 37 35 5 30 9 36 17 10 30 36 10 16 6 9 
Beneficio: 6309
d 5 19 7 39 29 19 40 26 6 22 30 36 9 30 5 35 37 30 10 36 6 22 26 4 3 40 28 2 
Beneficio: 5484
d 5 19 7 39 29 19 40 26 6 22 30 36 10 30 14 35 34 16 
Beneficio: 5473
d 5 19 7 39 29 19 40 26 6 22 30 16 10 30 36 9 36 10 6 3 40 28 2 23 12 
Beneficio: 5427
d 5 19 7 39 29 19 40 26 6 22 30 5 35 37 30 16 10 30 36 6 9 17 
Beneficio: 4738
d 5 19 7 39 29 19 40 26 6 22 30 9 10 30 16 5 37 35 
Beneficio: 7025
d 5 19 7 39 29 19 40 26 6 22 10 30 37 35 5 30 16 22 9 36 10 9 
Beneficio: 7624
d 5 19 7 39 29 19 40 26 6 22 10 30 36 17 10 9 36 6 9 30 37 32 14 16 5 24 
Beneficio: 5531
d 5 19 7 39 29 19 40 26 6 22 10 30 9 36 10 9 16 14 5 37 
Beneficio: 4298
d 5 19 7 39 29 19 40 26 6 22 10 17 36 9 34 14 32 37 30 
Beneficio: 6129
d 5 19 7 39 29 19 40 26 6 22 10 36 9 36 30 10 9 6 22 26 24 5 30 16 34 35 14 32 37 
Beneficio: 5311
d 5 19 7 39 29 19 40 26 6 22 10 36 30 10 22 9 30 37 32 14 16 6 36 
Beneficio: 8705
d 5 19 7 39 29 19 40 26 6 22 10 9 36 10 16 14 32 37 35 34 16 30 10 17 36 30 37 
Beneficio: 5233
d 5 19 7 39 29 19 40 26 6 22 10 16 34 30 10 6 9 36 30 37 35 14 
Beneficio: 5232
d 5 19 7 39 29 19 40 26 6 22 10 16 14 34 35 37 30 10 22 36 
Beneficio: 5861
d 5 19 7 39 29 19 40 26 6 22 24 5 30 10 36 6 9 36 30 22 26 3 40 
Beneficio: 6169
d 5 19 7 39 29 19 40 26 6 22 24 5 30 16 34 9 36 10 30 9 6 22 26 
Beneficio: 4562
d 5 19 7 39 29 19 40 26 6 22 24 5 37 30 10 36 22 26 30 16 35 
Beneficio: 5965
d 5 19 7 39 29 19 40 26 6 22 24 5 35 34 16 30 10 9 36 30 14 37 35 
Beneficio: 5199
d 5 19 7 39 29 19 40 26 6 22 24 5 14 34 16 30 10 36 6 9 30 37 35 14 
Beneficio: 6125
d 5 19 7 39 29 19 40 26 6 22 24 14 35 37 30 10 36 9 10 16 30 5 35 
Beneficio: 5529
d 5 19 7 39 29 19 40 26 6 22 10 30 36 10 9 36 6 16 5 35 
Beneficio: 6565
d 5 19 7 39 29 19 40 26 6 22 10 30 9 10 16 34 35 37 32 14 35 
Beneficio: 5390
d 5 19 7 39 29 19 40 26 6 22 10 36 9 10 30 16 34 9 6 22 26 24 5 35 
Beneficio: 6489
d 5 19 7 39 29 19 40 26 6 22 10 36 30 37 32 14 16 30 10 9 36 22 26 3 6 
Beneficio: 2775
d 5 19 7 39 29 19 40 26 6 22 10 9 36 17 10 16 30 5 37 
Beneficio: 5455
d 5 19 7 39 29 19 40 26 6 22 10 16 14 35 37 30 10 36 9 6 22 34 
Beneficio: 5711
d 5 19 7 39 29 19 40 26 6 22 9 36 30 10 6 26 22 36 
Beneficio: 5934
d 5 19 7 39 29 19 40 26 6 22 9 36 10 16 30 10 9 6 22 16 34 14 35 37 30 36 
Beneficio: 6328
d 5 19 7 39 29 19 40 26 6 22 9 10 30 5 16 6 36 9 6 22 26 
Beneficio: 4741
d 5 19 7 39 29 19 40 26 6 22 9 30 10 9 36 22 6 16 5 35 
Beneficio: 1980
d 5 19 7 39 29 19 40 26 6 22 9 36 10 17 36 30 14 5 24 
Beneficio: 563
d 5 19 7 39 29 19 40 26 6 22 9 16 14 37 35 
Beneficio: 5472
d 5 19 7 39 29 19 40 26 6 22 34 16 30 10 36 30 37 35 14 34 9 
Beneficio: 5923
d 5 19 7 39 29 19 40 26 6 22 34 16 14 32 37 35 14 5 30 10 6 22 36 30 16 
Beneficio: 5113
d 5 19 7 39 29 19 40 26 6 22 34 16 14 5 30 10 16 6 22 26 4 3 
Beneficio: 5404
d 5 19 7 39 29 19 40 26 6 22 34 16 5 30 10 9 6 22 36 9 30 24 
Beneficio: 6814
d 5 19 7 39 29 19 40 26 6 22 34 35 37 32 14 30 10 36 9 30 
Beneficio: 6980
d 5 19 7 39 29 19 40 26 6 22 34 9 36 30 9 10 30 5 35 37 32 14 16 6 
Beneficio: 5409
d 5 19 7 39 29 19 40 26 6 22 34 14 16 30 10 16 34 35 5 30 37 32 d 
Beneficio: 7145
d 5 19 7 39 29 19 40 26 6 22 34 14 35 37 30 9 36 10 30 16 14 32 37 
Beneficio: 6132
d 5 19 7 39 29 19 40 26 6 22 36 30 10 9 36 10 22 6 3 4 
Beneficio: 4666
d 5 19 7 39 29 19 40 26 6 22 36 9 30 5 35 34 16 10 30 14 
Beneficio: 7745
d 5 19 7 39 29 19 40 26 6 22 30 37 35 5 30 9 10 30 36 9 6 36 10 17 
Beneficio: 4580
d 5 19 7 39 29 19 40 26 6 22 16 30 36 10 30 14 35 5 16 
Beneficio: 7511
d 5 19 7 39 29 19 40 26 6 9 36 30 10 17 36 10 9 22 26 30 16 
Beneficio: 5388
d 5 19 7 39 29 19 40 26 6 9 36 30 10 36 22 6 16 30 14 34 35 5 24 
Beneficio: 6779
d 5 19 7 39 29 19 40 26 6 9 36 30 10 36 9 22 6 16 30 5 35 14 32 37 35 d 
Beneficio: 6383
d 5 19 7 39 29 19 40 26 6 9 36 30 10 36 6 22 30 37 32 14 16 5 24 40 28 2 
Beneficio: 6915
d 5 19 7 39 29 19 40 26 6 9 36 30 10 9 30 37 32 14 16 6 3 40 28 38 
Beneficio: 6668
d 5 19 7 39 29 19 40 26 6 9 36 30 10 9 22 34 35 37 32 d 
Beneficio: 6741
d 5 19 7 39 29 19 40 26 6 9 36 30 10 16 30 5 35 37 32 14 16 6 22 26 40 28 
Beneficio: 6774
d 5 19 7 39 29 19 40 26 6 9 36 30 10 16 30 37 35 14 32 37 5 24 22 36 
Beneficio: 5341
d 5 19 7 39 29 19 40 26 6 9 36 30 10 6 24 5 30 22 26 4 
Beneficio: 6846
d 5 19 7 39 29 19 40 26 6 9 36 30 10 22 26 24 5 37 35 14 32 37 30 16 34 9 36 
Beneficio: 6156
d 5 19 7 39 29 19 40 26 6 9 36 30 37 32 14 16 10 30 5 24 22 6 
Beneficio: 7700
d 5 19 7 39 29 19 40 26 6 9 36 30 37 35 5 16 10 30 16 6 36 17 10 9 36 
Beneficio: 5910
d 5 19 7 39 29 19 40 26 6 9 36 30 16 6 22 10 30 5 24 40 3 4 26 
Beneficio: 6311
d 5 19 7 39 29 19 40 26 6 9 36 30 16 10 30 14 35 37 5 24 26 4 
Beneficio: 7448
d 5 19 7 39 29 19 40 26 6 9 36 30 5 35 37 30 10 36 17 10 9 16 14 
Beneficio: 6409
d 5 19 7 39 29 19 40 26 6 9 36 30 9 10 30 22 6 16 34 35 37 5 24 
Beneficio: 5401
d 5 19 7 39 29 19 40 26 6 9 36 30 24 22 16 10 30 35 
Beneficio: 13370
d 5 19 7 39 29 19 40 26 6 9 36 10 30 37 35 14 16 6 22 26 4 40 28 38 18 20 25 21 20 15 
Beneficio: 9708
d 5 19 7 39 29 19 40 26 6 9 36 10 30 37 35 34 16 5 24 40 28 38 18 33 15 20 38 
Beneficio: 13236
d 5 19 7 39 29 19 40 26 6 9 36 10 30 36 22 26 4 40 28 38 18 20 33 18 25 15 20 25 21 20 
Beneficio: 6918
d 5 19 7 39 29 19 40 26 6 9 36 10 30 36 17 10 16 6 3 4 40 28 2 23 13 
Beneficio: 6296
d 5 19 7 39 29 19 40 26 6 9 36 10 30 16 6 22 26 4 3 40 28 38 20 18 33 20 25 21 29 8 
Beneficio: 13407
d 5 19 7 39 29 19 40 26 6 9 36 10 30 5 24 26 3 40 28 38 20 25 18 33 20 21 25 15 20 33 
Beneficio: 9510
d 5 19 7 39 29 19 40 26 6 9 36 10 30 5 35 37 30 22 6 3 40 28 38 18 20 15 25 21 
Beneficio: 5962
d 5 19 7 39 29 19 40 26 6 9 36 10 30 14 35 37 5 24 40 3 
Beneficio: 6345
d 5 19 7 39 29 19 40 26 6 9 36 10 30 24 5 37 32 14 16 34 
Beneficio: 7742
d 5 19 7 39 29 19 40 26 6 9 36 10 17 36 30 16 10 30 37 32 14 16 34 9 22 6 3 40 28 
Beneficio: 6912
d 5 19 7 39 29 19 40 26 6 9 36 10 9 30 10 17 36 22 6 16 34 14 35 
Beneficio: 6906
d 5 19 7 39 29 19 40 26 6 9 36 10 9 16 30 10 16 5 37 35 14 32 37 30 
Beneficio: 6042
d 5 19 7 39 29 19 40 26 6 9 36 10 16 30 10 9 22 6 16 34 35 37 30 5 24 40 28 38 
Beneficio: 6696
d 5 19 7 39 29 19 40 26 6 9 36 10 16 14 35 37 32 14 30 10 36 22 34 
Beneficio: 6859
d 5 19 7 39 29 19 40 26 6 9 36 10 16 35 37 32 14 30 10 6 22 36 30 16 
Beneficio: 6224
d 5 19 7 39 29 19 40 26 6 9 36 22 6 16 30 10 22 26 3 40 28 38 20 18 33 20 
Beneficio: 6262
d 5 19 7 39 29 19 40 26 6 9 36 22 6 24 5 30 10 16 34 22 9 30 37 32 
Beneficio: 5604
d 5 19 7 39 29 19 40 26 6 9 36 22 6 16 10 30 9 34 16 14 35 37 
Beneficio: 6786
d 5 19 7 39 29 19 40 26 6 9 36 22 26 24 5 35 37 30 10 16 
Beneficio: 5692
d 5 19 7 39 29 19 40 26 6 9 36 22 16 30 10 36 30 22 6 16 14 35 34 
Beneficio: 5709
d 5 19 7 39 29 19 40 26 6 9 36 22 30 10 22 16 34 35 5 30 37 
Beneficio: 7713
d 5 19 7 39 29 19 40 26 6 9 36 22 10 30 36 17 10 16 14 35 37 30 22 
Beneficio: 5316
d 5 19 7 39 29 19 40 26 6 9 36 9 10 30 36 22 26 24 5 37 14 35 
Beneficio: 5951
d 5 19 7 39 29 19 40 26 6 9 36 9 10 16 30 10 6 22 26 3 4 
Beneficio: 5957
d 5 19 7 39 29 19 40 26 6 9 36 9 30 10 16 6 22 24 5 30 37 35 14 34 
Beneficio: 6740
d 5 19 7 39 29 19 40 26 6 9 36 9 22 30 10 36 30 14 32 37 35 14 34 16 6 22 
Beneficio: 6051
d 5 19 7 39 29 19 40 26 6 9 36 9 34 16 14 30 5 35 37 30 10 16 6 22 26 
Beneficio: 2200
d 5 19 7 39 29 19 40 26 6 9 36 9 16 14 32 35 37 
Beneficio: 6150
d 5 19 7 39 29 19 40 26 6 9 36 6 22 26 30 14 5 16 10 30 37 35 5 24 
Beneficio: 7065
d 5 19 7 39 29 19 40 26 6 9 36 6 22 10 30 5 37 35 14 32 37 30 36 9 10 16 
Beneficio: 3541
d 5 19 7 39 29 19 40 26 6 9 36 6 22 26 24 30 37 32 14 16 34 35 37 
Beneficio: 13426
d 5 19 7 39 29 19 40 26 6 9 36 6 22 10 30 16 6 3 40 28 38 20 15 25 21 20 18 33 
Beneficio: 5972
d 5 19 7 39 29 19 40 26 6 9 36 6 16 30 10 36 30 9 22 26 3 24 5 35 37 
Beneficio: 5707
d 5 19 7 39 29 19 40 26 6 9 36 6 16 5 37 30 10 9 30 36 22 16 34 
Beneficio: 7619
d 5 19 7 39 29 19 40 26 6 9 36 6 30 37 35 5 30 10 17 36 22 16 34 
Beneficio: 14282
d 5 19 7 39 29 19 40 26 6 9 36 17 10 30 5 24 40 28 38 18 20 15 25 20 38 21 20 
Beneficio: 11173
d 5 19 7 39 29 19 40 26 6 9 36 17 10 36 30 5 24 40 28 38 20 15 33 18 20 21 8 
Beneficio: 8295
d 5 19 7 39 29 19 40 26 6 9 36 17 10 9 22 6 16 14 32 37 30 10 36 30 16 34 35 37 
Beneficio: 7950
d 5 19 7 39 29 19 40 26 6 9 36 17 10 16 5 30 10 36 22 30 37 32 
Beneficio: 10605
d 5 19 7 39 29 19 40 26 6 9 36 10 30 37 5 24 40 28 38 20 33 18 20 21 25 
Beneficio: 7806
d 5 19 7 39 29 19 40 26 6 9 36 10 16 14 35 37 5 30 10 17 36 30 16 34 
Beneficio: 7735
d 5 19 7 39 29 19 40 26 6 9 10 30 37 32 14 16 30 9 36 17 10 36 6 22 
Beneficio: 5940
d 5 19 7 39 29 19 40 26 6 9 10 30 37 35 34 16 9 36 22 26 24 3 4 
Beneficio: 7255
d 5 19 7 39 29 19 40 26 6 9 10 30 36 9 36 6 16 34 14 32 37 35 
Beneficio: 9454
d 5 19 7 39 29 19 40 26 6 9 10 30 36 6 22 26 3 40 28 38 20 33 18 20 25 21 20 
Beneficio: 8115
d 5 19 7 39 29 19 40 26 6 9 10 30 16 10 17 36 9 36 30 37 35 14 34 16 6 22 
Beneficio: 7892
d 5 19 7 39 29 19 40 26 6 9 10 30 5 35 37 30 16 34 9 36 10 17 36 22 
Beneficio: 5308
d 5 19 7 39 29 19 40 26 6 9 10 30 9 36 6 22 24 3 40 28 2 12 
Beneficio: 5572
d 5 19 7 39 29 19 40 26 6 9 10 30 24 22 10 16 14 32 37 
Beneficio: 7750
d 5 19 7 39 29 19 40 26 6 9 10 17 36 9 34 14 32 37 30 10 36 30 16 
Beneficio: 6853
d 5 19 7 39 29 19 40 26 6 9 10 17 36 10 16 30 10 9 36 9 16 14 
Beneficio: 7715
d 5 19 7 39 29 19 40 26 6 9 10 36 9 36 17 10 30 37 35 14 16 6 22 26 3 
Beneficio: 7538
d 5 19 7 39 29 19 40 26 6 9 10 36 30 10 17 9 36 22 6 16 14 35 37 30 5 24 
Beneficio: 5227
d 5 19 7 39 29 19 40 26 6 9 10 36 30 10 9 22 6 16 34 14 30 37 35 5 24 
Beneficio: 8359
d 5 19 7 39 29 19 40 26 6 9 10 36 17 10 30 9 36 30 37 32 14 35 37 5 24 3 4 
Beneficio: 6589
d 5 19 7 39 29 19 40 26 6 9 10 16 30 10 17 36 6 22 26 30 16 
Beneficio: 5453
d 5 19 7 39 29 19 40 26 6 9 10 16 30 10 6 22 36 30 37 35 14 34 16 
Beneficio: 7071
d 5 19 7 39 29 19 40 26 6 9 10 16 5 30 10 36 9 36 30 37 35 14 16 34 
Beneficio: 6084
d 5 19 7 39 29 19 40 26 6 9 10 22 16 30 37 35 5 30 10 36 6 22 
Beneficio: 6893
d 5 19 7 39 29 19 40 26 6 9 30 10 17 36 22 26 3 6 16 34 14 32 37 30 
Beneficio: 9509
d 5 19 7 39 29 19 40 26 6 9 30 10 36 9 22 6 3 40 28 38 20 18 25 21 20 
Beneficio: 12117
d 5 19 7 39 29 19 40 26 6 9 30 10 36 30 5 24 40 28 38 20 25 21 20 15 33 
Beneficio: 4620
d 5 19 7 39 29 19 40 26 6 9 30 10 36 6 22 26 30 14 5 37 35 
Beneficio: 5403
d 5 19 7 39 29 19 40 26 6 9 30 10 9 36 10 16 30 24 22 6 
Beneficio: 5417
d 5 19 7 39 29 19 40 26 6 9 30 10 9 34 16 14 32 37 35 5 30 36 
Beneficio: 5608
d 5 19 7 39 29 19 40 26 6 9 30 10 16 6 36 22 30 5 37 32 
Beneficio: 5328
d 5 19 7 39 29 19 40 26 6 9 30 10 22 6 24 5 30 14 16 34 
Beneficio: 5211
d 5 19 7 39 29 19 40 26 6 9 30 10 6 24 5 30 37 35 14 34 16 
Beneficio: 10223
d 5 19 7 39 29 19 40 26 6 9 30 37 35 5 30 10 36 9 22 26 3 40 28 38 18 20 25 21 20 33 
Beneficio: 6843
d 5 19 7 39 29 19 40 26 6 9 30 37 35 16 10 30 36 17 10 9 36 
Beneficio: 6348
d 5 19 7 39 29 19 40 26 6 9 30 36 9 34 16 14 32 37 30 10 6 22 26 4 3 
Beneficio: 6985
d 5 19 7 39 29 19 40 26 6 9 30 36 10 30 16 9 36 17 10 9 22 6 
Beneficio: 6769
d 5 19 7 39 29 19 40 26 6 9 30 36 17 10 30 37 35 5 14 16 34 22 6 36 
Beneficio: 4726
d 5 19 7 39 29 19 40 26 6 9 30 16 10 30 37 5 24 26 4 3 40 28 38 20 25 
Beneficio: 6982
d 5 19 7 39 29 19 40 26 6 9 30 5 37 32 14 35 37 30 36 9 36 10 30 16 34 35 d 
Beneficio: 5149
d 5 19 7 39 29 19 40 26 6 9 30 14 16 10 30 37 35 5 24 26 22 10 36 6 
Beneficio: 5152
d 5 19 7 39 29 19 40 26 6 9 36 30 10 36 22 6 16 5 35 30 
Beneficio: 6016
d 5 19 7 39 29 19 40 26 6 9 36 30 10 9 36 22 26 4 3 6 16 34 35 37 32 
Beneficio: 8286
d 5 19 7 39 29 19 40 26 6 9 36 30 10 22 26 3 40 28 38 33 18 25 20 15 25 
Beneficio: 5935
d 5 19 7 39 29 19 40 26 6 9 36 30 16 10 30 5 37 32 14 34 22 6 
Beneficio: 5818
d 5 19 7 39 29 19 40 26 6 9 36 10 30 37 35 5 30 26 22 10 9 
Beneficio: 11739
d 5 19 7 39 29 19 40 26 6 9 36 10 30 5 24 26 3 40 28 38 25 21 20 25 15 20 33 
Beneficio: 7200
d 5 19 7 39 29 19 40 26 6 9 36 10 17 36 30 37 35 34 16 10 30 9 22 6 
Beneficio: 5335
d 5 19 7 39 29 19 40 26 6 9 36 22 16 30 37 35 5 30 10 16 34 22 6 36 
Beneficio: 6788
d 5 19 7 39 29 19 40 26 6 9 36 17 10 30 6 22 26 24 5 37 35 34 
Beneficio: 6149
d 5 19 7 39 29 19 40 26 6 9 22 36 30 10 17 36 10 16 30 14 35 5 24 26 
Beneficio: 5020
d 5 19 7 39 29 19 40 26 6 9 22 36 30 16 10 30 22 6 9 10 36 
Beneficio: 6827
d 5 19 7 39 29 19 40 26 6 9 22 36 10 16 30 10 17 9 36 30 5 35 37 
Beneficio: 4690
d 5 19 7 39 29 19 40 26 6 9 22 16 30 10 36 6 22 30 5 14 35 
Beneficio: 6146
d 5 19 7 39 29 19 40 26 6 9 22 16 5 37 30 36 10 30 5 35 37 32 14 35 
Beneficio: 7654
d 5 19 7 39 29 19 40 26 6 9 22 30 36 10 30 37 32 14 34 16 10 17 36 9 10 
Beneficio: 6123
d 5 19 7 39 29 19 40 26 6 9 22 10 36 17 10 30 16 22 26 3 4 
Beneficio: 6212
d 5 19 7 39 29 19 40 26 6 9 22 10 30 26 22 6 16 10 17 36 10 9 
Beneficio: 6318
d 5 19 7 39 29 19 40 26 6 9 22 34 30 5 35 37 32 14 16 30 36 10 30 
Beneficio: 5426
d 5 19 7 39 29 19 40 26 6 9 34 16 30 10 36 30 5 35 37 30 22 6 3 40 28 2 12 23 
Beneficio: 4636
d 5 19 7 39 29 19 40 26 6 9 34 16 30 10 36 30 9 6 16 34 
Beneficio: 6725
d 5 19 7 39 29 19 40 26 6 9 34 16 30 5 37 32 14 35 37 30 10 9 36 22 6 3 4 26 
Beneficio: 7537
d 5 19 7 39 29 19 40 26 6 9 34 16 14 35 5 30 10 17 36 10 9 36 30 16 6 22 
Beneficio: 8268
d 5 19 7 39 29 19 40 26 6 9 34 16 10 30 36 9 10 17 36 6 16 14 32 37 30 5 35 37 
Beneficio: 5918
d 5 19 7 39 29 19 40 26 6 9 34 16 5 30 10 36 30 16 35 37 32 14 35 34 
Beneficio: 5486
d 5 19 7 39 29 19 40 26 6 9 34 16 14 32 37 30 10 22 6 16 30 36 17 
Beneficio: 6005
d 5 19 7 39 29 19 40 26 6 9 34 35 37 30 36 10 30 16 6 22 36 9 10 
Beneficio: 6349
d 5 19 7 39 29 19 40 26 6 9 34 16 30 10 9 36 6 22 24 5 35 37 
Beneficio: 6044
d 5 19 7 39 29 19 40 26 6 9 34 14 35 37 30 10 36 9 10 16 6 22 26 4 3 
Beneficio: 5331
d 5 19 7 39 29 19 40 26 6 9 34 14 32 37 5 30 36 10 30 22 6 
Beneficio: 7069
d 5 19 7 39 29 19 40 26 6 9 10 30 36 9 22 6 10 16 34 35 37 32 d 
Beneficio: 6944
d 5 19 7 39 29 19 40 26 6 9 10 30 22 6 16 10 36 9 17 10 
Beneficio: 6112
d 5 19 7 39 29 19 40 26 6 9 10 36 17 10 30 9 34 16 6 22 36 
Beneficio: 5196
d 5 19 7 39 29 19 40 26 6 9 22 36 30 10 16 30 37 35 5 24 26 3 40 28 
Beneficio: 6023
d 5 19 7 39 29 19 40 26 6 9 22 10 30 5 35 37 30 9 36 10 16 22 6 
Beneficio: 4768
d 5 19 7 39 29 19 40 26 6 9 16 34 30 36 10 30 37 35 14 16 6 22 
Beneficio: 5323
d 5 19 7 39 29 19 40 26 6 9 16 30 10 9 30 5 35 37 30 36 22 6 3 
Beneficio: 5585
d 5 19 7 39 29 19 40 26 6 9 16 14 35 37 30 10 36 9 22 30 16 
Beneficio: 5974
d 5 19 7 39 29 19 40 26 6 9 16 22 36 10 30 5 37 35 14 
Beneficio: 6000
d 5 19 7 39 29 19 40 26 6 9 16 14 35 37 30 10 16 6 22 36 30 
Beneficio: 5333
d 5 19 7 39 29 19 40 26 6 9 30 10 9 36 22 6 16 30 37 35 34 
Beneficio: 5456
d 5 19 7 39 29 19 40 26 6 22 36 9 6 22 26 3 24 5 30 10 36 30 37 d 
Beneficio: 6145
d 5 19 7 39 29 19 40 26 6 22 36 9 6 16 30 10 9 30 26 22 24 
Beneficio: 8013
d 5 19 7 39 29 19 40 26 6 22 36 9 6 36 30 14 32 37 35 34 16 10 30 37 
Beneficio: 5317
d 5 19 7 39 29 19 40 26 6 22 36 9 10 30 36 10 16 14 37 5 35 34 
Beneficio: 6951
d 5 19 7 39 29 19 40 26 6 22 36 9 10 36 30 10 22 6 9 34 16 30 5 35 37 32 d 
Beneficio: 8473
d 5 19 7 39 29 19 40 26 6 22 36 9 30 10 36 6 3 40 28 38 20 18 25 15 20 33 
Beneficio: 5763
d 5 19 7 39 29 19 40 26 6 22 36 9 30 36 10 30 16 10 22 26 4 3 40 28 
Beneficio: 5617
d 5 19 7 39 29 19 40 26 6 22 36 9 36 30 10 22 9 30 14 35 
Beneficio: 6111
d 5 19 7 39 29 19 40 26 6 22 36 9 36 10 30 37 35 14 16 10 9 6 3 4 
Beneficio: 6347
d 5 19 7 39 29 19 40 26 6 22 36 9 34 14 32 37 30 10 6 9 36 30 16 14 
Beneficio: 7043
d 5 19 7 39 29 19 40 26 6 22 36 9 30 16 10 30 
Beneficio: 7352
d 5 19 7 39 29 19 40 26 6 22 36 30 10 36 9 10 16 30 5 14 32 37 35 
Beneficio: 6793
d 5 19 7 39 29 19 40 26 6 22 36 30 10 36 6 16 34 9 30 14 32 37 35 
Beneficio: 9465
d 5 19 7 39 29 19 40 26 6 22 36 30 10 9 22 26 3 40 28 38 20 21 38 18 33 
Beneficio: 6986
d 5 19 7 39 29 19 40 26 6 22 36 30 10 22 6 16 30 37 32 14 16 
Beneficio: 9609
d 5 19 7 39 29 19 40 26 6 22 36 30 37 35 5 30 10 9 6 22 26 3 40 28 38 21 20 
Beneficio: 4624
d 5 19 7 39 29 19 40 26 6 22 36 30 16 34 9 10 30 9 22 6 16 
Beneficio: 5315
d 5 19 7 39 29 19 40 26 6 22 36 30 9 10 30 26 3 6 16 9 36 
Beneficio: 5171
d 5 19 7 39 29 19 40 26 6 22 36 10 30 37 5 24 26 4 3 22 
Beneficio: 6934
d 5 19 7 39 29 19 40 26 6 22 36 10 30 16 34 35 37 32 14 5 24 40 
Beneficio: 6291
d 5 19 7 39 29 19 40 26 6 22 36 10 30 9 36 30 37 32 14 16 6 22 26 24 
Beneficio: 6930
d 5 19 7 39 29 19 40 26 6 22 36 10 17 36 9 6 36 30 10 9 30 37 5 14 35 
Beneficio: 6854
d 5 19 7 39 29 19 40 26 6 22 36 10 9 36 17 10 30 24 40 28 2 23 13 12 
Beneficio: 5908
d 5 19 7 39 29 19 40 26 6 22 36 10 16 30 10 36 6 9 36 30 14 35 
Beneficio: 5561
d 5 19 7 39 29 19 40 26 6 22 36 9 10 30 5 24 26 4 3 6 22 
Beneficio: 5741
d 5 19 7 39 29 19 40 26 6 22 36 9 16 34 35 37 30 10 36 9 6 16 30 5 
Beneficio: 6901
d 5 19 7 39 29 19 40 26 6 22 36 17 10 36 9 34 30 10 16 6 9 30 5 
Beneficio: 5484
d 5 19 7 39 29 19 40 26 6 22 36 10 30 36 9 16 6 22 26 4 3 40 28 
Beneficio: 9230
d 5 19 7 39 29 19 40 26 6 22 9 36 30 10 36 22 26 3 40 28 38 18 20 33 18 25 15 20 25 
Beneficio: 6103
d 5 19 7 39 29 19 40 26 6 22 9 36 30 10 16 30 37 5 24 26 4 3 40 28 38 18 33 
Beneficio: 6021
d 5 19 7 39 29 19 40 26 6 22 9 36 30 37 35 16 10 30 16 6 9 36 17 
Beneficio: 5907
d 5 19 7 39 29 19 40 26 6 22 9 36 10 30 37 35 5 30 16 6 22 26 4 3 40 28 2 
Beneficio: 5647
d 5 19 7 39 29 19 40 26 6 22 9 36 10 30 9 6 22 26 3 40 28 38 33 20 25 
Beneficio: 6984
d 5 19 7 39 29 19 40 26 6 22 9 36 10 16 30 10 17 36 9 30 37 5 24 22 
Beneficio: 5985
d 5 19 7 39 29 19 40 26 6 22 9 36 9 30 5 35 37 30 10 16 34 22 26 
Beneficio: 6871
d 5 19 7 39 29 19 40 26 6 22 9 36 17 10 16 34 14 5 37 30 10 36 30 26 
Beneficio: 7959
d 5 19 7 39 29 19 40 26 6 22 9 10 30 36 9 6 36 10 16 14 35 37 32 14 
Beneficio: 6938
d 5 19 7 39 29 19 40 26 6 22 9 10 30 14 35 34 16 6 36 9 6 22 10 17 
Beneficio: 4658
d 5 19 7 39 29 19 40 26 6 22 9 10 36 30 10 36 22 30 16 34 35 5 
Beneficio: 6082
d 5 19 7 39 29 19 40 26 6 22 9 10 16 34 30 10 36 6 9 36 30 37 35 5 
Beneficio: 5551
d 5 19 7 39 29 19 40 26 6 22 9 30 10 36 6 16 34 14 5 35 37 30 5 
Beneficio: 6236
d 5 19 7 39 29 19 40 26 6 22 9 30 10 22 6 16 30 37 35 14 32 
Beneficio: 3596
d 5 19 7 39 29 19 40 26 6 22 9 30 36 10 17 36 9 6 22 26 24 5 16 
Beneficio: 5128
d 5 19 7 39 29 19 40 26 6 22 9 36 30 10 9 6 16 14 35 37 30 5 24 40 28 2 23 12 13 
Beneficio: 6457
d 5 19 7 39 29 19 40 26 6 22 9 36 10 16 30 10 17 36 30 9 6 22 24 
Beneficio: 6517
d 5 19 7 39 29 19 40 26 6 22 9 34 16 14 32 37 30 10 36 6 9 36 22 24 5 
Beneficio: 4673
d 5 19 7 39 29 19 40 26 6 22 9 34 35 14 16 30 10 16 35 
Beneficio: 7198
d 5 19 7 39 29 19 40 26 6 22 9 10 17 36 9 6 36 10 30 14 35 
Beneficio: 5581
d 5 19 7 39 29 19 40 26 6 22 9 16 5 30 10 36 9 22 6 3 
Beneficio: 5168
d 5 19 7 39 29 19 40 26 6 22 16 34 35 37 30 9 10 30 22 26 4 3 
Beneficio: 6202
d 5 19 7 39 29 19 40 26 6 22 16 34 9 36 10 17 36 30 10 16 30 5 24 26 22 
Beneficio: 7064
d 5 19 7 39 29 19 40 26 6 22 16 34 30 9 36 10 17 36 30 10 9 6 
Beneficio: 5292
d 5 19 7 39 29 19 40 26 6 22 16 30 10 36 6 16 14 35 37 30 5 24 26 4 3 
Beneficio: 6294
d 5 19 7 39 29 19 40 26 6 22 16 30 10 9 36 9 30 37 35 34 16 5 24 
Beneficio: 8508
d 5 19 7 39 29 19 40 26 6 22 16 30 36 10 30 26 22 6 3 40 28 38 18 33 20 15 
Beneficio: 7566
d 5 19 7 39 29 19 40 26 6 22 16 14 32 37 35 5 30 10 17 36 6 22 26 
Beneficio: 6210
d 5 19 7 39 29 19 40 26 6 22 16 14 35 5 30 37 35 34 9 36 30 10 36 6 9 
Beneficio: 5609
d 5 19 7 39 29 19 40 26 6 22 16 14 34 30 10 9 36 30 9 6 22 26 
Beneficio: 7626
d 5 19 7 39 29 19 40 26 6 22 16 10 17 36 10 30 37 35 14 16 
Beneficio: 6093
d 5 19 7 39 29 19 40 26 6 22 16 5 30 36 9 36 10 30 37 32 14 16 6 9 10 
Beneficio: 4806
d 5 19 7 39 29 19 40 26 6 22 16 30 36 10 30 22 6 16 34 14 
Beneficio: 7466
d 5 19 7 39 29 19 40 26 6 22 30 10 17 36 9 6 16 34 35 37 5 14 
Beneficio: 4564
d 5 19 7 39 29 19 40 26 6 22 30 10 36 30 5 24 26 22 6 9 34 16 14 35 
Beneficio: 6263
d 5 19 7 39 29 19 40 26 6 22 30 10 9 6 22 16 5 37 35 14 32 37 30 
Beneficio: 5996
d 5 19 7 39 29 19 40 26 6 22 30 10 6 36 9 30 5 35 37 30 26 3 
Beneficio: 6742
d 5 19 7 39 29 19 40 26 6 22 30 37 35 5 30 10 36 9 10 6 16 30 14 32 37 
Beneficio: 5779
d 5 19 7 39 29 19 40 26 6 22 30 36 9 30 5 16 10 30 16 6 22 26 24 5 
Beneficio: 7830
d 5 19 7 39 29 19 40 26 6 22 30 36 17 10 36 9 6 16 30 5 35 37 30 10 16 14 35 
Beneficio: 5412
d 5 19 7 39 29 19 40 26 6 22 30 5 37 35 14 34 9 10 30 
Beneficio: 7486
d 5 19 7 39 29 19 40 26 6 22 30 9 10 36 17 10 30 36 9 34 35 37 5 24 
Beneficio: 6567
d 5 19 7 39 29 19 40 26 6 22 10 30 36 9 6 3 26 24 5 35 14 32 37 
Beneficio: 6708
d 5 19 7 39 29 19 40 26 6 22 10 30 5 35 37 30 34 16 22 36 10 17 
Beneficio: 6980
d 5 19 7 39 29 19 40 26 6 22 10 17 36 30 10 16 34 14 32 37 5 24 26 
Beneficio: 6305
d 5 19 7 39 29 19 40 26 6 22 10 36 30 10 9 36 6 9 30 35 37 
Beneficio: 5999
d 5 19 7 39 29 19 40 26 6 22 10 9 36 10 30 36 6 22 26 24 5 37 35 d 
Beneficio: 5118
d 5 19 7 39 29 19 40 26 6 22 10 16 30 10 36 30 37 35 34 14 16 6 9 22 26 
Beneficio: 6315
d 5 19 7 39 29 19 40 26 6 22 10 9 36 9 30 10 16 14 35 37 30 5 24 
Beneficio: 5300
d 5 19 7 39 29 19 40 26 6 22 24 5 30 36 9 10 30 37 35 34 16 6 22 10 36 
Beneficio: 3001
d 5 19 7 39 29 19 40 26 6 22 24 5 37 30 16 14 34 9 36 10 17 
Beneficio: 1618
d 5 19 7 39 29 19 40 26 6 22 24 5 16 10 9 36 9 30 14 
Beneficio: 5989
d 5 19 7 39 29 19 40 26 6 22 24 14 35 37 5 30 10 16 14 32 37 30 
Beneficio: 8712
d 5 19 7 39 29 19 40 26 6 22 10 30 16 6 3 40 28 38 18 20 25 15 20 33 18 
Beneficio: 6162
d 5 19 7 39 29 19 40 26 6 22 10 17 36 30 16 10 30 34 16 14 5 
Beneficio: 2063
d 5 19 7 39 29 19 40 26 6 22 10 36 30 34 16 14 35 37 5 24 
Beneficio: 5465
d 5 19 7 39 29 19 40 26 6 22 10 16 30 10 36 9 36 30 37 5 24 40 3 4 
Beneficio: 6142
d 5 19 7 39 29 19 40 26 6 22 9 36 30 10 9 30 5 37 35 14 32 
Beneficio: 5671
d 5 19 7 39 29 19 40 26 6 22 9 36 9 10 16 14 30 10 36 30 
Beneficio: 6831
d 5 19 7 39 29 19 40 26 6 22 9 10 16 14 32 37 35 34 16 30 10 36 9 6 22 26 24 5 
Beneficio: 4538
d 5 19 7 39 29 19 40 26 6 22 9 36 10 30 37 5 16 6 22 26 4 
Beneficio: 6704
d 5 19 7 39 29 19 40 26 6 22 34 16 30 10 36 9 6 16 14 30 5 37 32 
Beneficio: 3724
d 5 19 7 39 29 19 40 26 6 22 34 16 30 36 10 17 36 9 6 22 26 30 5 37 32 d 
Beneficio: 5474
d 5 19 7 39 29 19 40 26 6 22 34 16 14 5 30 10 36 22 30 37 32 
Beneficio: 5421
d 5 19 7 39 29 19 40 26 6 22 34 16 30 10 36 22 26 24 5 30 14 32 37 
Beneficio: 6921
d 5 19 7 39 29 19 40 26 6 22 34 35 5 37 30 36 17 10 30 16 6 9 36 22 
Beneficio: 5959
d 5 19 7 39 29 19 40 26 6 22 34 14 32 37 35 5 30 10 6 9 34 
Beneficio: 6556
d 5 19 7 39 29 19 40 26 6 22 36 9 30 16 10 30 14 32 37 
Beneficio: 6758
d 5 19 7 39 29 19 40 26 6 22 36 10 16 30 10 9 36 30 26 22 6 16 34 35 37 32 
Beneficio: 5774
d 5 19 7 39 29 19 40 26 6 22 30 36 10 30 9 36 6 16 34 35 14 
Beneficio: 6002
d 5 19 7 39 29 19 40 26 6 22 24 30 16 34 9 36 10 30 37 35 34 
Beneficio: 6855
d 5 19 7 39 29 19 40 26 6 16 34 35 37 30 10 36 9 22 26 4 3 40 28 38 18 33 20 25 
Beneficio: 7591
d 5 19 7 39 29 19 40 26 6 16 34 35 37 30 36 9 30 10 17 36 22 6 24 5 30 16 
Beneficio: 6875
d 5 19 7 39 29 19 40 26 6 16 34 35 37 5 30 36 9 30 10 36 22 6 9 34 16 30 37 32 
Beneficio: 6085
d 5 19 7 39 29 19 40 26 6 16 34 35 5 30 10 17 36 9 6 22 26 30 14 32 
Beneficio: 4880
d 5 19 7 39 29 19 40 26 6 16 34 35 37 30 10 16 34 22 26 
Beneficio: 5417
d 5 19 7 39 29 19 40 26 6 16 34 9 36 30 9 10 30 5 24 22 16 10 36 
Beneficio: 8244
d 5 19 7 39 29 19 40 26 6 16 34 9 10 30 36 17 10 36 9 6 22 26 30 37 32 d 
Beneficio: 4648
d 5 19 7 39 29 19 40 26 6 16 34 9 30 36 10 30 37 5 24 26 4 3 6 36 
Beneficio: 7714
d 5 19 7 39 29 19 40 26 6 16 34 14 32 37 30 10 17 36 9 30 36 22 26 3 40 28 
Beneficio: 7482
d 5 19 7 39 29 19 40 26 6 16 34 14 35 37 5 30 36 9 10 17 36 10 30 16 22 6 9 
Beneficio: 5714
d 5 19 7 39 29 19 40 26 6 16 34 14 5 30 10 36 9 6 22 16 30 24 5 
Beneficio: 5315
d 5 19 7 39 29 19 40 26 6 16 34 30 10 16 14 35 37 30 36 22 6 24 
Beneficio: 6165
d 5 19 7 39 29 19 40 26 6 16 34 14 32 37 30 10 36 9 22 30 5 24 26 3 
Beneficio: 6163
d 5 19 7 39 29 19 40 26 6 16 34 14 5 30 10 9 6 22 36 9 30 16 
Beneficio: 6396
d 5 19 7 39 29 19 40 26 6 16 34 22 9 30 10 36 6 9 36 30 37 32 d 
######### Overtime ############
Mejor solucion encontrada!
Beneficio: 16113
d 5 19 7 29 21 20 15 33 18 38 28 40 26 6 9 36 30 10 16 34 35 37 32 d 
Time taken: 7200.00s
