Evaluando ./Instances\RANDOM\R1NoRPP
Solucion inicial: ./Instances\RANDOM\R1NoRPP-salida.txt

Beneficio: -2514
d 7 6 15 18 17 11 18 6 17 7 15 13 8 3 10 
Beneficio: 3548
d 7 6 15 17 11 18 17 7 11 13 8 3 10 4 9 2 
Beneficio: 3952
d 7 6 15 17 18 11 7 6 17 18 8 3 10 4 
Beneficio: -2629
d 7 6 15 18 17 13 11 18 15 7 6 d 17 11 14 16 5 
Beneficio: -2968
d 7 6 15 13 17 11 18 6 17 15 7 11 14 5 16 
Beneficio: 2623
d 7 6 15 11 18 15 17 13 8 10 4 2 9 
Beneficio: 3870
d 7 6 17 11 18 15 7 d 17 13 8 3 10 4 
Beneficio: -3928
d 7 6 17 11 15 18 11 13 17 7 6 18 8 10 3 
Beneficio: -2689
d 7 6 17 15 13 11 18 7 15 d 6 17 11 14 16 
Beneficio: -806
d 7 6 17 13 15 18 11 17 15 d 18 8 
Beneficio: -607
d 7 6 17 18 15 13 11 18 7 6 15 17 11 14 16 
Beneficio: -1502
d 7 6 17 18 11 7 17 6 15 18 8 13 
Beneficio: -3573
d 7 6 17 11 18 7 15 17 13 11 8 3 
Beneficio: 2355
d 7 6 17 15 18 13 11 18 7 6 17 13 8 10 4 
Beneficio: -3824
d 7 6 17 13 15 18 11 6 15 d 18 8 10 3 
Beneficio: -2970
d 7 6 17 15 18 11 6 15 13 17 d 18 8 3 
Beneficio: 2495
d 7 6 18 11 13 17 6 15 d 7 18 8 3 10 4 9 2 
Beneficio: 2154
d 7 6 18 15 17 11 18 15 d 7 17 13 11 8 3 10 4 
Beneficio: 2100
d 7 6 18 17 11 18 15 6 17 7 11 13 8 10 4 9 12 
Beneficio: -4200
d 7 6 18 8 11 18 15 17 11 13 
Beneficio: -3114
d 7 6 11 17 15 18 11 15 6 17 13 8 3 
Beneficio: 2354
d 7 6 15 17 11 18 d 17 6 7 15 13 8 10 4 
Beneficio: 4300
d 7 6 18 11 17 6 d 15 18 8 3 10 4 9 19 
Beneficio: 2529
d 7 6 18 17 11 18 d 15 7 17 13 8 3 10 4 
Beneficio: -4052
d 7 17 6 15 18 11 6 7 15 d 17 18 8 10 3 
Beneficio: -2637
d 7 17 6 15 11 18 15 d 17 7 11 14 16 5 20 
Beneficio: -3946
d 7 17 6 18 15 11 18 6 7 15 13 11 16 14 5 
Beneficio: 4563
d 7 17 6 18 11 17 7 6 15 d 18 8 3 10 4 12 9 19 
Beneficio: -2482
d 7 17 11 18 d 7 15 13 17 6 11 14 16 5 20 
Beneficio: 3388
d 7 17 11 15 6 18 11 6 17 18 8 10 4 
Beneficio: 5194
d 7 17 6 15 18 11 15 7 17 13 8 10 4 9 19 
Beneficio: -61
d 7 17 6 18 15 13 11 18 d 15 6 11 17 13 
Beneficio: -3727
d 7 17 6 18 11 6 15 17 7 d 18 8 3 10 
Beneficio: -3150
d 7 17 15 18 11 17 6 d 18 7 15 13 8 3 10 
Beneficio: -2718
d 7 17 15 18 11 17 6 d 18 8 3 
Beneficio: -2953
d 7 17 15 6 11 18 15 d 6 7 17 11 8 3 
Beneficio: 2895
d 7 17 13 15 6 11 18 6 7 15 17 11 8 10 4 
Beneficio: -142
d 7 17 18 11 6 7 17 13 8 3 
Beneficio: -3566
d 7 17 18 15 11 18 15 7 6 11 8 10 
Beneficio: 4371
d 7 17 15 18 11 17 7 6 18 8 10 4 12 9 19 
Beneficio: -1449
d 7 17 18 11 13 17 6 7 15 18 8 3 10 
Beneficio: -556
d 7 17 11 13 8 10 4 9 19 
Beneficio: -2635
d 7 17 6 15 11 18 15 d 7 17 13 11 16 5 20 
Beneficio: 2261
d 7 17 6 11 18 17 6 15 11 13 8 3 10 4 12 
Beneficio: -4114
d 7 17 11 18 15 7 d 17 6 11 13 8 10 3 
Beneficio: -3605
d 7 17 11 13 15 18 11 15 6 d 17 13 8 3 10 
Beneficio: -3135
d 7 17 6 15 13 11 18 15 7 d 6 5 20 
Beneficio: -139
d 7 17 6 11 18 6 7 d 15 17 13 11 14 
Beneficio: -3641
d 7 17 15 6 18 11 17 7 d 15 6 18 13 
Beneficio: -3405
d 7 17 15 13 11 18 15 d 7 6 17 11 16 14 5 
Beneficio: -4024
d 7 17 13 11 18 6 7 d 15 11 14 5 20 
Beneficio: -3184
d 7 17 18 11 17 d 15 6 18 13 8 3 
Beneficio: -3278
d 7 17 18 15 13 11 18 15 6 11 14 16 5 
Beneficio: -4175
d 7 17 15 13 11 18 17 7 d 15 11 8 3 
Beneficio: -2154
d 7 17 11 18 15 6 11 8 
Beneficio: -3845
d 7 6 15 18 17 11 18 7 d 15 13 11 14 16 5 
Beneficio: -1772
d 7 6 15 17 18 11 13 15 7 6 18 8 
Beneficio: -3890
d 7 6 15 13 11 18 15 d 6 7 17 13 8 10 3 
Beneficio: 2143
d 7 6 15 11 18 15 d 6 17 13 8 3 10 4 9 
Beneficio: 702
d 7 6 17 11 18 7 15 17 d 
Beneficio: 2139
d 7 6 17 15 11 18 6 7 17 11 13 8 3 10 4 9 12 
Beneficio: -3017
d 7 6 17 18 15 11 18 7 15 17 11 16 14 5 20 
Beneficio: -3343
d 7 6 17 11 18 15 17 7 11 14 16 5 
Beneficio: -1373
d 7 6 17 15 11 18 15 d 6 7 17 11 16 
Beneficio: 1971
d 7 6 17 15 18 11 17 6 7 15 18 13 8 3 10 4 
Beneficio: -3443
d 7 6 18 15 17 13 11 18 d 17 7 15 6 5 
Beneficio: -3580
d 7 6 18 17 15 11 18 15 6 d 17 11 14 5 16 
Beneficio: -1837
d 7 6 11 17 18 11 13 17 7 d 6 15 
Beneficio: -4120
d 7 6 18 11 17 6 15 d 18 13 8 3 
Beneficio: 2417
d 7 15 6 17 11 18 15 17 13 11 8 3 10 4 9 12 2 
Beneficio: -3189
d 7 15 6 17 18 13 11 18 d 15 17 11 8 3 
Beneficio: 6723
d 7 15 6 17 18 11 13 8 3 10 4 9 19 
Beneficio: 2307
d 7 15 6 11 18 15 17 6 7 11 13 8 10 4 
Beneficio: -4215
d 7 15 18 11 13 15 17 7 18 6 5 14 
Beneficio: 2201
d 7 15 18 17 13 11 18 6 17 15 13 8 10 4 9 
Beneficio: -2894
d 7 15 18 17 11 18 7 6 15 17 11 16 14 
Beneficio: 3106
d 7 15 17 6 11 18 d 15 7 17 11 13 8 3 10 4 
Beneficio: 2254
d 7 15 17 6 18 11 15 d 7 18 8 3 10 4 
Beneficio: -3195
d 7 15 17 18 11 13 17 7 6 15 18 8 3 
Beneficio: -3614
d 7 15 18 17 13 11 18 7 6 15 17 11 14 16 5 20 
Beneficio: -2609
d 7 15 13 11 18 15 6 d 7 17 11 14 16 5 
Beneficio: -1686
d 7 15 13 17 18 11 13 18 15 6 17 
Beneficio: -1649
d 7 15 17 13 11 18 d 7 6 11 14 
Beneficio: -2891
d 7 15 6 17 11 18 15 13 17 7 6 5 14 
Beneficio: -3704
d 7 15 6 17 11 18 d 15 17 6 11 8 10 
Beneficio: 2530
d 7 15 6 17 11 18 d 17 15 11 13 8 3 10 4 
Beneficio: -4068
d 7 15 6 18 17 11 18 15 17 6 11 16 5 20 
Beneficio: 4303
d 7 15 18 11 15 6 17 18 8 3 10 4 
Beneficio: -3586
d 7 15 18 6 17 13 11 18 17 7 6 15 11 16 14 
Beneficio: -4187
d 7 15 17 6 18 11 17 7 18 15 6 5 20 
Beneficio: -3199
d 7 15 17 6 18 13 11 18 6 11 16 14 
Beneficio: 1988
d 7 15 18 11 15 17 6 18 8 3 10 4 
Beneficio: -4017
d 7 15 18 6 17 11 18 d 6 7 17 13 11 16 14 5 20 
Beneficio: -3149
d 7 15 13 18 17 11 18 15 6 17 13 11 16 14 5 20 
Beneficio: -2932
d 7 15 11 18 17 6 15 d 7 11 13 8 
Beneficio: 3676
d 7 18 11 17 6 7 d 15 18 8 10 4 
Beneficio: -3710
d 7 18 15 6 17 11 18 6 17 7 15 13 11 16 14 5 
Beneficio: -3464
d 7 18 15 17 13 11 18 15 7 17 6 11 14 16 
Beneficio: -1781
d 7 18 15 6 17 11 18 17 7 6 15 13 11 14 
Beneficio: -2775
d 7 18 15 17 13 11 18 15 17 6 7 11 16 14 
Beneficio: -3150
d 7 18 17 11 18 15 d 17 6 11 16 14 
Beneficio: -4107
d 7 18 6 15 17 11 18 15 17 13 11 16 5 
Beneficio: -2773
d 7 18 6 17 11 18 d 7 15 17 6 11 14 
Beneficio: -2031
d 7 18 8 13 11 18 15 11 16 
Beneficio: -3547
d 7 18 11 17 7 6 d 15 13 8 
Beneficio: -3144
d 7 18 15 6 17 11 18 d 6 7 17 15 13 11 16 14 
Beneficio: -3982
d 7 18 15 13 17 6 11 18 15 d 17 11 8 3 
Beneficio: -893
d 7 18 15 6 17 11 18 17 7 6 11 14 16 
Beneficio: -1571
d 7 18 15 6 11 18 17 15 11 
Beneficio: -3377
d 7 18 17 13 11 18 15 17 11 14 5 6 
Beneficio: -3090
d 7 18 6 17 13 11 18 7 15 6 17 11 16 14 
Beneficio: -3895
d 7 18 8 13 11 18 15 13 17 6 11 14 
Beneficio: 2370
d 7 11 18 15 17 6 11 13 8 10 4 9 
Beneficio: 4119
d 7 11 17 15 18 11 13 15 7 17 18 8 10 4 9 19 
Beneficio: -612
d 7 11 6 15 17 18 8 10 4 12 9 19 
Beneficio: -3513
d 15 6 7 17 11 18 17 6 d 15 11 16 5 
Beneficio: 2598
d 15 6 7 17 18 8 13 11 18 15 17 11 8 10 4 
Beneficio: -1801
d 15 6 7 17 18 11 17 6 7 15 13 8 10 
Beneficio: -3958
d 15 6 7 18 11 6 17 d 18 8 3 
Beneficio: -3474
d 15 6 17 11 18 15 7 d 17 11 13 8 3 10 
Beneficio: -1918
d 15 6 17 7 18 11 6 7 15 18 8 3 10 
Beneficio: -3729
d 15 6 17 7 11 18 6 7 d 17 13 
Beneficio: -1571
d 15 6 17 11 18 15 17 7 d 6 11 16 14 
Beneficio: -4034
d 15 6 17 7 11 18 17 15 7 6 5 16 14 
Beneficio: -5517
d 15 6 17 18 8 10 
Beneficio: -3380
d 15 6 7 17 18 11 15 7 d 18 8 13 
Beneficio: -2881
d 15 6 7 18 17 11 18 15 17 7 11 14 5 20 
Beneficio: -2848
d 15 6 18 17 11 18 15 7 d 17 6 11 16 14 
Beneficio: -3418
d 15 6 18 7 17 11 18 d 7 6 17 11 14 
Beneficio: -1856
d 15 6 11 18 13 15 7 6 17 11 14 16 5 
Beneficio: -3859
d 15 6 11 18 6 17 7 15 13 11 16 14 5 
Beneficio: 2802
d 15 18 11 6 18 7 15 13 8 3 10 4 
Beneficio: -2426
d 15 18 17 11 18 7 6 17 11 8 
Beneficio: 130
d 15 18 17 13 11 18 15 d 6 7 
Beneficio: -3221
d 15 18 6 7 17 11 18 17 d 7 15 13 11 8 3 
Beneficio: -3938
d 15 18 6 17 13 11 18 6 17 15 7 11 16 14 5 
Beneficio: -2916
d 15 18 6 7 17 13 11 18 15 d 7 6 11 14 
Beneficio: -3940
d 15 18 7 6 11 18 d 7 6 15 17 11 8 3 
Beneficio: -3334
d 15 18 7 17 11 18 15 7 6 17 13 11 14 16 5 
Beneficio: 1887
d 15 18 17 11 18 7 15 13 8 10 4 9 12 
Beneficio: -2595
d 15 18 7 6 17 11 18 17 15 6 d 7 11 14 5 
Beneficio: -2667
d 15 18 7 17 11 18 d 15 17 7 11 14 
Beneficio: -958
d 15 18 6 7 11 18 15 17 6 7 
Beneficio: -3915
d 15 18 13 11 18 d 17 6 11 16 5 
Beneficio: -2618
d 15 17 6 7 18 11 17 d 6 15 18 8 3 
Beneficio: 2896
d 15 17 6 11 18 15 7 6 17 11 8 3 10 4 
Beneficio: 2181
d 15 17 11 18 7 17 6 15 13 11 8 3 10 4 9 12 
Beneficio: -2071
d 15 17 7 6 11 18 15 d 17 7 11 
Beneficio: -1789
d 15 17 6 7 18 13 11 18 15 11 16 
Beneficio: -3040
d 15 17 6 11 18 6 15 11 17 13 8 3 
Beneficio: -3555
d 15 17 7 6 11 18 15 7 d 6 17 11 8 
Beneficio: -3335
d 15 17 18 11 6 7 17 13 15 18 8 10 3 
Beneficio: 1954
d 15 18 11 17 7 6 15 d 18 13 8 10 4 
Beneficio: 2027
d 15 18 17 11 18 15 d 7 6 11 13 8 3 10 4 9 
Beneficio: -3790
d 15 18 17 7 6 11 18 15 6 7 11 16 5 
Beneficio: -4028
d 15 18 6 17 7 11 18 d 7 6 11 14 16 5 20 
Beneficio: -3817
d 15 18 7 6 17 11 18 15 17 7 6 11 16 14 5 
Beneficio: -3480
d 15 18 7 17 11 18 6 7 11 14 16 
Beneficio: 2456
d 15 18 7 6 17 11 18 17 13 8 3 10 4 12 
Beneficio: -1813
d 15 18 7 6 17 13 11 18 15 6 17 7 11 14 16 
Beneficio: -3805
d 15 18 13 11 18 6 15 13 17 11 16 14 
Beneficio: -3776
d 15 7 6 17 18 11 13 17 15 7 d 18 8 10 3 
Beneficio: -1598
d 15 7 6 17 18 11 15 6 17 18 8 
Beneficio: -1956
d 15 7 6 18 17 11 18 15 13 17 7 6 11 
Beneficio: -2682
d 15 7 17 11 18 7 6 17 11 8 
Beneficio: -3890
d 15 7 17 18 11 15 6 7 17 d 18 8 
Beneficio: -2961
d 15 7 17 11 18 7 d 6 15 13 11 14 
Beneficio: -3324
d 15 7 6 17 11 18 15 7 11 16 14 5 
Beneficio: -2961
d 15 7 6 18 11 17 6 d 7 15 18 8 3 
Beneficio: -4104
d 15 7 18 6 17 11 18 6 7 17 13 11 16 14 5 
Beneficio: -889
d 15 7 18 13 8 3 10 4 
Beneficio: -2563
d 15 13 11 18 7 d 6 17 11 16 14 5 20 
Beneficio: -3506
d 15 13 17 6 18 11 17 7 d 6 15 18 8 10 
Beneficio: -4076
d 15 13 17 6 7 11 18 15 d 7 17 6 11 16 14 
Beneficio: -2160
d 15 13 18 17 7 11 18 15 6 7 17 11 14 16 5 
Beneficio: -4064
d 15 7 6 17 13 18 11 17 6 5 14 
Beneficio: -3441
d 15 7 6 18 17 11 18 15 d 7 6 17 13 11 14 5 20 
Beneficio: -1833
d 15 7 17 11 18 15 17 6 11 8 3 10 
Beneficio: -3481
d 15 7 17 18 11 17 15 7 d 18 13 8 
Beneficio: -615
d 15 7 17 6 11 18 d 7 6 15 13 17 11 14 16 
Beneficio: -2563
d 15 7 6 17 11 18 17 6 15 7 11 14 16 
Beneficio: -3830
d 15 7 18 6 17 13 11 18 15 6 7 11 16 14 5 20 
Beneficio: -4087
d 15 7 11 18 17 7 6 15 11 13 8 10 
Beneficio: 2287
d 15 17 11 18 17 7 11 13 8 3 10 4 9 
Beneficio: -4099
d 15 17 7 11 18 15 7 d 17 6 11 16 14 5 
Beneficio: -7654
d 15 17 7 6 18 11 14 5 20 
Beneficio: 2320
d 15 11 18 15 7 17 13 8 3 10 4 9 12 
Beneficio: 2103
d 15 11 17 7 6 18 11 13 17 6 d 18 8 10 4 
Beneficio: -428
d 15 6 7 17 11 18 17 15 11 14 5 
Beneficio: 2041
d 15 6 17 11 18 d 15 17 7 6 11 13 8 3 10 4 
Beneficio: 2884
d 15 6 17 7 18 11 17 6 7 15 18 8 3 10 4 
Beneficio: -1698
d 15 6 11 18 d 15 7 17 11 14 16 
Beneficio: -2828
d 7 6 15 18 17 11 18 d 6 15 11 14 16 5 
Beneficio: -1767
d 7 6 15 17 13 11 18 15 6 d 7 17 11 16 14 
Beneficio: -3457
d 7 6 15 18 13 11 18 7 17 6 11 16 5 
Beneficio: -4070
d 7 6 15 11 18 15 7 17 11 6 5 20 
Beneficio: -3492
d 7 6 17 11 15 18 11 13 17 d 6 7 18 8 
Beneficio: 2446
d 7 6 17 13 11 18 7 15 17 11 8 3 10 4 
Beneficio: -2002
d 7 6 17 15 11 18 15 6 7 17 13 11 8 
Beneficio: -3350
d 7 6 17 15 18 11 17 d 7 15 6 5 16 
Beneficio: -3013
d 7 6 17 18 11 6 7 15 18 8 3 10 
Beneficio: -1866
d 7 6 18 15 17 11 18 15 7 17 13 11 14 5 20 
Beneficio: -844
d 7 6 18 17 11 18 7 d 15 6 17 13 11 14 16 
Beneficio: -3339
d 7 6 11 17 15 18 11 6 17 18 13 
Beneficio: 3257
d 7 6 18 11 13 17 6 15 7 18 8 3 10 4 
Beneficio: -4080
d 7 17 6 15 18 11 6 17 15 7 18 13 8 
Beneficio: -3690
d 7 17 6 18 15 11 18 13 8 10 3 
Beneficio: 5130
d 7 17 11 18 17 6 15 7 11 13 8 3 10 4 9 19 
Beneficio: 2563
d 7 17 6 15 18 11 6 7 15 d 18 17 13 8 10 4 
Beneficio: -1537
d 7 17 6 11 18 17 6 7 15 11 14 
Beneficio: 2444
d 7 17 15 18 6 11 18 6 17 11 13 8 3 10 4 
Beneficio: -1779
d 7 17 13 11 18 d 6 11 16 14 
Beneficio: -2393
d 7 17 18 15 6 11 18 6 17 15 7 11 14 
Beneficio: -3198
d 7 17 15 18 6 11 18 7 11 16 14 
Beneficio: -2969
d 7 17 6 15 18 11 17 18 d 7 15 13 8 
Beneficio: 2612
d 7 17 6 11 18 d 15 7 17 11 13 8 3 10 4 
Beneficio: -1296
d 7 17 11 18 d 15 17 6 7 11 
Beneficio: -2655
d 7 17 6 11 18 15 7 6 17 11 13 8 3 10 
Beneficio: -3296
d 7 17 15 18 6 11 18 17 6 7 15 13 11 16 14 
Beneficio: -7946
d 7 17 13 8 18 15 6 11 14 
Beneficio: 2235
d 7 17 15 18 11 13 17 6 7 15 18 8 10 4 9 
Beneficio: -3825
d 7 6 15 18 17 11 18 7 17 15 d 6 11 14 16 5 20 
Beneficio: -3690
d 7 6 15 18 17 11 18 7 17 15 d 6 5 
Beneficio: -4050
d 7 6 17 11 18 15 17 7 d 6 11 13 8 3 10 
Beneficio: -2585
d 7 6 17 13 11 18 17 7 6 15 11 14 16 
Beneficio: -3500
d 7 6 17 11 18 7 17 d 15 6 11 16 5 
Beneficio: -3770
d 7 6 17 15 11 18 d 6 17 15 13 11 14 16 
Beneficio: -4094
d 7 6 18 17 11 18 d 17 15 6 11 14 16 5 20 
Beneficio: -3970
d 7 6 18 15 13 11 18 15 7 17 11 16 14 
Beneficio: -4082
d 7 15 6 17 18 13 11 18 15 d 7 17 11 16 5 
Beneficio: 2475
d 7 15 6 11 18 17 7 6 15 13 8 10 4 
Beneficio: -3948
d 7 15 18 17 13 11 18 7 d 15 6 17 11 14 16 5 
Beneficio: -3253
d 7 15 17 6 11 18 d 17 7 11 14 5 
Beneficio: -2376
d 7 15 17 18 13 11 18 15 17 6 11 14 
Beneficio: -4208
d 7 15 18 13 17 11 18 7 17 15 11 13 8 
Beneficio: -3381
d 7 15 17 13 11 18 15 17 6 7 11 14 16 
Beneficio: 406
d 7 15 6 17 11 18 15 7 17 d 
Beneficio: 3006
d 7 15 6 18 11 7 6 17 15 13 8 3 10 4 
Beneficio: -3609
d 7 15 18 6 17 11 18 15 17 7 6 5 14 
Beneficio: -2843
d 7 15 17 11 18 17 7 6 d 15 13 11 14 5 20 
Beneficio: -3030
d 7 15 18 17 11 18 d 6 17 15 13 11 14 16 5 
Beneficio: -2933
d 7 15 11 18 15 6 7 17 11 14 5 20 
Beneficio: -4087
d 7 18 15 6 17 13 11 18 15 17 d 6 11 8 
Beneficio: -2567
d 7 18 15 11 18 d 17 6 15 13 11 14 16 5 
Beneficio: -1047
d 7 18 17 6 11 18 15 6 17 11 13 
Beneficio: -2285
d 7 18 6 17 15 11 18 15 7 17 6 11 
Beneficio: -3871
d 7 18 13 15 17 11 18 15 6 17 13 11 16 5 20 
Beneficio: -1262
d 7 18 15 17 13 11 18 6 17 7 15 13 
Beneficio: -3646
d 7 18 15 11 18 15 6 7 17 13 8 10 3 
Beneficio: -3380
d 7 18 6 17 11 18 d 17 7 6 11 13 8 
Beneficio: -3434
d 7 11 18 15 7 17 6 11 13 8 3 
Beneficio: -2884
d 7 11 15 17 18 11 16 14 5 20 
Beneficio: 2154
d 18 11 13 15 18 6 17 7 d 
Beneficio: -1703
d 18 15 6 7 17 11 18 6 17 13 15 11 14 16 5 
Beneficio: -1265
d 18 15 6 17 11 18 17 13 15 d 6 7 11 14 
Beneficio: -3381
d 18 15 6 17 11 18 6 17 7 11 8 10 3 
Beneficio: -3633
d 18 15 6 7 17 11 18 17 15 d 7 6 5 14 16 
Beneficio: -3882
d 18 15 17 6 11 18 6 7 17 d 15 13 11 8 
Beneficio: -3921
d 18 15 17 7 11 18 17 7 d 15 13 11 14 16 
Beneficio: -3345
d 18 15 7 6 17 11 18 17 d 6 15 11 14 16 5 20 
Beneficio: 3161
d 18 15 7 17 11 18 17 7 6 15 13 8 3 10 4 9 2 
Beneficio: -3772
d 18 15 7 17 11 18 17 15 11 14 5 16 
Beneficio: -1197
d 18 15 13 11 18 d 15 6 7 17 11 14 16 5 
Beneficio: -237
d 18 15 7 6 17 11 18 d 15 6 7 17 
Beneficio: -4127
d 18 15 7 17 6 11 18 6 5 16 14 
Beneficio: -4089
d 18 15 17 11 18 7 11 6 15 17 13 8 
Beneficio: -1595
d 18 15 11 18 13 15 6 7 d 17 11 16 
Beneficio: -2570
d 18 15 6 7 17 11 18 17 7 6 15 13 11 14 5 16 
Beneficio: -1088
d 18 15 6 17 11 18 17 7 6 11 16 
Beneficio: -3810
d 18 15 6 17 13 11 18 17 11 8 
Beneficio: -1624
d 18 15 17 6 11 18 6 15 7 11 14 16 
Beneficio: -3183
d 18 15 17 13 11 18 6 15 d 7 17 11 14 5 20 
Beneficio: -4278
d 18 15 7 17 11 18 15 d 7 6 17 13 11 16 5 
Beneficio: -1148
d 18 15 7 6 11 18 7 d 15 6 17 
Beneficio: -3253
d 18 15 7 6 17 11 18 7 d 17 15 11 14 16 5 
Beneficio: -2021
d 18 15 7 11 18 6 15 17 11 14 16 5 20 
Beneficio: -2075
d 18 15 6 7 17 11 18 15 d 7 17 6 11 16 14 
Beneficio: -3354
d 18 17 6 15 11 18 7 15 6 17 11 8 
Beneficio: -4151
d 18 17 6 11 18 15 7 6 17 13 11 8 3 
Beneficio: -3645
d 18 17 7 6 15 11 18 7 17 11 14 16 5 20 
Beneficio: -1423
d 18 17 7 15 11 18 6 15 13 17 11 14 
Beneficio: -1168
d 18 17 6 11 18 15 17 13 11 14 16 5 20 
Beneficio: -2824
d 18 17 15 7 11 18 8 11 
Beneficio: -3684
d 18 17 7 6 15 11 18 15 7 17 6 11 
Beneficio: -2440
d 18 17 15 13 11 18 15 17 7 11 16 
Beneficio: -3521
d 18 6 15 7 17 13 11 18 17 6 7 d 15 11 16 5 20 
Beneficio: -3440
d 18 6 15 17 11 18 15 11 17 13 8 
Beneficio: -694
d 18 6 7 17 13 11 18 15 7 17 11 14 16 5 
Beneficio: -3806
d 18 6 7 15 13 11 18 7 d 15 6 17 11 14 16 5 
Beneficio: -741
d 18 6 17 11 18 7 6 15 17 13 11 14 5 20 
Beneficio: -4032
d 18 6 17 13 11 18 d 6 7 11 8 
Beneficio: -3065
d 18 6 17 15 13 11 18 15 6 d 7 11 8 
Beneficio: -3679
d 18 6 7 17 11 18 15 d 7 11 13 8 3 
Beneficio: -4103
d 18 6 11 18 7 15 6 17 13 11 16 5 20 
Beneficio: -2080
d 18 7 6 15 17 13 11 18 15 d 6 17 11 14 5 
Beneficio: -3717
d 18 7 6 17 15 11 18 15 6 7 17 11 14 5 20 
Beneficio: -3076
d 18 7 17 11 18 d 7 15 6 17 13 11 8 
Beneficio: -2098
d 18 7 17 11 18 15 d 7 17 13 11 16 14 
Beneficio: -3247
d 18 7 6 15 11 18 17 15 13 11 16 14 5 
Beneficio: -1601
d 18 7 15 6 17 13 11 18 15 d 6 11 
Beneficio: -4103
d 18 7 15 6 17 11 18 17 13 11 14 
Beneficio: -3779
d 18 17 6 7 15 11 18 6 11 14 16 
Beneficio: -2191
d 18 17 7 6 15 11 18 15 7 6 17 13 11 14 16 5 
Beneficio: -3757
d 18 17 6 7 15 13 11 18 6 15 17 11 16 14 5 
Beneficio: -4027
d 18 17 13 15 11 18 15 6 11 16 
Beneficio: -3934
d 18 7 6 15 13 11 18 17 6 15 11 16 5 
Beneficio: -3821
d 18 7 6 17 11 18 d 15 17 7 11 14 16 5 20 
Beneficio: -3045
d 18 7 17 11 18 d 6 15 17 13 11 16 5 20 
Beneficio: -3091
d 18 7 17 11 18 7 d 6 15 11 16 14 5 
Beneficio: -3431
d 18 7 6 17 13 11 18 15 6 11 16 14 
Beneficio: -2115
d 18 7 15 13 11 18 15 17 7 6 11 14 
Beneficio: -2377
d 18 7 11 18 15 6 d 7 17 13 8 
Beneficio: -4094
d 18 6 15 7 17 11 18 15 d 7 6 17 11 16 14 5 
Beneficio: -2146
d 18 6 7 17 11 18 15 d 7 11 13 17 6 
Beneficio: -3029
d 18 6 17 15 13 11 18 15 6 7 11 14 16 
Beneficio: -2879
d 18 6 7 17 13 11 18 15 6 17 7 11 16 
Beneficio: -2333
d 18 13 17 6 7 11 18 15 17 7 6 11 
Beneficio: -2098
d 18 13 15 17 7 6 11 18 15 6 17 11 16 
Beneficio: 2612
d 6 15 18 11 17 7 18 13 8 10 4 
Beneficio: -263
d 6 15 18 17 13 11 18 7 6 17 11 14 16 5 
Beneficio: -89
d 6 15 18 7 17 11 18 13 17 7 
Beneficio: -3507
d 6 15 17 11 18 6 7 17 d 15 13 11 14 16 
Beneficio: 2140
d 6 15 17 18 11 13 17 6 7 18 8 3 10 4 
Beneficio: -1994
d 6 15 18 17 7 11 18 6 11 13 
Beneficio: -2225
d 6 15 7 17 11 18 15 17 d 7 6 11 14 5 16 
Beneficio: -3514
d 6 15 7 17 13 11 18 d 17 6 7 11 14 16 5 20 
Beneficio: -2773
d 6 15 13 11 18 d 15 17 11 16 5 14 
Beneficio: -3562
d 6 15 7 17 11 18 7 17 6 11 14 16 5 
Beneficio: -3053
d 6 15 7 11 18 15 7 17 6 11 16 
Beneficio: -3783
d 6 15 11 18 15 d 7 17 11 8 10 
Beneficio: -3428
d 6 7 17 11 18 d 7 11 13 17 6 5 14 
Beneficio: 1919
d 6 7 17 15 13 11 18 6 17 11 8 10 4 9 
Beneficio: 2769
d 6 7 17 18 15 13 11 18 7 15 17 13 8 3 10 4 
Beneficio: -4033
d 6 7 17 11 18 15 7 d 17 6 11 8 10 
Beneficio: -3453
d 6 7 17 15 11 18 7 d 15 17 11 14 5 20 
Beneficio: -3342
d 6 7 17 18 11 17 15 7 18 13 8 
Beneficio: -1345
d 6 7 15 17 11 18 d 17 6 15 11 16 14 
Beneficio: -3518
d 6 7 15 13 11 18 7 d 17 6 11 14 5 16 
Beneficio: -4088
d 6 7 15 18 17 11 18 17 7 6 15 13 11 8 
Beneficio: -3767
d 6 7 15 13 11 18 17 11 16 14 5 20 
Beneficio: -3921
d 6 7 18 15 17 13 11 18 d 7 15 6 17 11 8 3 
Beneficio: 4823
d 6 7 18 11 17 7 15 18 8 3 10 4 9 19 
Beneficio: -3555
d 6 7 18 17 11 18 d 7 15 6 17 11 16 14 
Beneficio: -3400
d 6 17 11 18 15 d 17 7 6 11 16 14 
Beneficio: -1485
d 6 17 7 15 18 11 17 15 6 5 20 
Beneficio: -1616
d 6 17 7 18 11 17 d 7 6 18 
Beneficio: -1751
d 6 17 15 18 11 6 7 18 15 13 8 
Beneficio: -3062
d 6 17 15 11 18 15 d 6 17 13 8 3 
Beneficio: -3538
d 6 17 13 15 11 18 7 6 17 11 13 8 10 
Beneficio: -3786
d 6 17 7 18 11 6 18 17 13 8 10 
Beneficio: 2192
d 6 17 18 15 13 11 18 15 7 17 11 8 3 10 4 
Beneficio: 2147
d 6 17 18 11 17 15 6 18 8 3 10 4 12 
Beneficio: 5266
d 6 17 11 18 6 15 7 17 13 8 3 10 4 9 19 
Beneficio: -2475
d 6 17 7 15 18 11 17 7 15 18 8 10 
Beneficio: -77
d 6 17 15 18 11 13 15 6 d 17 7 
Beneficio: 2260
d 6 17 15 11 18 d 15 7 6 17 11 13 8 10 4 
Beneficio: 2069
d 6 17 7 15 18 11 13 17 7 6 15 d 18 8 3 10 4 9 
Beneficio: 2172
d 6 17 18 15 11 18 d 7 17 15 6 11 13 8 3 10 4 
Beneficio: -4175
d 6 17 18 15 13 11 18 7 17 11 16 5 
Beneficio: -3118
d 6 7 17 15 13 11 18 7 d 15 6 11 14 16 
Beneficio: -4042
d 6 7 17 11 18 15 7 11 13 8 3 
Beneficio: -3438
d 6 7 17 18 15 13 11 18 7 6 15 17 11 16 5 14 
Beneficio: -4167
d 6 7 15 18 11 15 d 6 7 17 18 8 3 
Beneficio: -4125
d 6 7 15 17 11 18 17 15 11 14 16 
Beneficio: -4290
d 6 7 18 15 13 11 18 d 7 17 6 11 14 16 5 
Beneficio: -2938
d 6 7 11 18 d 7 6 17 11 16 14 
Beneficio: -3611
d 6 18 15 7 17 11 18 15 7 6 17 13 11 8 
Beneficio: -1366
d 6 18 15 11 18 15 6 7 17 11 
Beneficio: -4295
d 6 18 15 17 11 18 7 6 15 11 14 5 20 
Beneficio: -3561
d 6 18 7 17 11 18 15 6 d 7 11 16 14 
Beneficio: -4066
d 6 18 7 17 13 11 18 d 17 6 15 11 14 16 5 20 
Beneficio: -3329
d 6 11 18 7 17 15 6 11 8 
Beneficio: -4035
d 6 11 7 18 11 7 17 18 15 
Beneficio: -3422
d 6 15 18 17 11 18 6 17 11 16 14 
Beneficio: -2387
d 6 15 17 7 11 18 15 17 13 11 14 
Beneficio: -3620
d 6 18 15 11 18 d 7 6 17 11 16 5 
Beneficio: -3344
d 6 18 7 17 15 13 11 18 15 6 7 11 
Beneficio: -3863
d 15 6 7 17 11 18 d 6 17 15 13 8 10 
Beneficio: 2606
d 15 6 7 17 18 11 7 15 18 8 10 4 9 
Beneficio: 2300
d 15 6 17 11 18 15 17 13 11 8 10 4 12 
Beneficio: -1633
d 15 6 17 13 11 8 18 11 14 16 5 
Beneficio: -2372
d 15 6 17 11 18 17 15 d 7 6 11 14 16 5 
Beneficio: -3766
d 15 6 17 11 18 7 15 17 13 11 14 16 5 20 
Beneficio: -1515
d 15 6 7 18 11 17 6 7 d 15 18 13 
Beneficio: -3299
d 15 6 18 17 13 11 18 15 17 7 6 11 14 5 16 
Beneficio: -3959
d 15 6 18 17 11 18 15 17 6 11 16 
Beneficio: -3744
d 15 18 17 6 11 18 d 6 17 11 14 5 16 
Beneficio: -3645
d 15 18 17 7 6 11 18 13 11 14 16 5 
Beneficio: 2189
d 15 18 6 17 11 18 17 13 8 3 10 4 9 12 
Beneficio: -3644
d 15 18 7 6 11 18 17 15 11 13 
Beneficio: -2232
d 15 18 17 11 18 6 7 d 17 15 11 14 
Beneficio: -2866
d 15 18 7 17 13 11 18 6 17 15 7 11 16 14 
Beneficio: -656
d 15 18 6 7 17 13 11 18 17 15 6 
Beneficio: -2097
d 15 17 6 11 18 17 6 7 15 11 16 14 
Beneficio: 3182
d 15 17 7 6 18 11 17 6 15 18 8 3 10 4 9 12 
Beneficio: -756
d 15 17 6 7 18 11 17 7 18 15 
Beneficio: -4123
d 15 17 7 6 11 18 15 13 17 11 16 
Beneficio: -3049
d 15 18 11 17 6 18 d 15 13 8 10 
Beneficio: -2979
d 15 18 17 13 11 18 6 15 7 17 11 14 5 
Beneficio: -3784
d 15 18 6 7 17 11 18 7 6 17 15 13 8 3 
Beneficio: 2313
d 15 18 17 7 11 18 8 10 4 9 2 
Beneficio: -3258
d 15 18 6 7 17 11 18 d 15 7 17 13 11 14 16 
Beneficio: -3663
d 15 7 6 17 11 18 7 17 13 11 14 16 5 20 
Beneficio: -3761
d 15 7 17 6 11 18 6 7 15 13 11 16 14 
Beneficio: 2181
d 15 7 17 11 18 17 6 15 11 13 8 10 4 
Beneficio: -3724
d 15 7 6 17 11 18 17 6 15 7 11 16 14 
Beneficio: -3903
d 15 7 18 17 11 18 15 6 7 17 11 14 16 5 
Beneficio: -3936
d 15 13 11 18 17 7 d 6 5 16 14 
Beneficio: -3195
d 15 13 17 7 11 18 15 7 d 6 17 11 14 16 5 20 
Beneficio: -1671
d 15 7 6 17 13 11 18 15 17 11 8 3 
Beneficio: -3677
d 15 7 17 6 11 18 15 6 7 17 11 13 8 10 3 
Beneficio: -1998
d 15 7 17 11 18 17 6 7 d 15 13 11 14 16 
Beneficio: -3057
d 15 7 6 11 18 d 7 6 15 17 11 14 5 20 
Beneficio: 2099
d 15 17 6 11 18 d 6 7 17 11 13 8 3 10 4 
Beneficio: -3436
d 15 17 6 11 18 d 17 6 15 11 14 16 5 
Beneficio: -930
d 15 11 18 d 15 6 7 17 11 13 8 
Beneficio: -3630
d 15 6 7 17 11 18 17 6 11 14 16 5 
Beneficio: -3049
d 15 6 7 17 11 18 17 13 11 16 5 
Beneficio: -3541
d 17 6 15 18 13 11 18 d 7 17 6 11 14 16 
Beneficio: -3118
d 17 6 15 11 18 6 7 15 17 11 13 8 10 
Beneficio: 2007
d 17 6 7 18 11 15 d 6 18 8 10 4 
Beneficio: 2149
d 17 6 7 18 11 6 17 7 15 13 8 3 10 4 
Beneficio: -2771
d 17 6 11 18 d 15 6 7 17 13 8 
Beneficio: 2513
d 17 11 18 15 6 17 11 8 3 10 4 
Beneficio: -3020
d 17 11 13 15 7 6 18 11 6 17 13 18 
Beneficio: -3373
d 17 7 6 15 18 13 11 18 7 15 17 11 16 14 5 
Beneficio: -3579
d 17 7 6 15 18 11 13 15 d 6 18 8 
Beneficio: -3440
d 17 7 6 18 11 6 15 17 13 
Beneficio: -2903
d 17 7 15 6 11 18 15 d 7 6 17 13 11 16 14 5 
Beneficio: -3266
d 17 7 18 11 13 15 6 7 18 8 10 3 
Beneficio: 2288
d 17 6 15 18 11 13 15 7 d 17 18 8 3 10 4 
Beneficio: 2668
d 17 6 7 15 11 18 15 6 d 7 17 11 13 8 10 4 
Beneficio: -3667
d 17 6 7 15 13 11 18 d 7 17 11 14 16 5 
Beneficio: -2896
d 17 6 11 7 18 11 13 17 6 18 
Beneficio: -3276
d 17 15 6 11 18 d 7 6 17 11 14 5 16 
Beneficio: -3710
d 17 15 18 11 6 7 d 15 18 8 13 
Beneficio: -90
d 17 15 7 6 18 11 13 17 6 7 
Beneficio: -465
d 17 13 11 18 17 15 7 11 
Beneficio: -2463
d 17 13 15 11 18 6 7 17 11 14 16 5 20 
Beneficio: -2542
d 17 7 6 11 18 17 15 11 13 8 
Beneficio: -3135
d 17 7 15 18 11 17 6 7 d 15 13 
Beneficio: -2196
d 17 7 18 15 11 18 15 17 13 8 
Beneficio: -3537
d 17 18 15 6 11 18 15 17 6 7 11 14 16 5 
Beneficio: -3004
d 17 18 6 15 13 11 18 7 d 17 15 11 14 16 
Beneficio: -3366
d 17 15 6 11 18 15 d 7 6 17 11 8 13 
Beneficio: -1907
d 17 15 11 18 d 7 6 15 13 11 14 16 
Beneficio: -3255
d 17 11 18 15 7 11 14 5 20 
Beneficio: -3538
d 17 6 15 13 11 18 15 17 7 d 6 11 16 5 20 
Beneficio: -4247
d 17 6 7 15 11 18 d 6 7 17 15 13 11 16 14 5 
Beneficio: -3095
d 17 6 7 11 15 18 11 16 14 
Beneficio: -3923
d 17 6 18 15 11 18 d 17 15 13 8 
Beneficio: -3131
d 17 6 18 15 13 11 18 d 15 6 17 11 14 16 5 20 
Beneficio: -1463
d 17 11 18 7 d 15 6 11 16 14 
Beneficio: 5374
d 17 7 6 15 18 11 17 13 8 10 4 12 2 9 19 
Beneficio: 3794
d 17 7 6 11 18 15 d 6 17 11 13 8 10 4 
Beneficio: -3402
d 17 7 6 18 15 11 18 d 7 6 17 15 13 11 14 16 
Beneficio: -3560
d 17 7 15 11 18 15 d 7 6 11 16 14 
Beneficio: -856
d 17 7 18 15 6 11 18 d 7 17 11 14 
Beneficio: -3845
d 17 6 15 18 11 7 15 d 18 17 13 8 3 
Beneficio: -255
d 17 6 7 15 18 11 17 d 15 6 18 
Beneficio: -3837
d 17 6 7 15 13 11 18 6 7 17 13 8 3 
Beneficio: -2937
d 17 6 11 18 d 7 17 6 15 13 8 3 
Beneficio: -2642
d 17 15 6 11 18 15 7 d 6 17 11 14 
Beneficio: -1888
d 17 15 18 11 6 d 7 17 13 15 18 
Beneficio: -4050
d 17 15 7 6 11 18 15 7 6 17 13 11 14 
Beneficio: -4151
d 17 13 11 18 7 15 11 16 14 5 20 
Beneficio: -3692
d 17 13 8 18 11 6 15 7 
Beneficio: -2849
d 17 7 6 11 18 7 6 17 13 11 8 
Beneficio: 57
d 17 7 15 18 11 17 6 7 d 15 18 
Beneficio: -1328
d 17 7 18 11 15 d 6 7 17 13 
Beneficio: -3755
d 17 18 15 7 6 11 18 6 17 15 13 11 14 16 5 20 
Beneficio: -2962
d 17 18 6 11 18 15 13 17 6 7 11 14 
Beneficio: -3330
d 17 15 18 11 13 15 17 7 6 18 8 10 
Beneficio: -3086
d 17 18 15 6 7 11 18 6 17 7 15 13 11 16 14 
Beneficio: 2325
d 6 15 18 11 13 17 d 7 15 18 8 10 4 9 2 
Beneficio: -3143
d 6 15 18 17 11 18 6 7 15 17 13 11 14 16 5 
Beneficio: -1211
d 6 15 17 7 11 18 15 7 6 17 11 14 16 5 
Beneficio: -3863
d 6 15 18 17 11 18 6 17 15 7 11 13 8 3 
Beneficio: -3305
d 6 15 7 17 13 11 18 6 17 11 15 13 8 3 
Beneficio: -3780
d 6 15 13 11 18 6 17 15 7 11 14 16 5 20 
Beneficio: -3110
d 6 15 7 17 13 11 18 d 7 15 11 8 
Beneficio: -1485
d 6 15 11 18 17 7 d 15 6 11 13 
Beneficio: -4069
d 6 7 17 15 18 11 17 6 18 7 d 15 13 8 3 10 
Beneficio: -3472
d 6 7 17 15 18 11 17 7 d 15 13 8 3 10 
Beneficio: -3623
d 6 7 17 15 11 18 15 6 7 d 17 13 11 8 
Beneficio: -3275
d 6 7 15 18 17 11 18 7 d 15 13 8 3 
Beneficio: -1223
d 6 7 15 13 17 11 18 7 17 6 15 
Beneficio: -1903
d 6 7 15 18 11 6 15 d 17 7 18 
Beneficio: -1975
d 6 7 18 15 13 11 18 7 6 11 
Beneficio: -3474
d 6 7 11 18 15 6 7 d 17 11 14 5 
Beneficio: -3843
d 6 17 11 18 6 d 7 17 13 11 16 14 
Beneficio: 116
d 6 17 7 18 11 17 d 7 15 
Beneficio: -4303
d 6 17 15 7 11 18 15 7 6 17 11 8 3 10 
Beneficio: -3668
d 6 17 7 15 11 18 17 15 d 7 6 11 14 16 
Beneficio: -3063
d 6 17 18 15 11 18 15 d 7 11 16 5 
Beneficio: -685
d 6 17 11 18 15 d 7 6 11 16 5 
Beneficio: 18
d 6 17 7 18 11 17 6 15 d 7 18 
Beneficio: -4032
d 6 17 15 11 18 7 17 15 6 11 16 14 
Beneficio: -741
d 6 17 18 11 17 7 18 15 d 6 
Beneficio: 2353
d 6 7 17 11 18 15 6 17 13 8 3 10 4 12 
Beneficio: -8743
d 6 7 17 15 11 16 14 5 
Beneficio: -4158
d 6 7 15 18 17 13 11 18 17 7 15 11 16 
Beneficio: -3578
d 6 7 15 18 13 17 11 18 7 11 13 
Beneficio: -3955
d 6 7 11 18 d 17 6 7 15 13 11 14 16 
Beneficio: -3013
d 6 18 15 7 17 11 18 d 17 6 7 11 13 
Beneficio: -4095
d 6 18 17 11 18 d 15 17 7 11 14 5 20 
Beneficio: -3044
d 6 18 7 17 15 13 11 18 15 6 17 7 11 14 
Beneficio: -2254
d 6 11 13 17 7 15 18 11 15 6 7 18 
Beneficio: -2775
d 6 15 7 17 11 18 15 11 14 16 5 20 
Beneficio: 2126
d 6 18 15 17 11 18 15 7 6 17 13 8 10 4 
Beneficio: -4097
d 18 11 17 15 6 d 18 8 3 
Beneficio: -3773
d 18 15 6 7 11 18 6 7 17 15 13 8 
Beneficio: -3407
d 18 15 6 7 17 13 11 18 6 7 11 14 
Beneficio: -3920
d 18 15 17 6 11 18 13 15 17 11 16 5 
Beneficio: -3619
d 18 15 7 17 11 18 d 7 6 17 15 11 14 16 5 
Beneficio: 2193
d 18 15 7 17 11 18 17 6 7 15 11 13 8 10 4 
Beneficio: -2327
d 18 15 11 18 d 7 15 6 17 13 11 14 16 
Beneficio: -1625
d 18 15 6 17 13 11 18 d 7 17 11 16 14 
Beneficio: -3797
d 18 15 17 6 11 18 6 15 11 16 5 
Beneficio: -3637
d 18 15 13 17 7 6 11 18 17 6 15 7 11 14 
Beneficio: -4050
d 18 15 6 17 13 11 18 15 17 7 6 11 14 16 5 20 
Beneficio: -3547
d 18 17 7 6 15 13 11 18 6 7 d 15 17 11 16 5 
Beneficio: -3549
d 18 17 15 7 11 18 15 7 17 13 11 14 16 5 
Beneficio: 2713
d 18 6 15 17 11 18 15 17 6 11 13 8 3 10 4 
Beneficio: -3914
d 18 6 7 17 15 13 11 18 15 7 6 11 14 16 
Beneficio: -3991
d 18 6 17 15 13 11 18 15 6 17 11 8 3 10 
Beneficio: -1668
d 18 6 7 17 15 13 11 18 15 7 17 6 
Beneficio: -3347
d 18 7 6 17 11 18 7 17 15 6 11 
Beneficio: -3564
d 18 7 17 15 11 18 17 13 11 16 14 
Beneficio: -3156
d 18 7 11 18 17 7 6 15 13 11 14 16 5 
Beneficio: -2987
d 18 17 15 6 11 18 17 6 11 13 
Beneficio: -4079
d 18 7 6 17 15 13 11 18 15 d 7 17 11 16 14 
Beneficio: -3533
d 18 7 6 17 11 18 15 d 7 11 14 5 
Beneficio: -8328
d 18 8 11 6 17 7 
Beneficio: -2840
d 18 6 17 11 18 15 d 7 17 6 11 
Beneficio: -2247
d 18 13 15 17 11 18 7 17 13 11 14 16 
Mejor solucion encontrada!
Beneficio: 4253
d 7 6 17 11 18 15 d 
Time taken: 2994.01s
