Evaluando ./Instances\RANDOM\R5NoRPP
Solucion inicial: ./Instances\RANDOM\R5NoRPP-salida.txt

Beneficio: 261
d 14 16 6 22 9 30 10 26 4 3 24 6 22 30 5 7 29 21 25 20 18 25 21 20 28 23 13 2 23 12 13 
Beneficio: -1542
d 14 16 6 22 9 30 10 26 4 3 24 6 22 30 5 7 29 8 25 21 20 28 23 2 13 12 2 
Beneficio: -7443
d 14 16 6 22 9 30 10 26 4 3 24 6 22 30 5 7 29 8 21 18 20 21 15 25 18 
Beneficio: 257
d 14 16 6 22 9 30 10 26 4 3 24 6 22 30 5 7 29 8 15 21 20 25 18 20 28 2 12 13 2 23 
Beneficio: -3680
d 14 16 6 22 9 30 10 26 4 3 24 6 22 30 5 7 29 21 8 25 20 28 2 23 13 2 
Beneficio: 812
d 14 16 6 22 9 30 10 26 4 3 24 22 30 5 7 29 19 21 18 20 25 21 20 28 23 12 13 2 28 
Beneficio: -2579
d 14 16 6 22 9 30 10 26 4 3 24 22 30 5 7 29 21 8 25 20 28 2 13 12 23 2 
Beneficio: -537
d 14 16 6 22 9 30 10 26 4 3 24 22 30 5 7 29 21 15 25 20 21 18 15 
Beneficio: -2474
d 14 16 6 22 9 30 10 26 4 3 24 22 30 5 7 29 19 21 15 18 20 25 18 20 21 29 8 
Beneficio: -2623
d 14 16 6 22 9 30 10 26 4 3 24 22 30 5 7 29 21 18 20 21 15 25 20 25 18 
Beneficio: -8686
d 14 16 6 22 9 30 10 26 4 3 24 22 30 5 7 29 19 21 25 20 18 15 8 
Beneficio: -2103
d 14 16 6 22 9 30 10 26 4 3 24 30 5 7 29 21 20 25 21 19 24 6 9 10 16 22 
Beneficio: 339
d 14 16 6 22 9 30 10 26 4 3 24 30 5 7 29 21 18 20 21 15 25 20 28 2 12 13 2 23 12 
Beneficio: 40
d 14 16 6 22 9 30 10 26 4 3 24 30 5 7 29 8 15 25 21 20 25 18 20 28 23 13 2 
Beneficio: -4490
d 14 16 6 22 9 30 10 26 4 3 24 30 5 7 19 29 21 20 18 25 20 28 2 23 
Beneficio: -1437
d 14 16 6 22 9 30 10 26 4 3 24 30 5 7 29 21 20 25 8 29 19 24 22 
Beneficio: 406
d 14 16 6 22 9 30 10 26 4 3 24 30 5 7 29 19 21 25 18 20 25 21 20 28 2 13 
Beneficio: -6287
d 14 16 6 22 9 30 10 26 4 3 24 30 5 7 29 8 15 21 20 18 25 20 
Beneficio: -2298
d 14 16 6 22 9 30 10 26 4 3 24 5 7 29 19 21 15 18 20 21 25 20 28 2 12 13 
Beneficio: -2597
d 14 16 6 22 9 30 10 26 4 3 24 5 7 29 21 25 20 21 19 24 22 9 6 30 26 
Beneficio: -7702
d 14 16 6 22 9 30 10 26 4 3 24 5 7 29 8 25 18 20 28 2 12 13 23 
Beneficio: -5174
d 14 16 6 22 9 30 10 26 4 3 24 5 7 19 29 8 15 25 21 20 28 2 13 12 2 
Beneficio: -6452
d 14 16 6 22 9 30 10 26 4 3 24 5 7 29 19 21 15 25 20 28 23 2 12 13 
Beneficio: -2112
d 14 16 6 22 9 30 10 26 4 3 24 5 7 29 19 21 20 18 25 20 28 23 12 
Beneficio: -2544
d 14 16 6 22 9 30 10 26 4 3 24 5 7 29 21 20 25 21 19 24 26 6 22 10 17 
Beneficio: -2206
d 14 16 6 22 9 30 10 26 4 3 24 5 7 29 8 15 25 20 21 19 24 22 6 9 16 10 
Beneficio: -2351
d 14 16 6 22 9 30 10 26 4 3 24 5 7 19 21 20 25 21 29 7 5 30 6 10 
Beneficio: -7308
d 14 16 6 22 9 30 10 26 4 3 24 5 7 29 21 25 18 20 28 2 23 13 12 
Beneficio: -2254
d 14 16 6 22 9 30 10 26 4 3 24 19 29 7 19 21 25 18 20 21 15 25 20 28 23 12 
Beneficio: -1556
d 14 16 6 22 9 30 10 26 4 3 24 19 29 21 20 25 8 29 7 5 30 22 9 16 24 26 
Beneficio: -9292
d 14 16 6 22 9 30 10 26 4 3 24 19 29 21 25 18 20 25 20 28 2 23 13 12 
Beneficio: -4810
d 14 16 6 22 9 30 10 26 4 3 24 19 29 21 18 20 21 19 7 29 7 5 
Beneficio: -1219
d 14 16 6 22 9 30 10 26 4 3 24 19 29 8 15 25 20 21 29 7 19 21 15 8 
Beneficio: -1316
d 14 16 6 22 9 30 10 26 4 3 24 19 29 8 15 25 20 21 25 18 20 28 2 13 12 
Beneficio: -2536
d 14 16 6 22 9 30 10 26 4 3 24 19 21 20 25 21 29 7 5 30 14 24 6 22 10 
Beneficio: -9084
d 14 16 6 22 9 30 10 26 4 3 24 19 21 29 8 15 25 18 20 28 2 12 13 2 
Beneficio: -1605
d 14 16 6 22 9 30 10 26 4 3 24 19 21 25 20 21 29 7 5 24 6 9 22 30 
Beneficio: -1362
d 14 16 6 22 9 30 10 26 4 3 24 19 21 18 25 20 21 29 7 5 16 9 10 
Beneficio: -6637
d 14 16 6 22 9 30 10 26 4 3 24 19 7 29 19 21 25 18 20 25 21 8 15 
Beneficio: -2195
d 14 16 6 22 9 30 10 26 4 3 24 19 7 29 8 21 25 18 20 25 20 21 15 8 
Beneficio: -1684
d 14 16 6 22 9 30 10 26 4 3 24 19 7 29 19 21 25 20 18 25 21 20 28 2 23 
Beneficio: -1983
d 14 16 6 22 9 30 10 26 4 3 24 19 21 25 20 21 29 7 5 30 24 6 22 10 
Beneficio: -1649
d 14 16 6 22 9 30 10 26 4 3 24 19 29 21 20 25 21 8 29 7 5 30 22 6 9 
Beneficio: -4342
d 14 16 6 22 9 30 10 26 4 3 24 19 29 21 18 25 20 21 15 18 20 25 8 
Beneficio: -2204
d 14 16 6 22 9 30 10 26 4 3 24 19 29 8 15 25 20 21 25 18 20 28 2 13 12 2 
Beneficio: -1948
d 14 16 6 22 9 30 10 26 4 3 24 19 21 20 25 21 29 7 5 30 16 22 24 26 6 9 
Beneficio: -1437
d 14 16 6 22 9 30 10 26 4 3 24 19 21 15 25 20 21 8 25 18 20 28 2 13 
Beneficio: -8499
d 14 16 6 22 9 30 10 26 4 3 24 19 21 25 18 20 28 2 13 2 23 12 
Beneficio: -2332
d 14 16 6 22 9 30 10 26 4 3 24 19 7 29 21 25 20 28 2 12 13 2 23 12 13 
Beneficio: -9225
d 14 16 6 22 9 30 10 26 4 3 24 19 29 21 25 20 18 25 21 8 15 
Beneficio: -3672
d 14 16 6 22 9 30 10 26 4 3 24 5 7 29 21 18 20 21 25 20 18 25 15 8 
Beneficio: -10420
d 14 16 6 22 9 30 10 26 4 3 24 19 21 25 18 20 28 2 13 12 23 2 
Beneficio: -6393
d 14 16 6 22 9 30 10 26 4 3 24 5 7 29 19 21 25 18 20 28 23 12 13 2 
Beneficio: -2530
d 14 16 6 22 9 30 10 26 4 3 24 5 7 29 21 18 20 21 15 18 20 25 8 
Beneficio: -2235
d 14 16 6 22 9 30 10 26 4 3 24 5 7 19 21 20 18 25 20 18 25 21 29 7 
Beneficio: -2199
d 14 16 6 22 9 30 10 26 4 3 24 5 7 29 8 25 21 20 18 25 20 18 21 29 19 
Beneficio: -1053
d 14 16 6 22 9 30 10 26 4 3 24 5 7 29 21 25 20 21 25 18 20 28 23 13 
Beneficio: -7698
d 14 16 6 22 9 30 10 26 4 3 24 5 7 19 29 8 15 25 21 20 18 21 25 
Beneficio: -7813
d 14 16 6 22 9 30 10 26 4 3 24 5 7 29 21 15 18 25 
Beneficio: -1317
d 14 16 6 22 9 30 10 26 4 3 24 19 29 21 20 25 18 20 28 23 2 13 12 2 
Beneficio: -5229
d 14 16 6 22 9 30 10 26 4 3 24 19 29 21 18 20 21 8 15 25 18 20 28 2 13 
Beneficio: -2533
d 14 16 6 22 9 30 10 26 4 3 24 19 29 8 25 20 21 15 25 18 20 28 2 12 13 2 
Beneficio: -1827
d 14 16 6 22 9 30 10 26 4 3 24 19 21 20 25 21 29 7 5 24 26 6 9 10 
Beneficio: -9011
d 14 16 6 22 9 30 10 26 4 3 24 19 21 15 25 18 20 28 2 12 13 2 12 23 
Beneficio: -4987
d 14 16 6 22 9 30 10 26 4 3 24 19 21 18 20 21 25 20 28 23 13 2 
Beneficio: -4096
d 14 16 6 22 9 30 10 26 4 3 24 19 7 29 8 15 25 21 18 20 21 15 25 
Beneficio: 206
d 14 16 6 22 9 30 10 26 4 3 24 19 7 29 21 25 18 20 21 18 25 20 28 2 13 12 
Beneficio: -2253
d 14 16 6 22 9 30 10 26 4 3 24 19 29 7 29 21 20 18 25 20 25 8 
Beneficio: -2084
d 14 16 6 22 9 30 10 26 4 3 24 19 29 21 18 20 21 15 25 20 28 2 12 13 2 23 
Beneficio: -1395
d 14 16 6 22 9 30 10 26 4 3 24 19 21 20 25 18 21 29 7 5 24 26 
Beneficio: -2532
d 14 16 6 22 9 30 10 26 4 3 24 19 21 25 18 20 21 15 8 25 20 28 23 12 13 2 23 
Beneficio: -1971
d 14 16 6 22 9 30 10 26 4 3 24 19 7 29 8 15 18 25 21 20 18 25 20 
Beneficio: -1639
d 14 16 6 22 9 30 10 26 4 3 24 19 21 25 20 21 29 7 5 30 6 9 22 
Beneficio: -6836
d 14 16 6 22 9 30 10 26 4 3 24 19 29 7 19 21 20 18 25 21 15 8 
Beneficio: -6304
d 14 16 6 22 9 30 10 26 3 24 30 5 7 29 21 15 25 18 20 28 23 12 2 13 
Beneficio: -952
d 14 16 6 22 9 30 10 26 3 24 30 5 7 29 8 15 25 21 20 25 8 21 
Beneficio: -6906
d 14 16 6 22 9 30 10 26 3 24 30 5 7 29 21 15 8 25 18 20 21 15 25 
Beneficio: -6718
d 14 16 6 22 9 30 10 26 3 24 30 5 7 29 8 15 25 20 28 23 2 12 
Beneficio: 443
d 14 16 6 22 9 30 10 26 3 24 30 5 7 29 8 25 18 20 21 25 20 28 2 13 12 2 
Beneficio: -2438
d 14 16 6 22 9 30 10 26 3 24 5 7 29 21 20 25 21 19 24 22 10 6 26 4 3 
Beneficio: -2099
d 14 16 6 22 9 30 10 26 3 24 5 7 29 8 15 18 21 20 25 21 29 19 7 
Beneficio: -4967
d 14 16 6 22 9 30 10 26 3 24 5 7 29 21 15 25 20 21 20 28 
Beneficio: -506
d 14 16 6 22 9 30 10 26 3 24 5 7 29 8 21 20 25 8 15 
Beneficio: 23
d 14 16 6 22 9 30 10 26 3 24 5 7 29 21 15 25 20 21 18 20 28 2 13 12 2 23 28 
Beneficio: -3547
d 14 16 6 22 9 30 10 26 3 24 5 7 29 19 21 25 20 28 2 13 12 2 
Beneficio: -3821
d 14 16 6 22 9 30 10 26 3 24 5 7 29 21 8 25 20 28 2 23 12 13 2 
Beneficio: -3531
d 14 16 6 22 9 30 10 26 3 24 19 29 7 29 8 21 15 25 18 20 21 
Beneficio: -8464
d 14 16 6 22 9 30 10 26 3 24 19 29 21 25 18 20 28 23 2 12 13 2 23 12 
Beneficio: -6681
d 14 16 6 22 9 30 10 26 3 24 19 29 8 15 25 20 28 23 12 2 13 12 
Beneficio: -5018
d 14 16 6 22 9 30 10 26 3 24 19 29 8 25 21 20 25 18 20 28 2 12 
Beneficio: -2414
d 14 16 6 22 9 30 10 26 3 24 19 21 20 25 15 21 29 7 5 30 22 24 26 4 3 
Beneficio: -9277
d 14 16 6 22 9 30 10 26 3 24 19 21 15 18 20 28 2 23 12 13 2 12 13 23 
Beneficio: -7891
d 14 16 6 22 9 30 10 26 3 24 19 21 18 25 20 28 23 2 13 12 
Beneficio: -4323
d 14 16 6 22 9 30 10 26 3 24 19 7 29 21 18 25 20 18 15 
Beneficio: -1904
d 14 16 6 22 9 30 10 26 3 24 19 7 29 19 21 20 25 18 15 8 21 
Beneficio: -6570
d 14 16 6 22 9 30 10 26 3 24 19 29 7 19 21 15 18 20 28 2 13 12 2 
Beneficio: -2379
d 14 16 6 22 9 30 10 26 3 24 19 29 21 25 20 21 15 8 29 7 5 30 22 24 6 10 
Beneficio: -6282
d 14 16 6 22 9 30 10 26 3 24 19 29 8 15 21 20 18 15 21 25 
Beneficio: -3947
d 14 16 6 22 9 30 10 26 3 24 19 21 20 18 21 8 
Beneficio: -1864
d 14 16 6 22 9 30 10 26 3 24 19 21 18 25 20 21 29 7 5 30 6 26 4 3 
Beneficio: -4000
d 14 16 6 22 9 30 10 26 3 24 19 29 7 29 21 25 18 20 21 15 18 
Beneficio: -5796
d 14 16 6 22 9 30 10 26 3 24 5 7 29 21 25 18 20 21 8 15 25 
Beneficio: -4635
d 14 16 6 22 9 30 10 26 3 24 19 29 21 25 20 21 18 20 28 2 13 12 23 28 
Beneficio: -5283
d 14 16 6 22 9 30 10 26 24 3 4 26 24 19 21 29 8 25 20 21 15 8 29 
Beneficio: -1500
d 14 16 6 22 9 30 10 26 24 5 7 29 21 20 25 21 19 24 3 4 26 24 6 10 17 
Beneficio: -5568
d 14 16 6 22 9 30 10 26 24 5 7 29 8 21 18 25 20 28 23 12 13 2 28 
Beneficio: -11442
d 14 16 6 22 9 30 10 26 24 5 7 19 21 29 8 15 25 20 18 
Beneficio: -3805
d 14 16 6 22 9 30 10 26 24 5 7 19 29 7 29 21 25 20 18 25 21 20 
Beneficio: -2147
d 14 16 6 22 9 30 10 26 24 5 7 29 8 15 18 25 20 21 29 19 24 3 26 
Beneficio: -4331
d 14 16 6 22 9 30 10 26 24 5 7 29 19 21 20 18 25 20 28 2 12 13 
Beneficio: -4451
d 14 16 6 22 9 30 10 26 24 19 29 7 29 21 25 18 20 21 15 8 25 20 28 2 
Beneficio: -4853
d 14 16 6 22 9 30 10 26 24 19 29 21 25 20 21 15 25 18 20 28 2 23 13 2 12 13 
Beneficio: -3931
d 14 16 6 22 9 30 10 26 24 19 29 8 25 15 21 20 18 25 20 28 2 23 12 13 2 
Beneficio: -4024
d 14 16 6 22 9 30 10 26 24 19 21 20 25 21 29 7 5 30 16 22 6 24 3 4 
Beneficio: -4610
d 14 16 6 22 9 30 10 26 24 19 21 25 20 21 18 25 20 28 2 12 13 2 28 
Beneficio: -4488
d 14 16 6 22 9 30 10 26 24 19 7 29 19 21 20 25 18 20 28 2 23 
Beneficio: -6059
d 14 16 6 22 9 30 10 26 24 19 29 21 18 20 25 21 20 25 8 15 
Beneficio: -3975
d 14 16 6 22 9 30 10 26 24 19 21 8 15 25 20 21 25 8 29 7 
Beneficio: -4264
d 14 16 6 22 9 30 10 26 24 19 29 21 18 25 20 21 15 18 20 28 23 2 13 12 
Beneficio: -3888
d 14 16 6 22 9 30 10 26 24 19 29 21 20 25 18 20 28 2 23 12 13 2 
Beneficio: -8446
d 14 16 6 22 9 30 10 26 24 19 21 25 20 28 23 13 12 2 13 2 
Beneficio: -9131
d 14 16 6 22 9 30 10 26 24 19 29 21 20 28 23 13 12 2 
Beneficio: -4058
d 14 16 6 22 9 30 10 26 3 24 5 7 29 19 21 18 25 20 28 2 13 12 2 
Beneficio: -910
d 14 16 6 22 9 30 10 26 3 24 5 7 29 8 15 25 20 21 15 25 8 
Beneficio: -1964
d 14 16 6 22 9 30 10 26 3 24 5 7 29 8 15 25 21 18 20 21 15 25 20 
Beneficio: -2235
d 14 16 6 22 9 30 10 26 3 24 5 7 29 21 18 15 25 20 21 8 29 19 
Beneficio: -2378
d 14 16 6 22 9 30 10 26 3 24 5 7 29 21 25 20 21 18 20 28 2 12 13 
Beneficio: -2070
d 14 16 6 22 9 30 10 26 3 24 19 29 21 20 25 8 29 7 5 30 22 26 4 3 
Beneficio: -2455
d 14 16 6 22 9 30 10 26 3 24 19 29 8 15 21 25 18 20 21 25 20 28 2 13 12 2 
Beneficio: -2510
d 14 16 6 22 9 30 10 26 3 24 19 21 20 25 18 20 28 2 23 13 2 13 
Beneficio: -2371
d 14 16 6 22 9 30 10 26 3 24 19 21 15 8 25 18 20 21 25 20 28 2 13 12 
Beneficio: -3474
d 14 16 6 22 9 30 10 26 3 24 19 21 18 25 20 21 15 25 
Beneficio: -4673
d 14 16 6 22 9 30 10 26 3 24 19 29 8 21 18 25 20 21 25 15 8 
Beneficio: -2494
d 14 16 6 22 9 30 10 26 3 24 19 29 21 20 25 21 15 8 29 7 5 24 6 9 10 
Beneficio: -9066
d 14 16 6 22 9 30 10 26 3 24 19 29 8 21 15 25 18 20 28 2 13 12 
Beneficio: -2133
d 14 16 6 22 9 30 10 26 3 24 19 21 25 20 21 29 7 5 30 14 16 22 10 11 
Beneficio: -6717
d 14 16 6 22 9 30 10 26 3 24 19 7 29 21 25 20 28 2 23 12 
Beneficio: -6727
d 14 16 6 22 9 30 10 26 3 24 19 29 21 20 25 15 8 21 29 
Beneficio: 967
d 14 16 6 22 9 30 10 26 4 3 24 5 7 29 21 25 20 21 18 20 28 2 13 12 23 2 
Beneficio: -2503
d 14 16 6 22 9 30 10 26 4 3 24 5 7 29 19 21 25 20 21 18 20 28 2 
Beneficio: -78
d 14 16 6 22 9 30 10 26 4 3 24 5 7 29 21 18 20 21 15 25 20 28 2 13 23 2 
Beneficio: -4249
d 14 16 6 22 9 30 10 26 4 3 24 5 7 19 21 15 8 25 18 20 21 25 20 
Beneficio: -2673
d 14 16 6 22 9 30 10 26 4 3 24 19 29 21 25 18 20 21 15 25 20 28 2 13 12 2 23 
Beneficio: -3036
d 14 16 6 22 9 30 10 26 4 3 24 19 21 20 25 18 20 28 2 12 13 23 
Beneficio: -2340
d 14 16 6 22 9 30 10 26 4 3 24 19 21 25 20 21 29 7 5 16 9 10 6 30 
Beneficio: -4559
d 14 16 6 22 9 30 10 26 4 3 24 19 29 21 15 25 18 20 21 25 20 28 2 23 
Beneficio: -4748
d 14 16 6 22 9 30 10 26 4 3 24 19 29 21 15 8 25 18 20 21 25 20 28 
Beneficio: -2498
d 14 16 6 22 9 30 10 26 4 3 24 19 21 20 25 21 29 7 5 30 6 10 26 3 
Beneficio: -2033
d 14 16 6 22 9 30 10 26 4 3 24 19 7 29 8 15 25 20 21 19 29 8 25 
Beneficio: -6418
d 14 16 6 22 9 30 10 26 4 3 24 19 21 15 25 18 20 21 29 7 19 
Beneficio: -4119
d 14 16 6 22 9 30 10 26 4 3 24 5 7 19 21 25 20 21 8 15 25 
Beneficio: -3620
d 14 16 6 22 9 30 10 26 4 3 24 5 7 29 7 19 21 18 20 21 
Beneficio: -2609
d 14 16 6 22 9 30 10 26 4 3 24 19 29 21 25 18 20 21 15 25 20 28 2 13 12 2 23 
Beneficio: -2163
d 14 16 6 22 9 30 10 26 4 3 24 19 21 15 8 25 20 21 29 7 5 24 30 6 10 
Beneficio: -5102
d 14 16 6 22 9 30 10 26 4 3 24 19 29 21 18 20 21 15 25 18 20 25 
Beneficio: -7817
d 14 16 6 22 9 30 10 26 4 3 24 19 29 8 15 25 20 21 15 18 
Beneficio: -11550
d 14 16 6 22 9 30 10 26 4 3 24 19 29 21 8 15 25 18 
Beneficio: -3154
d 14 16 6 22 9 30 10 26 24 5 7 29 21 20 28 2 12 13 2 13 12 
Beneficio: -1862
d 14 16 6 22 9 30 10 26 24 5 7 29 21 25 20 21 15 25 18 20 28 2 12 13 2 
Beneficio: -8437
d 14 16 6 22 9 30 10 26 24 19 21 25 18 20 21 25 15 8 
Beneficio: -8515
d 14 16 6 22 9 30 10 26 24 19 29 8 21 25 18 20 21 18 
Beneficio: -4394
d 14 16 6 22 9 30 10 26 4 3 24 5 7 29 19 21 20 25 21 18 
Beneficio: -8963
d 14 16 6 22 9 30 10 26 4 3 24 19 21 25 18 20 28 2 23 12 13 2 
Beneficio: -7679
d 14 16 6 22 9 30 10 26 4 3 24 19 21 15 18 20 21 8 15 
Beneficio: -7084
d 14 16 6 22 9 30 10 26 4 3 24 19 21 15 25 20 28 2 12 13 2 12 
Beneficio: -4045
d 14 16 6 22 9 30 10 26 3 24 5 7 29 19 21 25 20 28 23 12 13 2 
Beneficio: -5516
d 14 16 6 22 9 30 10 26 3 24 19 21 25 18 20 21 8 25 20 18 
Beneficio: -6562
d 14 16 6 22 9 30 10 26 24 5 7 29 8 21 15 25 18 20 21 25 
Beneficio: -6936
d 14 16 6 22 9 30 10 26 24 19 21 18 25 20 21 20 18 
Beneficio: -7981
d 14 16 6 22 9 30 10 26 3 24 19 29 21 25 20 28 2 23 12 
Beneficio: -10260
d 14 16 6 22 9 30 10 26 4 3 24 19 29 21 25 15 
Beneficio: -6751
d 14 16 6 22 9 30 5 24 3 4 26 24 19 29 7 19 21 25 20 25 15 18 
Beneficio: -4750
d 14 16 6 22 9 30 5 24 3 4 26 24 19 7 29 21 15 25 18 20 21 25 15 8 
Beneficio: -4437
d 14 16 6 22 9 30 5 24 3 4 26 24 19 7 29 8 15 25 20 21 
Beneficio: -8737
d 14 16 6 22 9 30 5 24 3 4 26 24 19 7 29 8 21 18 
Beneficio: -7194
d 14 16 6 22 9 30 5 24 3 4 26 24 19 21 18 20 25 8 
Beneficio: -6866
d 14 16 6 22 9 30 5 24 3 4 26 24 19 21 15 25 18 20 21 18 
Beneficio: -2315
d 14 16 6 22 9 30 5 24 3 26 24 19 7 29 21 20 25 18 20 21 15 
Beneficio: -5199
d 14 16 6 22 9 30 5 24 3 26 24 19 29 21 25 18 20 21 25 20 28 2 23 13 12 
Beneficio: -6251
d 14 16 6 22 9 30 5 24 26 4 3 24 19 29 7 19 21 18 20 28 2 12 13 2 
Beneficio: -4582
d 14 16 6 22 9 30 5 24 26 4 3 24 19 29 21 20 25 18 15 21 19 7 
Beneficio: -5466
d 14 16 6 22 9 30 5 24 26 4 3 24 19 29 8 21 18 20 25 21 20 
Beneficio: -4978
d 14 16 6 22 9 30 5 24 26 4 3 24 19 29 7 19 21 20 18 15 21 
Beneficio: -4285
d 14 16 6 22 9 30 5 24 26 3 24 19 21 20 28 23 13 2 23 12 13 
Beneficio: -2577
d 14 16 6 22 9 30 5 24 26 3 24 19 7 29 19 21 18 15 25 20 21 15 
Beneficio: -3735
d 14 16 6 22 9 30 5 24 26 3 24 19 7 29 21 25 20 28 2 13 12 2 28 
Beneficio: -5492
d 14 16 6 22 9 30 5 24 26 4 3 24 19 29 8 15 21 25 20 21 19 
Beneficio: -8256
d 14 16 6 22 9 30 5 24 19 29 7 29 8 15 25 18 20 28 2 13 12 23 
Beneficio: -8049
d 14 16 6 22 9 30 5 24 19 29 8 15 25 18 20 21 15 18 
Beneficio: -6467
d 14 16 6 22 9 30 5 24 19 21 25 15 18 20 21 15 8 29 7 
Beneficio: -3117
d 14 16 6 22 9 30 5 24 19 29 8 15 21 20 25 21 29 7 
Beneficio: -4060
d 14 16 6 22 9 30 5 24 19 29 21 18 20 25 21 20 28 2 13 12 2 23 
Beneficio: -6799
d 14 16 6 22 9 30 5 24 19 21 15 8 25 20 21 8 15 
Beneficio: -2338
d 14 16 6 22 9 30 5 24 3 4 26 24 19 29 21 25 20 21 15 25 18 20 28 23 2 13 12 
Beneficio: -9132
d 14 16 6 22 9 30 5 24 3 4 26 24 19 29 21 18 20 28 23 12 2 13 12 
Beneficio: -7837
d 14 16 6 22 9 30 5 24 3 4 26 24 19 29 8 25 15 21 20 18 25 15 
Beneficio: -9159
d 14 16 6 22 9 30 5 24 3 4 26 24 19 7 29 21 25 20 18 25 
Beneficio: -801
d 14 16 6 22 9 30 5 24 3 26 24 19 29 21 20 25 18 21 
Beneficio: -1534
d 14 16 6 22 9 30 5 24 3 26 24 19 7 29 19 21 15 25 20 21 25 
Beneficio: -4906
d 14 16 6 22 9 30 5 24 26 4 3 24 19 29 7 29 8 15 18 21 20 18 
Beneficio: -3681
d 14 16 6 22 9 30 5 24 26 4 3 24 19 29 7 29 21 25 20 28 2 13 12 
Beneficio: -6840
d 14 16 6 22 9 30 5 24 26 4 3 24 19 21 20 28 2 23 12 
Beneficio: -6580
d 14 16 6 22 9 30 5 24 26 3 24 19 29 8 25 20 28 23 2 13 12 23 
Beneficio: -5336
d 14 16 6 22 9 30 5 24 26 3 24 19 29 21 20 25 8 21 19 7 
Beneficio: -4968
d 14 16 6 22 9 30 5 24 26 4 3 24 19 21 18 20 25 18 20 21 15 8 29 
Beneficio: -5146
d 14 16 6 22 9 30 5 24 26 4 3 24 19 29 8 15 21 18 25 20 21 25 15 
Beneficio: -6760
d 14 16 6 22 9 30 5 24 19 29 8 15 21 20 18 25 20 28 2 23 12 13 
Beneficio: -5541
d 14 16 6 22 9 30 5 24 19 21 18 25 20 21 20 18 
Beneficio: -8287
d 14 16 6 22 9 30 5 24 19 29 7 29 21 15 25 18 20 25 8 
Beneficio: -7390
d 14 16 6 22 9 30 5 24 19 21 25 20 21 20 25 18 15 
Beneficio: -2360
d 14 16 6 22 9 30 5 7 29 19 21 20 25 21 19 24 3 4 26 24 22 6 9 10 30 
Beneficio: -1609
d 14 16 6 22 9 30 5 7 29 19 21 15 25 20 21 25 18 20 28 2 12 23 13 2 
Beneficio: -1607
d 14 16 6 22 9 30 5 7 29 19 21 25 18 20 21 15 25 20 28 2 23 12 13 2 12 
Beneficio: 448
d 14 16 6 22 9 30 5 7 29 19 21 18 20 21 29 8 25 20 28 2 13 12 
Beneficio: -8275
d 14 16 6 22 9 30 5 7 29 19 21 15 25 18 20 28 23 13 2 23 13 12 
Beneficio: -2057
d 14 16 6 22 9 30 5 7 29 21 20 25 18 21 19 24 3 6 26 30 22 16 
Beneficio: -1229
d 14 16 6 22 9 30 5 7 29 21 20 25 18 15 21 19 24 3 26 22 10 17 
Beneficio: -1433
d 14 16 6 22 9 30 5 7 29 21 20 25 21 19 24 3 4 26 24 14 30 6 9 10 
Nueva solucion parcial! a los 1879.34s
Imprimiendo solucion: 
Beneficio: 54
1  * -1831
14  * -294
16  * -156
6  * -55
22  * -48
9  * -134
30  * -486
5  * -1477
7  * 2860
29  * -296
21  * 4109
20  * 2361
25  * -443
21  * -703
19  * -1894
24  * 1860
3  * 42
4  * -198
26  * -529
24  * -764
14  * -1870
1
Beneficio: -4076
d 14 16 6 22 9 30 5 7 29 21 20 25 21 19 24 14 30 10 9 6 26 3 
Beneficio: -2138
d 14 16 6 22 9 30 5 7 29 21 20 25 21 8 29 19 24 3 4 26 24 16 30 22 
Beneficio: -1999
d 14 16 6 22 9 30 5 7 29 21 20 25 21 15 8 29 19 24 26 3 24 30 22 6 9 
Beneficio: -1657
d 14 16 6 22 9 30 5 7 29 21 20 25 21 19 24 3 4 26 24 22 6 9 
Beneficio: -1627
d 14 16 6 22 9 30 5 7 29 21 20 25 15 21 19 24 3 4 26 24 30 10 6 16 
Beneficio: -2515
d 14 16 6 22 9 30 5 7 29 21 20 25 15 21 19 24 26 4 3 24 16 9 10 6 22 30 
Beneficio: -2079
d 14 16 6 22 9 30 5 7 29 21 20 25 15 18 21 19 24 26 4 3 24 22 16 9 6 10 30 
Beneficio: -1669
d 14 16 6 22 9 30 5 7 29 21 20 25 8 29 19 24 26 4 3 24 22 6 30 10 
Beneficio: -868
d 14 16 6 22 9 30 5 7 29 21 20 25 15 21 19 24 3 26 6 24 22 16 30 
Beneficio: -2510
d 14 16 6 22 9 30 5 7 29 21 20 25 15 8 29 19 24 3 26 24 6 9 22 30 
Beneficio: -1440
d 14 16 6 22 9 30 5 7 29 21 20 25 8 29 19 24 26 4 3 24 30 10 6 22 
Beneficio: -2133
d 14 16 6 22 9 30 5 7 29 21 15 8 25 20 21 19 24 3 26 22 9 6 10 17 
Beneficio: -1074
d 14 16 6 22 9 30 5 7 29 21 15 25 20 21 19 24 3 4 26 10 9 6 22 16 30 
Beneficio: -3577
d 14 16 6 22 9 30 5 7 29 21 15 25 20 21 19 24 6 22 30 16 9 10 26 
Beneficio: -1596
d 14 16 6 22 9 30 5 7 29 21 15 25 20 21 19 24 3 4 26 6 22 24 30 16 10 
Beneficio: -1507
d 14 16 6 22 9 30 5 7 29 21 15 18 25 20 21 19 24 3 4 26 24 16 22 6 10 30 14 
Beneficio: -2976
d 14 16 6 22 9 30 5 7 29 21 25 20 21 15 8 29 19 24 6 22 30 10 26 4 3 
Beneficio: -2468
d 14 16 6 22 9 30 5 7 29 21 25 20 21 19 24 3 4 26 24 14 30 16 5 
Beneficio: -2370
d 14 16 6 22 9 30 5 7 29 21 25 20 21 19 24 3 4 26 24 22 16 30 9 6 10 17 
Beneficio: -2985
d 14 16 6 22 9 30 5 7 29 21 25 20 21 8 25 18 20 28 23 13 12 
Beneficio: 1118
d 14 16 6 22 9 30 5 7 29 21 25 18 20 25 21 20 28 2 13 12 2 23 28 
Beneficio: -4040
d 14 16 6 22 9 30 5 7 29 21 25 20 21 25 15 8 29 19 24 26 3 
Beneficio: -1744
d 14 16 6 22 9 30 5 7 29 21 25 20 21 19 24 26 4 3 24 6 22 10 16 30 
Beneficio: -2314
d 14 16 6 22 9 30 5 7 29 21 25 20 21 19 24 26 4 3 24 16 9 6 30 10 
Beneficio: -2883
d 14 16 6 22 9 30 5 7 29 21 18 25 20 21 25 18 20 28 23 12 13 
Beneficio: 127
d 14 16 6 22 9 30 5 7 29 21 18 20 21 15 8 25 20 28 2 13 23 12 
Beneficio: -5405
d 14 16 6 22 9 30 5 7 29 21 18 15 8 25 20 28 2 13 12 2 23 28 
Beneficio: -8139
d 14 16 6 22 9 30 5 7 29 21 15 18 20 28 23 13 2 23 13 
Beneficio: -1799
d 14 16 6 22 9 30 5 7 29 21 8 25 20 21 25 18 20 28 23 13 12 2 13 
Beneficio: -1980
d 14 16 6 22 9 30 5 7 29 8 15 21 20 25 21 29 19 24 3 4 26 30 16 22 6 9 
Beneficio: -2384
d 14 16 6 22 9 30 5 7 29 8 15 21 25 20 21 29 19 24 26 3 24 30 22 6 10 17 
Beneficio: -923
d 14 16 6 22 9 30 5 7 29 8 15 21 18 20 25 21 20 28 2 23 12 13 2 28 
Beneficio: -2202
d 14 16 6 22 9 30 5 7 29 8 15 25 21 20 25 15 21 29 19 24 26 4 3 24 6 22 30 
Beneficio: -2213
d 14 16 6 22 9 30 5 7 29 8 15 25 21 20 25 18 21 19 24 3 4 26 10 6 22 
Beneficio: -1695
d 14 16 6 22 9 30 5 7 29 8 25 20 21 29 19 24 3 4 26 24 30 10 16 9 6 22 
Beneficio: -4299
d 14 16 6 22 9 30 5 7 29 8 25 20 21 8 15 25 18 20 28 2 23 12 13 
Beneficio: -2389
d 14 16 6 22 9 30 5 7 29 8 25 21 20 25 18 21 29 19 24 3 4 26 24 22 6 30 
Beneficio: -1753
d 14 16 6 22 9 30 5 7 29 8 15 21 20 18 21 25 20 28 23 2 13 12 2 
Beneficio: -2250
d 14 16 6 22 9 30 5 7 29 8 15 21 25 20 21 29 19 24 26 3 24 6 10 17 
Beneficio: -1584
d 14 16 6 22 9 30 5 7 29 8 21 25 20 21 19 24 3 4 26 24 6 10 22 
Beneficio: -1731
d 14 16 6 22 9 30 5 7 29 8 21 20 25 21 29 19 24 3 4 26 6 30 16 
Beneficio: -1421
d 14 16 6 22 9 30 5 7 29 8 15 21 20 25 21 19 24 26 3 24 30 22 9 
Beneficio: -3942
d 14 16 6 22 9 30 5 7 29 8 15 21 18 20 21 20 28 2 13 12 
Beneficio: -1210
d 14 16 6 22 9 30 5 7 29 8 15 25 20 21 15 25 18 20 28 2 13 
Beneficio: -1925
d 14 16 6 22 9 30 5 7 29 8 25 20 21 29 19 24 3 26 30 6 22 16 10 
Beneficio: -9965
d 14 16 6 22 9 30 5 7 29 8 25 21 18 20 28 2 13 23 
Beneficio: -1812
d 14 16 6 22 9 30 5 7 29 8 15 25 21 20 25 18 20 28 23 2 13 
Beneficio: -2389
d 14 16 6 22 9 30 5 7 29 8 25 20 21 19 24 26 4 3 24 22 6 10 11 
Beneficio: -6006
d 14 16 6 22 9 30 5 7 29 7 19 21 8 15 25 18 20 21 25 
Beneficio: -2507
d 14 16 6 22 9 30 5 7 29 21 20 25 21 19 24 3 26 22 16 10 
Beneficio: -2244
d 14 16 6 22 9 30 5 7 29 21 18 25 20 21 19 24 26 4 3 24 6 10 9 16 22 
Beneficio: -4793
d 14 16 6 22 9 30 5 7 19 29 21 25 20 21 8 15 25 18 20 28 23 13 2 28 
Beneficio: -13757
d 14 16 6 22 9 30 5 7 19 29 8 21 25 15 18 20 28 
Beneficio: -6464
d 14 16 6 22 9 30 5 7 19 21 15 25 20 21 18 20 28 2 23 13 12 
Beneficio: -7263
d 14 16 6 22 9 30 5 7 19 29 21 8 25 20 21 8 15 25 
Beneficio: -5363
d 14 16 6 22 9 30 5 7 29 21 20 18 25 20 21 19 24 3 26 
Beneficio: -5876
d 14 16 6 22 9 30 5 7 29 21 18 15 8 25 20 21 25 18 20 
Beneficio: -5481
d 14 16 6 22 9 30 5 7 29 8 21 20 25 21 19 24 3 26 4 
Beneficio: -9715
d 14 16 6 22 9 30 5 7 19 29 8 25 21 20 28 2 23 13 12 
Beneficio: -7225
d 14 16 6 22 9 30 5 7 19 29 8 21 25 18 20 25 21 20 18 
Beneficio: -1740
d 14 16 6 22 9 30 5 7 29 19 21 25 20 18 21 20 25 21 15 
Beneficio: -680
d 14 16 6 22 9 30 5 7 29 19 21 25 20 18 21 20 28 23 12 13 2 
Beneficio: -2032
d 14 16 6 22 9 30 5 7 29 21 20 25 21 19 24 3 4 26 10 30 22 16 9 
Beneficio: -4208
d 14 16 6 22 9 30 5 7 29 21 20 25 21 19 24 6 30 22 10 26 3 
Beneficio: -2360
d 14 16 6 22 9 30 5 7 29 21 20 25 15 21 19 24 3 4 26 24 30 16 22 10 9 
Beneficio: -2066
d 14 16 6 22 9 30 5 7 29 21 20 25 8 29 19 24 26 4 3 24 30 22 16 9 6 
Beneficio: -1836
d 14 16 6 22 9 30 5 7 29 21 20 25 8 29 19 24 3 4 26 10 6 24 16 9 
Beneficio: -1924
d 14 16 6 22 9 30 5 7 29 21 15 25 20 21 19 24 3 26 24 30 10 9 6 
Beneficio: -1264
d 14 16 6 22 9 30 5 7 29 21 15 18 25 20 21 18 20 28 23 12 13 2 
Beneficio: -1217
d 14 16 6 22 9 30 5 7 29 21 25 20 21 19 24 26 3 24 30 10 17 
Beneficio: -6226
d 14 16 6 22 9 30 5 7 29 21 25 18 20 28 2 13 2 12 23 
Beneficio: -1606
d 14 16 6 22 9 30 5 7 29 21 25 20 21 19 24 26 4 3 24 30 14 9 6 
Beneficio: -2519
d 14 16 6 22 9 30 5 7 29 21 18 25 20 21 29 19 24 6 26 3 24 26 10 17 
Beneficio: -1583
d 14 16 6 22 9 30 5 7 29 21 8 25 20 21 19 24 3 26 30 10 6 
Beneficio: -2414
d 14 16 6 22 9 30 5 7 29 8 15 21 25 20 21 19 24 26 4 3 24 14 30 22 6 9 10 
Beneficio: -2546
d 14 16 6 22 9 30 5 7 29 8 15 25 21 20 25 21 29 19 24 3 26 24 
Beneficio: -1142
d 14 16 6 22 9 30 5 7 29 8 25 18 15 21 20 25 21 19 24 3 4 26 
Beneficio: -1946
d 14 16 6 22 9 30 5 7 29 8 21 20 25 21 29 19 24 3 4 26 24 30 22 6 9 
Beneficio: -954
d 14 16 6 22 9 30 5 7 29 8 15 21 20 18 25 20 28 23 13 2 
Beneficio: -1873
d 14 16 6 22 9 30 5 7 29 8 25 20 21 29 19 24 26 4 3 24 22 6 
Beneficio: -4309
d 14 16 6 22 9 30 5 7 29 8 21 18 20 21 25 20 28 2 12 13 23 
Beneficio: -4418
d 14 16 6 22 9 30 5 7 29 21 15 8 25 20 21 25 18 20 28 2 12 13 
Beneficio: -13807
d 14 16 6 22 9 30 5 7 19 29 8 15 25 21 18 20 28 2 23 
Beneficio: -12970
d 14 16 6 22 9 30 5 7 19 29 8 25 21 15 18 20 
Beneficio: -7079
d 14 16 6 22 9 30 5 7 29 8 15 25 20 18 25 21 20 28 2 13 
Beneficio: -6475
d 14 16 6 22 9 30 5 7 19 21 20 28 2 13 23 2 12 
Beneficio: -2642
d 14 16 6 22 9 30 24 3 4 26 10 6 22 30 5 7 29 21 25 20 28 2 23 12 13 2 12 
Beneficio: -3974
d 14 16 6 22 9 30 24 3 4 26 10 6 22 30 5 7 29 19 21 20 18 25 8 15 
Beneficio: -2549
d 14 16 6 22 9 30 24 3 4 26 10 6 22 30 5 7 29 21 20 18 25 21 19 24 
Beneficio: -2247
d 14 16 6 22 9 30 24 3 4 26 10 6 22 30 5 7 29 19 21 20 28 23 12 13 2 23 
Beneficio: -2498
d 14 16 6 22 9 30 24 3 4 26 10 6 22 24 5 7 29 8 15 21 20 25 18 20 21 
Beneficio: -7783
d 14 16 6 22 9 30 24 3 4 26 10 6 22 24 5 7 19 29 8 15 21 20 18 21 25 
Beneficio: -2240
d 14 16 6 22 9 30 24 3 4 26 10 6 22 24 19 29 8 25 21 20 25 15 21 29 7 5 
Beneficio: -9040
d 14 16 6 22 9 30 24 3 4 26 10 6 22 24 19 21 25 20 18 21 25 8 15 
Beneficio: -6274
d 14 16 6 22 9 30 24 3 4 26 10 6 22 24 19 7 29 8 25 20 25 18 21 
Beneficio: -7070
d 14 16 6 22 9 30 24 3 4 26 10 6 24 5 7 29 8 25 18 20 21 25 15 
Beneficio: -4623
d 14 16 6 22 9 30 24 3 4 26 10 6 24 5 7 29 21 20 28 2 23 12 13 2 12 
Beneficio: -4164
d 14 16 6 22 9 30 24 3 4 26 10 6 24 19 29 21 15 25 20 21 18 25 8 29 
Beneficio: -5852
d 14 16 6 22 9 30 24 3 4 26 10 6 24 19 21 18 20 21 15 18 25 
Beneficio: -1469
d 14 16 6 22 9 30 24 3 4 26 10 6 24 19 29 7 29 8 25 15 21 20 25 15 
Beneficio: -4873
d 14 16 6 22 9 30 24 3 4 26 10 6 24 19 21 18 20 25 21 20 28 2 12 13 23 
Beneficio: -6251
d 14 16 6 22 9 30 24 3 4 26 10 30 5 7 29 19 21 20 25 18 20 28 23 2 
Beneficio: -1979
d 14 16 6 22 9 30 24 3 4 26 10 30 5 7 29 21 18 20 21 25 18 20 28 2 13 12 23 2 
Beneficio: -5805
d 14 16 6 22 9 30 24 3 4 26 10 30 5 7 29 8 25 18 20 28 23 2 13 12 23 
Beneficio: -7167
d 14 16 6 22 9 30 24 3 4 26 10 30 5 7 29 21 15 18 20 21 25 15 8 
Beneficio: 294
d 14 16 6 22 9 30 24 3 4 26 10 30 5 7 29 21 25 20 21 25 18 20 28 23 12 13 2 12 
Beneficio: -5143
d 14 16 6 22 9 30 24 3 4 26 10 30 5 7 29 21 18 15 8 25 20 21 15 
Beneficio: -6246
d 14 16 6 22 9 30 24 3 4 26 10 30 5 7 29 19 21 15 25 20 28 23 13 12 
Beneficio: -3379
d 14 16 6 22 9 30 24 3 4 26 24 5 7 29 21 15 25 20 28 23 2 13 12 
Beneficio: -8635
d 14 16 6 22 9 30 24 3 4 26 24 5 7 19 29 21 25 20 28 
Beneficio: -24
d 14 16 6 22 9 30 24 3 4 26 24 5 7 29 21 20 18 25 20 28 2 12 13 2 13 
Beneficio: -11332
d 14 16 6 22 9 30 24 3 4 26 24 5 7 29 21 25 8 15 
Beneficio: -4361
d 14 16 6 22 9 30 24 3 4 26 24 19 29 7 29 8 25 18 20 21 25 8 15 
Beneficio: -5175
d 14 16 6 22 9 30 24 3 4 26 24 19 29 21 15 25 20 21 8 25 18 15 
Beneficio: -7572
d 14 16 6 22 9 30 24 3 4 26 24 19 29 8 15 25 18 21 20 18 25 
Beneficio: -2005
d 14 16 6 22 9 30 24 3 4 26 24 19 21 25 20 21 15 25 18 20 28 2 12 13 2 12 
Beneficio: 88
d 14 16 6 22 9 30 24 3 4 26 24 19 7 29 21 25 20 21 15 25 18 20 28 2 13 12 23 
Beneficio: -2576
d 14 16 6 22 9 30 24 3 4 26 24 19 7 29 8 15 21 25 20 21 29 19 7 
Beneficio: -2231
d 14 16 6 22 9 30 24 3 4 26 24 19 29 21 25 18 20 21 18 15 25 20 28 2 13 12 
Beneficio: -1953
d 14 16 6 22 9 30 24 3 4 26 24 19 21 20 25 18 21 29 7 5 30 14 16 22 6 9 
Beneficio: -2278
d 14 16 6 22 9 30 24 3 4 26 24 19 7 29 19 21 15 25 20 21 25 18 20 28 2 12 
Beneficio: -6736
d 14 16 6 22 9 30 24 3 4 26 24 19 21 25 20 21 25 18 15 
Beneficio: -4857
d 14 16 6 22 9 30 24 3 4 26 6 24 5 7 29 8 15 21 20 25 8 
Beneficio: -2505
d 14 16 6 22 9 30 24 3 4 26 6 24 19 29 21 15 8 25 20 21 25 18 20 28 2 13 2 
Beneficio: -1518
d 14 16 6 22 9 30 24 3 4 26 6 24 19 21 25 20 21 8 29 7 5 30 10 
Beneficio: -2709
d 14 16 6 22 9 30 24 3 4 26 6 24 19 29 21 20 25 18 20 28 23 12 13 2 23 13 12 
Beneficio: -2258
d 14 16 6 22 9 30 24 3 4 26 6 24 19 7 29 8 25 18 21 20 25 21 8 
Beneficio: 140
d 14 16 6 22 9 30 24 3 4 26 30 5 7 29 21 15 8 25 18 20 21 25 20 28 2 13 12 23 28 
Beneficio: -3851
d 14 16 6 22 9 30 24 3 4 26 30 5 7 29 8 15 25 20 28 23 2 13 12 23 2 
Beneficio: -6990
d 14 16 6 22 9 30 24 3 4 26 30 5 7 19 29 21 25 20 28 23 2 13 
Beneficio: -6692
d 14 16 6 22 9 30 24 3 4 26 30 5 7 19 21 15 25 20 28 2 13 12 
Beneficio: -2004
d 14 16 6 22 9 30 24 3 4 26 24 5 7 29 19 21 15 25 20 21 29 8 25 
Beneficio: -4196
d 14 16 6 22 9 30 24 3 4 26 24 19 29 21 20 28 23 12 13 2 12 13 
Beneficio: -4442
d 14 16 6 22 9 30 24 3 4 26 24 19 21 20 28 23 12 13 2 23 
Beneficio: -2453
d 14 16 6 22 9 30 24 3 4 26 24 5 7 29 21 25 18 20 21 25 20 28 2 12 13 23 
Beneficio: -1608
d 14 16 6 22 9 30 24 3 4 26 24 5 7 29 8 15 21 20 25 21 19 
Beneficio: -7793
d 14 16 6 22 9 30 24 3 4 26 24 19 29 8 15 18 21 20 28 2 
Beneficio: -1823
d 14 16 6 22 9 30 24 3 4 26 24 19 7 29 8 15 21 20 25 21 18 
Beneficio: -1939
d 14 16 6 22 9 30 24 3 4 26 24 19 21 20 25 18 20 28 2 23 12 13 2 13 
Beneficio: -8865
d 14 16 6 22 9 30 24 3 4 26 24 5 7 29 21 15 25 18 20 28 2 12 23 
Beneficio: -2353
d 14 16 6 22 9 30 24 3 4 26 24 5 7 29 21 25 18 20 21 15 8 25 20 28 
Beneficio: -3861
d 14 16 6 22 9 30 24 3 4 26 24 5 7 19 29 21 8 25 20 21 25 18 
Beneficio: -2686
d 14 16 6 22 9 30 24 3 4 26 24 19 29 21 15 25 20 21 25 18 20 28 2 13 12 2 23 28 
Beneficio: -5368
d 14 16 6 22 9 30 24 3 4 26 24 19 29 8 25 20 18 25 21 20 28 2 12 13 23 
Beneficio: -2194
d 14 16 6 22 9 30 24 3 4 26 24 19 21 18 20 25 21 20 28 23 2 13 23 
Beneficio: -4915
d 14 16 6 22 9 30 24 3 4 26 24 19 7 29 8 21 15 18 20 21 25 
Beneficio: -7535
d 14 16 6 22 9 30 24 3 4 26 24 19 29 8 25 18 15 21 20 18 21 
Beneficio: -2644
d 14 16 6 22 9 30 24 3 4 26 24 19 7 29 21 20 18 25 8 21 
Beneficio: -4284
d 14 16 6 22 9 30 24 3 4 26 24 5 7 19 29 21 18 25 20 21 25 8 
Beneficio: -9463
d 14 16 6 22 9 30 24 3 4 26 24 19 29 8 15 21 18 25 20 28 2 13 
Beneficio: -4923
d 14 16 6 22 9 30 24 3 4 26 24 19 29 7 19 21 18 20 21 25 20 
Beneficio: -1643
d 14 16 6 22 9 30 24 3 26 10 30 5 7 29 19 21 25 18 20 21 15 18 25 20 18 
Beneficio: -1615
d 14 16 6 22 9 30 24 3 26 10 30 5 7 29 8 15 21 20 25 15 21 19 29 8 
Beneficio: -6652
d 14 16 6 22 9 30 24 3 26 10 30 5 7 19 21 20 25 18 21 29 
Beneficio: -1133
d 14 16 6 22 9 30 24 3 26 10 30 5 7 29 21 18 20 21 15 25 20 18 25 
Beneficio: -189
d 14 16 6 22 9 30 24 3 26 10 30 5 7 29 8 15 21 25 20 18 25 21 20 
Beneficio: -4058
d 14 16 6 22 9 30 24 3 26 24 5 7 29 21 18 20 25 18 20 28 2 13 12 23 28 
Beneficio: -4737
d 14 16 6 22 9 30 24 3 26 24 5 7 29 8 25 15 21 20 18 21 19 
Beneficio: -5299
d 14 16 6 22 9 30 24 3 26 24 5 7 19 21 25 18 20 21 20 25 15 
Beneficio: -5429
d 14 16 6 22 9 30 24 3 26 24 19 29 21 15 8 25 20 21 15 18 20 25 
Beneficio: -2616
d 14 16 6 22 9 30 24 3 26 24 19 29 8 15 21 20 25 21 29 7 5 30 22 9 6 10 11 
Beneficio: -11187
d 14 16 6 22 9 30 24 3 26 24 19 21 25 18 20 28 23 2 12 13 
Beneficio: -5117
d 14 16 6 22 9 30 24 3 26 24 19 29 8 15 21 20 28 23 2 12 13 2 28 
Beneficio: -9409
d 14 16 6 22 9 30 24 3 26 24 19 29 21 25 15 18 20 28 2 23 13 2 
Beneficio: -1767
d 14 16 6 22 9 30 24 3 26 24 19 21 25 20 21 29 7 5 14 16 10 6 22 
Beneficio: -5128
d 14 16 6 22 9 30 24 3 26 24 19 21 29 8 25 20 21 25 15 8 29 
Beneficio: -2482
d 14 16 6 22 9 30 24 3 26 24 5 7 29 21 25 20 21 15 25 18 20 28 2 12 23 
Beneficio: -2067
d 14 16 6 22 9 30 24 3 26 24 5 7 29 21 18 15 25 20 21 15 8 25 18 
Beneficio: -2305
d 14 16 6 22 9 30 24 3 26 24 19 29 8 25 18 20 21 15 25 20 28 2 13 12 23 
Beneficio: -5663
d 14 16 6 22 9 30 24 3 26 24 19 21 15 25 20 28 2 13 2 
Beneficio: -2843
d 14 16 6 22 9 30 24 3 26 24 19 29 21 20 25 21 18 20 28 
Beneficio: -5810
d 14 16 6 22 9 30 24 3 26 24 19 21 18 25 20 28 2 13 12 23 28 
Beneficio: -1612
d 14 16 6 22 9 30 24 26 4 3 24 5 7 29 21 15 8 25 20 21 19 7 29 
Beneficio: -4649
d 14 16 6 22 9 30 24 26 4 3 24 5 7 19 29 21 20 18 21 15 8 29 7 
Beneficio: -4099
d 14 16 6 22 9 30 24 26 4 3 24 5 7 19 29 21 25 18 20 21 15 25 20 
Beneficio: -5173
d 14 16 6 22 9 30 24 26 4 3 24 5 7 19 29 21 20 18 25 20 28 2 23 13 12 
Beneficio: -1857
d 14 16 6 22 9 30 24 26 4 3 24 19 29 7 19 21 25 18 20 21 18 20 25 15 8 
Beneficio: -8604
d 14 16 6 22 9 30 24 26 4 3 24 19 29 21 25 18 20 28 2 23 12 13 2 12 
Beneficio: -7053
d 14 16 6 22 9 30 24 26 4 3 24 19 29 8 25 21 20 25 18 15 
Beneficio: -4535
d 14 16 6 22 9 30 24 26 4 3 24 19 21 29 8 15 25 18 20 21 25 20 28 2 
Beneficio: -7528
d 14 16 6 22 9 30 24 26 4 3 24 19 21 15 8 25 18 20 21 18 20 28 
Beneficio: -5066
d 14 16 6 22 9 30 24 26 4 3 24 19 29 21 25 18 20 21 18 20 28 2 13 
Beneficio: -2327
d 14 16 6 22 9 30 24 26 4 3 24 19 29 7 29 21 25 20 21 25 20 18 15 
Beneficio: -6705
d 14 16 6 22 9 30 24 26 4 3 24 19 29 8 15 18 21 25 20 28 2 13 12 23 
Beneficio: -9661
d 14 16 6 22 9 30 24 26 4 3 24 19 21 15 25 18 20 28 2 23 
Beneficio: -2736
d 14 16 6 22 9 30 24 26 4 3 24 19 7 29 21 20 18 25 21 19 
Beneficio: 116
d 14 16 6 22 9 30 24 26 4 3 24 5 7 29 21 25 20 21 18 20 28 23 2 13 12 2 
Beneficio: -6687
d 14 16 6 22 9 30 24 26 4 3 24 5 7 29 21 8 15 25 20 28 23 13 
Beneficio: -7848
d 14 16 6 22 9 30 24 26 4 3 24 5 7 19 29 21 20 18 25 15 8 29 
Beneficio: -2731
d 14 16 6 22 9 30 24 26 4 3 24 19 29 21 15 25 20 21 25 18 20 28 23 2 12 13 2 
Beneficio: -5121
d 14 16 6 22 9 30 24 26 4 3 24 19 29 8 25 15 21 20 28 2 13 12 23 28 
Beneficio: -6274
d 14 16 6 22 9 30 24 26 4 3 24 19 21 18 25 20 28 2 23 12 13 2 
Beneficio: -3753
d 14 16 6 22 9 30 24 26 4 3 24 19 7 29 21 18 20 21 15 18 
Beneficio: -5004
d 14 16 6 22 9 30 24 26 4 3 24 19 29 8 15 21 20 25 18 21 8 
Beneficio: -3730
d 14 16 6 22 9 30 24 26 4 3 24 19 21 18 20 21 15 25 20 18 25 
Beneficio: -5773
d 14 16 6 22 9 30 24 26 3 24 5 7 29 21 15 8 25 20 28 2 23 12 13 
Beneficio: -1068
d 14 16 6 22 9 30 24 26 3 24 5 7 29 21 15 8 25 20 21 18 25 15 
Beneficio: -7642
d 14 16 6 22 9 30 24 26 3 24 5 7 29 8 25 15 18 20 
Beneficio: -991
d 14 16 6 22 9 30 24 26 3 24 19 29 7 19 21 15 25 20 21 15 25 
Beneficio: -4853
d 14 16 6 22 9 30 24 26 3 24 19 29 8 25 20 18 21 20 25 21 
Beneficio: -6525
d 14 16 6 22 9 30 24 26 3 24 19 21 15 25 20 28 2 23 12 13 2 23 13 12 
Beneficio: -2436
d 14 16 6 22 9 30 24 26 3 24 19 7 29 21 15 25 20 21 18 25 8 
Beneficio: -5799
d 14 16 6 22 9 30 24 26 3 24 19 29 7 29 21 25 20 18 25 21 8 15 
Beneficio: -3989
d 14 16 6 22 9 30 24 26 3 24 19 29 8 21 25 20 21 15 25 
Beneficio: -2517
d 14 16 6 22 9 30 24 26 3 24 19 7 29 21 15 18 20 21 25 20 28 2 
Beneficio: -4983
d 14 16 6 22 9 30 24 26 3 24 5 7 29 8 25 18 21 20 18 25 21 
Beneficio: -1708
d 14 16 6 22 9 30 24 26 3 24 5 7 29 21 18 15 25 20 21 25 8 
Beneficio: -2686
d 14 16 6 22 9 30 24 26 3 24 19 29 21 15 25 18 20 21 25 20 28 2 12 13 2 
Beneficio: -5287
d 14 16 6 22 9 30 24 26 3 24 19 21 20 25 18 20 28 23 12 13 
Beneficio: -5143
d 14 16 6 22 9 30 24 26 3 24 19 29 21 20 28 23 2 13 12 23 2 
Beneficio: -5150
d 14 16 6 22 9 30 24 26 3 24 19 29 8 25 21 20 28 2 12 13 2 23 12 13 
Beneficio: -4248
d 14 16 6 22 9 30 24 26 3 24 19 29 8 15 25 20 21 19 
Beneficio: -2352
d 14 16 6 22 9 30 24 26 4 3 24 5 7 29 8 25 21 20 25 15 18 
Beneficio: -2619
d 14 16 6 22 9 30 24 26 4 3 24 19 29 21 20 18 21 25 20 28 23 12 13 2 28 
Beneficio: -4691
d 14 16 6 22 9 30 24 26 4 3 24 19 21 25 20 21 15 25 18 20 28 2 12 13 
Beneficio: -916
d 14 16 6 22 9 30 24 26 4 3 24 19 29 21 20 18 25 20 28 2 13 12 2 23 
Beneficio: -10495
d 14 16 6 22 9 30 24 26 4 3 24 19 29 21 15 8 25 18 
Beneficio: -7078
d 14 16 6 22 9 30 24 26 4 3 24 5 7 19 29 21 25 15 18 20 21 
Beneficio: -2128
d 14 16 6 22 9 30 24 26 4 3 24 19 21 25 18 20 25 21 20 18 
Beneficio: -9444
d 14 16 6 22 9 30 24 26 4 3 24 19 21 15 25 20 28 2 23 12 13 
Beneficio: -3832
d 14 16 6 22 9 30 24 5 7 29 19 21 15 8 25 18 20 21 25 20 18 
Beneficio: -1079
d 14 16 6 22 9 30 24 5 7 29 21 20 18 21 25 20 28 2 23 12 13 2 23 
Beneficio: -4363
d 14 16 6 22 9 30 24 5 7 29 21 25 18 20 21 15 8 25 20 28 23 
Beneficio: -1048
d 14 16 6 22 9 30 24 5 7 29 8 15 21 25 20 21 18 20 28 2 13 
Beneficio: -4043
d 14 16 6 22 9 30 24 5 7 29 8 15 25 18 20 21 25 20 28 2 13 
Beneficio: -4790
d 14 16 6 22 9 30 24 5 7 19 21 20 18 25 20 28 2 13 23 2 
Beneficio: -4326
d 14 16 6 22 9 30 24 5 7 29 19 21 25 20 18 21 20 28 2 23 
Beneficio: -3712
d 14 16 6 22 9 30 24 5 7 29 21 25 18 20 21 19 29 8 25 20 28 
Beneficio: -7178
d 14 16 6 22 9 30 24 5 7 19 29 8 15 21 20 18 25 20 18 21 25 
Beneficio: -1451
d 14 16 6 22 9 30 24 5 7 29 21 20 25 18 21 19 24 3 4 26 10 6 
Beneficio: -10498
d 14 16 6 22 9 30 24 5 7 29 21 15 18 25 20 28 2 
Beneficio: -4012
d 14 16 6 22 9 30 24 5 7 29 21 18 25 20 21 8 15 18 25 
Beneficio: -2114
d 14 16 6 22 9 30 24 5 7 29 8 15 21 25 20 21 19 24 3 4 26 10 30 22 6 
Beneficio: -6605
d 14 16 6 22 9 30 24 5 7 29 8 15 21 20 25 8 15 
Beneficio: -3607
d 14 16 6 22 9 30 24 5 7 29 21 25 18 20 21 15 8 25 20 28 2 12 13 
Beneficio: -7317
d 14 16 6 22 9 30 24 5 7 29 19 21 8 15 25 20 21 18 
Beneficio: -2269
d 14 16 6 22 9 30 24 26 4 3 24 5 7 29 21 15 25 18 20 21 18 20 25 
Beneficio: -2263
d 14 16 6 22 9 30 24 26 4 3 24 19 7 29 8 15 21 20 25 18 20 28 2 23 
Beneficio: -9359
d 14 16 6 22 9 30 24 26 4 3 24 19 21 18 15 8 25 20 
Beneficio: -1152
d 14 16 6 22 9 30 24 19 29 7 19 21 20 25 18 20 28 23 2 13 23 
Beneficio: -1513
d 14 16 6 22 9 30 24 19 29 21 20 25 18 20 28 2 12 13 2 
Beneficio: -1609
d 14 16 6 22 9 30 24 19 29 21 25 20 21 8 29 7 5 24 3 4 26 10 17 
Beneficio: -7189
d 14 16 6 22 9 30 24 19 29 21 18 15 25 20 21 25 18 20 28 2 
Beneficio: -6430
d 14 16 6 22 9 30 24 19 29 8 15 25 21 20 25 18 20 28 2 23 13 12 
Beneficio: -4167
d 14 16 6 22 9 30 24 19 29 8 15 25 20 21 19 7 29 21 25 20 18 
Beneficio: -8755
d 14 16 6 22 9 30 24 19 29 8 15 18 25 21 20 18 21 25 
Beneficio: -3980
d 14 16 6 22 9 30 24 19 21 20 25 18 21 29 7 5 30 10 22 24 3 26 
Beneficio: -3350
d 14 16 6 22 9 30 24 19 21 20 25 21 29 7 5 24 6 22 30 10 26 3 
Beneficio: -1980
d 14 16 6 22 9 30 24 19 21 20 25 21 29 7 5 30 14 24 26 3 24 6 10 26 4 
Beneficio: -1661
d 14 16 6 22 9 30 24 19 21 20 25 15 21 29 7 5 24 3 4 26 10 22 6 30 
Beneficio: -2225
d 14 16 6 22 9 30 24 19 21 20 25 15 21 29 7 5 24 26 4 3 24 16 9 
Beneficio: -2574
d 14 16 6 22 9 30 24 19 21 15 25 20 21 29 7 5 30 22 24 3 4 26 24 6 10 17 
Beneficio: -4129
d 14 16 6 22 9 30 24 19 21 15 25 18 20 21 25 20 28 2 12 13 2 13 
Beneficio: -1781
d 14 16 6 22 9 30 24 19 21 25 20 21 29 7 5 16 30 22 6 26 3 24 26 
Beneficio: -6904
d 14 16 6 22 9 30 24 19 21 25 18 20 21 15 25 20 28 23 12 13 2 
Beneficio: -2538
d 14 16 6 22 9 30 24 19 21 25 20 21 29 7 5 24 26 4 3 24 16 9 6 10 11 
Beneficio: -2921
d 14 16 6 22 9 30 24 19 21 18 20 25 21 20 28 23 12 2 13 
Beneficio: -3212
d 14 16 6 22 9 30 24 19 7 29 19 21 18 20 21 18 20 25 
Beneficio: -3604
d 14 16 6 22 9 30 24 19 7 29 8 15 25 20 21 8 15 18 
Beneficio: -10195
d 14 16 6 22 9 30 24 19 29 21 15 18 20 28 2 13 12 23 2 
Beneficio: -2721
d 14 16 6 22 9 30 24 19 7 29 21 15 18 25 20 21 15 8 25 
Beneficio: -6329
d 14 16 6 22 9 30 24 19 21 15 8 25 20 21 8 29 7 
Beneficio: -4031
d 14 16 6 22 9 30 24 19 29 7 29 21 20 18 25 21 8 
Beneficio: -10640
d 14 16 6 22 9 30 24 19 29 21 15 8 25 18 20 28 2 13 23 2 
Beneficio: -4789
d 14 16 6 22 9 30 24 19 29 21 18 25 20 21 25 20 28 23 2 13 
Beneficio: -2335
d 14 16 6 22 9 30 24 19 29 8 25 20 21 29 7 5 30 10 26 4 3 24 6 9 22 
Beneficio: -1813
d 14 16 6 22 9 30 24 19 29 8 25 20 21 29 7 5 30 22 24 3 26 6 10 
Beneficio: -2283
d 14 16 6 22 9 30 24 19 21 20 25 21 29 7 5 30 9 10 6 24 26 4 3 24 22 
Beneficio: -1628
d 14 16 6 22 9 30 24 19 21 20 25 21 29 7 5 24 3 4 26 10 30 14 16 
Beneficio: -6926
d 14 16 6 22 9 30 24 19 21 29 8 25 20 21 25 18 20 28 23 12 13 
Beneficio: -1486
d 14 16 6 22 9 30 24 19 21 25 20 21 29 7 5 30 22 24 3 26 6 10 9 
Beneficio: -3263
d 14 16 6 22 9 30 24 19 21 25 18 20 21 15 25 20 28 2 12 13 2 
Beneficio: -4589
d 14 16 6 22 9 30 24 19 21 18 20 21 15 18 25 20 28 23 12 2 13 12 
Beneficio: -1761
d 14 16 6 22 9 30 24 19 7 29 21 15 18 20 21 25 20 28 23 2 13 12 
Beneficio: -7004
d 14 16 6 22 9 30 24 19 29 21 15 18 20 25 18 20 21 19 29 
Beneficio: -10674
d 14 16 6 22 9 30 24 19 7 29 21 25 20 28 2 23 12 13 
Beneficio: -5600
d 14 16 6 22 9 30 26 4 3 24 30 5 7 29 19 21 15 18 20 25 20 
Beneficio: 34
d 14 16 6 22 9 30 26 4 3 24 30 5 7 29 8 15 21 25 18 20 21 25 20 28 2 12 13 2 23 
Beneficio: -8592
d 14 16 6 22 9 30 26 4 3 24 30 5 7 19 21 18 25 20 28 2 12 13 
Beneficio: 438
d 14 16 6 22 9 30 26 4 3 24 30 5 7 29 8 15 21 20 18 25 20 28 2 13 12 2 23 
Beneficio: -4250
d 14 16 6 22 9 30 26 4 3 24 30 5 7 29 8 25 20 18 25 
Beneficio: -5710
d 14 16 6 22 9 30 26 4 3 24 5 7 29 21 15 8 25 18 20 
Beneficio: -2035
d 14 16 6 22 9 30 26 4 3 24 5 7 29 8 21 20 18 25 20 25 21 19 
Beneficio: -757
d 14 16 6 22 9 30 26 4 3 24 5 7 29 19 21 25 20 21 8 25 18 
Beneficio: -5160
d 14 16 6 22 9 30 26 4 3 24 5 7 19 21 29 8 15 25 20 21 18 25 
Beneficio: 27
d 14 16 6 22 9 30 26 4 3 24 5 7 29 8 15 21 25 20 21 18 20 28 2 13 23 2 
Beneficio: -835
d 14 16 6 22 9 30 26 4 3 24 5 7 29 19 21 15 18 25 20 21 25 
Beneficio: 122
d 14 16 6 22 9 30 26 4 3 24 19 29 7 29 21 15 8 25 20 21 25 18 20 28 2 13 12 
Beneficio: -9088
d 14 16 6 22 9 30 26 4 3 24 19 29 21 15 18 25 20 28 2 12 13 
Beneficio: -8550
d 14 16 6 22 9 30 26 4 3 24 19 29 8 15 21 25 20 28 2 23 12 
Beneficio: -2243
d 14 16 6 22 9 30 26 4 3 24 19 29 8 25 20 21 15 8 29 7 5 30 10 22 
Beneficio: -2095
d 14 16 6 22 9 30 26 4 3 24 19 21 20 25 21 29 7 5 30 22 10 26 24 16 9 
Beneficio: -1307
d 14 16 6 22 9 30 26 4 3 24 19 21 15 25 20 21 29 7 5 30 24 22 6 10 
Beneficio: -1491
d 14 16 6 22 9 30 26 4 3 24 19 21 25 20 21 15 8 29 7 5 30 10 26 
Beneficio: 118
d 14 16 6 22 9 30 26 4 3 24 19 7 29 21 15 25 20 21 25 18 20 28 2 13 
Beneficio: -5187
d 14 16 6 22 9 30 26 4 3 24 19 29 8 21 25 20 21 15 8 29 
Beneficio: -2210
d 14 16 6 22 9 30 26 4 3 24 19 29 7 19 21 20 28 23 13 2 23 12 
Beneficio: -2388
d 14 16 6 22 9 30 26 4 3 24 19 29 21 25 20 21 8 29 7 5 30 10 26 3 
Beneficio: -2708
d 14 16 6 22 9 30 26 4 3 24 19 29 8 25 20 21 25 18 20 28 23 2 13 12 2 
Beneficio: -5234
d 14 16 6 22 9 30 26 4 3 24 19 21 29 8 15 25 20 21 15 18 25 
Beneficio: -2615
d 14 16 6 22 9 30 26 4 3 24 19 21 18 20 25 21 20 28 2 23 13 2 13 12 
Beneficio: -4464
d 14 16 6 22 9 30 26 4 3 24 19 29 21 8 25 20 21 25 15 8 29 
Beneficio: -11215
d 14 16 6 22 9 30 26 4 3 24 5 7 19 21 15 25 20 18 25 
Beneficio: -5263
d 14 16 6 22 9 30 26 4 3 24 5 7 29 19 21 18 20 28 2 13 12 2 
Beneficio: 743
d 14 16 6 22 9 30 26 4 3 24 5 7 29 19 21 20 18 25 20 28 2 13 12 23 
Beneficio: -2943
d 14 16 6 22 9 30 26 4 3 24 5 7 19 21 20 25 18 20 28 23 13 2 
Beneficio: -2159
d 14 16 6 22 9 30 26 4 3 24 5 7 29 19 21 15 18 25 20 21 29 7 
Beneficio: -6734
d 14 16 6 22 9 30 26 4 3 24 19 29 7 29 21 15 8 25 20 28 2 23 12 13 
Beneficio: -9080
d 14 16 6 22 9 30 26 4 3 24 19 29 21 18 20 28 23 13 12 2 13 12 
Beneficio: -3398
d 14 16 6 22 9 30 26 4 3 24 19 29 8 21 15 25 20 21 25 18 20 
Beneficio: -1428
d 14 16 6 22 9 30 26 4 3 24 19 21 15 25 20 21 29 7 5 30 16 9 6 22 
Beneficio: -2612
d 14 16 6 22 9 30 26 4 3 24 19 21 18 25 20 21 29 7 5 30 22 6 24 26 3 
Beneficio: -1229
d 14 16 6 22 9 30 26 4 3 24 19 7 29 21 20 28 2 23 12 13 2 12 
Beneficio: -3741
d 14 16 6 22 9 30 26 4 3 24 19 29 21 25 20 21 18 20 28 2 23 13 
Beneficio: -1573
d 14 16 6 22 9 30 26 4 3 24 19 21 20 25 21 29 7 5 30 14 24 26 
Beneficio: -8991
d 14 16 6 22 9 30 26 4 3 24 19 21 8 25 18 20 28 23 2 13 12 
Beneficio: -7755
d 14 16 6 22 9 30 26 4 3 24 5 7 29 21 15 25 20 18 25 8 
Beneficio: -1444
d 14 16 6 22 9 30 26 3 24 5 7 29 21 20 25 21 19 24 26 10 22 16 
Beneficio: -4580
d 14 16 6 22 9 30 26 3 24 5 7 29 19 21 15 25 18 20 21 25 8 
Beneficio: -4703
d 14 16 6 22 9 30 26 3 24 5 7 29 21 20 18 15 8 25 
Beneficio: -1733
d 14 16 6 22 9 30 26 3 24 5 7 29 8 21 20 28 23 2 13 12 2 
Beneficio: -9429
d 14 16 6 22 9 30 26 3 24 5 7 19 21 15 25 20 28 23 2 
Beneficio: -5489
d 14 16 6 22 9 30 26 3 24 19 29 21 25 20 21 25 18 20 28 2 12 23 
Beneficio: -6288
d 14 16 6 22 9 30 26 3 24 19 29 8 15 25 20 28 23 12 2 13 
Beneficio: -2310
d 14 16 6 22 9 30 26 3 24 19 21 20 25 21 29 7 5 24 30 10 17 
Beneficio: -1927
d 14 16 6 22 9 30 26 3 24 19 21 25 20 21 29 7 5 16 22 30 24 6 
Beneficio: -4179
d 14 16 6 22 9 30 26 3 24 19 7 29 19 21 25 18 20 21 8 15 18 
Beneficio: -1737
d 14 16 6 22 9 30 26 3 24 19 7 29 21 15 25 20 21 29 8 15 
Beneficio: -7467
d 14 16 6 22 9 30 26 3 24 19 29 21 15 25 20 28 2 23 12 13 
Beneficio: -4445
d 14 16 6 22 9 30 26 3 24 19 29 8 21 20 28 23 12 13 2 28 
Beneficio: -1246
d 14 16 6 22 9 30 26 3 24 19 21 25 20 21 29 7 5 30 22 6 
Beneficio: -4903
d 14 16 6 22 9 30 26 3 24 19 29 21 8 15 25 18 20 21 15 25 20 
Beneficio: -5470
d 14 16 6 22 9 30 26 3 24 19 29 21 20 18 21 25 20 
Beneficio: -6858
d 14 16 6 22 9 30 26 24 3 4 26 24 19 21 8 15 25 18 20 21 15 
Beneficio: -2992
d 14 16 6 22 9 30 26 24 5 7 29 8 25 21 20 28 2 12 13 2 
Beneficio: -2629
d 14 16 6 22 9 30 26 24 5 7 29 8 25 15 21 20 25 21 29 
Beneficio: -4195
d 14 16 6 22 9 30 26 24 5 7 29 8 15 21 20 28 23 12 13 2 12 
Beneficio: -5893
d 14 16 6 22 9 30 26 24 19 29 7 19 21 25 18 20 21 25 15 8 29 
Beneficio: -11086
d 14 16 6 22 9 30 26 24 19 29 21 18 15 8 25 20 28 2 23 12 13 
Beneficio: -1668
d 14 16 6 22 9 30 26 24 19 21 20 25 21 29 7 5 30 10 22 6 26 4 3 24 16 
Beneficio: -3917
d 14 16 6 22 9 30 26 24 19 21 25 18 20 21 15 25 20 28 23 2 13 12 
Beneficio: -8142
d 14 16 6 22 9 30 26 24 19 7 29 8 15 18 20 28 2 13 12 2 
Beneficio: -5888
d 14 16 6 22 9 30 26 24 19 29 7 29 21 25 20 28 2 23 12 13 2 13 
Beneficio: -8035
d 14 16 6 22 9 30 26 24 19 29 8 15 25 20 28 2 13 23 12 
Beneficio: -4231
d 14 16 6 22 9 30 26 24 19 21 18 20 21 15 25 20 28 2 12 13 2 
Beneficio: 1812
d 14 16 6 22 9 30 26 3 24 5 7 29 19 21 20 25 18 20 28 2 12 13 2 
Beneficio: -9483
d 14 16 6 22 9 30 26 3 24 5 7 19 29 8 15 21 25 18 20 25 
Beneficio: -2168
d 14 16 6 22 9 30 26 3 24 5 7 29 21 25 18 20 21 25 20 28 2 23 13 
Beneficio: 966
d 14 16 6 22 9 30 26 3 24 19 29 7 29 21 20 18 25 20 28 2 13 12 2 
Beneficio: -5249
d 14 16 6 22 9 30 26 3 24 19 29 8 15 25 21 20 28 2 13 12 23 2 
Beneficio: -5425
d 14 16 6 22 9 30 26 3 24 19 21 20 18 25 20 28 23 12 2 13 
Beneficio: -4325
d 14 16 6 22 9 30 26 3 24 19 21 18 20 21 25 
Beneficio: -2595
d 14 16 6 22 9 30 26 3 24 19 21 25 20 21 29 7 29 8 15 25 18 20 
Beneficio: -8811
d 14 16 6 22 9 30 26 3 24 19 29 8 25 18 20 25 15 21 
Beneficio: -6538
d 14 16 6 22 9 30 26 3 24 19 7 29 19 21 25 20 28 23 12 2 
Beneficio: -7279
d 14 16 6 22 9 30 26 3 24 19 29 8 15 21 20 25 20 
Beneficio: -5350
d 14 16 6 22 9 30 26 4 3 24 5 7 19 29 8 15 25 18 20 25 21 20 
Beneficio: -5261
d 14 16 6 22 9 30 26 4 3 24 5 7 29 8 15 25 21 20 25 18 21 
Beneficio: -6434
d 14 16 6 22 9 30 26 4 3 24 19 29 21 15 18 20 21 25 15 8 
Beneficio: -5292
d 14 16 6 22 9 30 26 4 3 24 19 21 15 25 18 20 21 25 20 28 2 23 13 12 
Beneficio: -2006
d 14 16 6 22 9 30 26 4 3 24 19 7 29 19 21 20 18 25 21 29 
Beneficio: -8659
d 14 16 6 22 9 30 26 4 3 24 19 29 8 15 21 18 20 28 2 13 12 
Beneficio: 690
d 14 16 6 22 9 30 26 4 3 24 19 7 29 21 20 25 21 19 29 
Beneficio: -4091
d 14 16 6 22 9 30 26 4 3 24 5 7 19 21 20 25 15 8 29 21 
Beneficio: -4641
d 14 16 6 22 9 30 26 4 3 24 19 29 7 29 8 21 18 20 21 25 18 
Beneficio: -2047
d 14 16 6 22 9 30 26 4 3 24 19 21 25 20 21 29 7 5 30 9 16 22 6 
Beneficio: -4656
d 14 16 6 22 9 30 26 4 3 24 19 29 21 18 20 21 15 25 20 28 2 
Beneficio: -6847
d 14 16 6 22 9 30 26 4 3 24 19 29 21 25 18 20 21 25 20 18 
Beneficio: -9634
d 14 16 6 22 9 30 26 24 5 7 19 29 21 25 18 20 21 
Beneficio: -10508
d 14 16 6 22 9 30 26 24 19 29 21 15 8 25 20 28 23 12 13 
Beneficio: -4490
d 14 16 6 22 9 30 24 3 4 26 24 5 7 29 8 15 21 20 28 2 23 13 12 
Beneficio: 717
d 14 16 6 22 9 30 24 3 4 26 24 5 7 29 21 25 20 21 15 18 20 28 2 13 12 2 
Beneficio: -2167
d 14 16 6 22 9 30 24 3 4 26 24 19 29 7 19 21 20 25 8 15 21 18 
Beneficio: -5509
d 14 16 6 22 9 30 24 3 4 26 24 19 29 8 25 15 18 20 21 
Beneficio: 49
d 14 16 6 22 9 30 24 3 4 26 24 19 7 29 21 20 25 18 20 28 2 23 13 2 23 12 
Beneficio: -2519
d 14 16 6 22 9 30 24 3 4 26 24 19 29 21 20 18 25 20 28 2 13 12 2 28 23 
Beneficio: -7615
d 14 16 6 22 9 30 24 3 4 26 24 19 21 25 18 20 21 18 25 8 29 
Beneficio: -4175
d 14 16 6 22 9 30 24 3 4 26 24 5 7 19 29 21 20 25 18 21 
Beneficio: -3770
d 14 16 6 22 9 30 24 3 4 26 24 19 21 20 28 2 13 23 
Beneficio: -962
d 14 16 6 22 9 30 24 3 4 26 24 19 29 7 19 21 15 25 20 21 29 8 
Beneficio: -2223
d 14 16 6 22 9 30 24 3 4 26 24 19 7 29 8 25 18 20 21 25 20 
Beneficio: -3797
d 14 16 6 22 9 30 24 3 4 26 24 5 7 29 21 15 25 20 28 2 13 12 2 23 
Beneficio: -4774
d 14 16 6 22 9 30 24 3 4 26 24 5 7 29 21 15 25 20 21 25 15 
Beneficio: -4109
d 14 16 6 22 9 30 24 3 4 26 24 19 29 8 25 15 21 20 25 18 21 
Beneficio: -5842
d 14 16 6 22 9 30 24 3 4 26 24 19 7 29 21 25 20 18 21 25 8 
Beneficio: -2637
d 14 16 6 22 9 30 24 3 4 26 24 19 21 18 20 25 21 20 28 2 13 12 2 23 
Beneficio: -2530
d 14 16 6 22 9 30 24 3 4 26 24 19 29 21 20 18 21 25 20 28 2 13 12 23 2 
Beneficio: -11155
d 14 16 6 22 9 30 24 3 4 26 24 19 29 8 25 18 21 15 
Beneficio: -2592
d 14 16 6 22 9 30 24 3 26 24 5 7 29 19 21 18 20 21 25 20 25 
Beneficio: -6303
d 14 16 6 22 9 30 24 3 26 24 19 29 21 25 20 28 2 12 13 2 23 13 12 
Beneficio: -2277
d 14 16 6 22 9 30 24 3 26 24 19 21 18 25 20 21 29 7 5 30 22 6 26 10 
Beneficio: -1848
d 14 16 6 22 9 30 24 3 26 24 19 29 21 25 20 21 18 25 15 8 29 7 
Beneficio: -2257
d 14 16 6 22 9 30 24 3 26 24 19 7 29 8 15 25 21 20 25 15 21 29 
Beneficio: -1305
d 14 16 6 22 9 30 24 3 26 24 5 7 19 29 8 25 20 21 29 7 
Beneficio: -5138
d 14 16 6 22 9 30 24 3 26 24 19 21 25 20 18 21 20 28 2 12 13 
Beneficio: -2691
d 14 16 6 22 9 30 24 3 26 24 19 21 20 25 21 18 20 28 23 12 13 2 28 
Beneficio: -6313
d 14 16 6 22 9 30 24 26 4 3 24 5 7 29 8 25 20 25 18 15 
Beneficio: -8560
d 14 16 6 22 9 30 24 26 4 3 24 5 7 29 21 25 18 20 28 23 12 2 
Beneficio: -3784
d 14 16 6 22 9 30 24 26 4 3 24 19 29 7 19 21 18 20 21 15 8 
Beneficio: -2533
d 14 16 6 22 9 30 24 26 4 3 24 19 29 8 15 25 20 18 21 20 28 2 13 
Beneficio: -2338
d 14 16 6 22 9 30 24 26 4 3 24 19 7 29 19 21 18 20 21 15 25 20 28 2 12 13 
Beneficio: -1923
d 14 16 6 22 9 30 24 26 4 3 24 19 29 21 20 25 15 8 29 7 5 30 
Beneficio: -2802
d 14 16 6 22 9 30 24 26 4 3 24 19 21 25 20 21 18 20 28 2 13 12 23 28 
Beneficio: -2218
d 14 16 6 22 9 30 24 26 4 3 24 5 7 29 21 25 18 20 21 25 20 28 2 23 
Beneficio: -5306
d 14 16 6 22 9 30 24 26 4 3 24 5 7 19 29 8 15 21 20 18 25 20 
Beneficio: -5406
d 14 16 6 22 9 30 24 26 4 3 24 19 29 8 15 21 25 18 20 25 21 20 18 15 
Beneficio: -7186
d 14 16 6 22 9 30 24 26 4 3 24 19 29 8 15 21 20 18 21 25 15 
Beneficio: -8663
d 14 16 6 22 9 30 24 26 4 3 24 19 21 25 18 20 28 2 13 23 
Beneficio: -7139
d 14 16 6 22 9 30 24 26 3 24 5 7 19 21 20 18 25 8 15 21 
Beneficio: -2221
d 14 16 6 22 9 30 24 26 3 24 5 7 29 8 21 15 25 20 21 25 15 
Beneficio: -5393
d 14 16 6 22 9 30 24 26 3 24 19 21 20 25 18 20 28 23 2 12 13 
Beneficio: -2084
d 14 16 6 22 9 30 24 26 3 24 19 7 29 19 21 18 25 20 21 25 8 15 
Beneficio: -2439
d 14 16 6 22 9 30 24 26 3 24 19 21 15 18 25 20 21 15 8 29 7 
Beneficio: -3824
d 14 16 6 22 9 30 24 26 3 24 5 7 19 21 20 25 15 8 
Beneficio: -4180
d 14 16 6 22 9 30 24 26 3 24 19 29 21 18 20 25 21 20 18 25 8 
Beneficio: -1865
d 14 16 6 22 9 30 24 26 3 24 19 7 29 8 15 21 20 25 21 8 
Beneficio: -7686
d 14 16 6 22 9 30 24 26 3 24 19 21 25 18 20 21 29 8 25 15 
Beneficio: -4335
d 14 16 6 22 9 30 24 26 4 3 24 19 29 21 25 20 21 25 18 20 28 2 
Beneficio: -3557
d 14 16 6 22 9 30 24 26 4 3 24 19 29 21 15 18 20 25 18 20 21 25 
Beneficio: -9281
d 14 16 6 22 9 30 24 26 4 3 24 5 7 19 29 8 25 20 18 25 21 
Beneficio: -4046
d 14 16 6 22 9 30 24 26 4 3 24 19 21 20 25 15 8 29 7 
Beneficio: -4916
d 14 16 6 22 9 30 24 5 7 29 21 15 8 25 18 20 21 18 20 
Beneficio: -8387
d 14 16 6 22 9 30 24 5 7 29 8 15 25 18 20 28 2 13 2 
Beneficio: -11093
d 14 16 6 22 9 30 24 5 7 29 19 21 18 25 20 18 15 
Beneficio: -4447
d 14 16 6 22 9 30 24 5 7 29 8 15 25 18 21 20 
Beneficio: -2943
d 14 16 6 22 9 30 24 5 7 29 21 20 25 21 19 24 26 4 3 
Beneficio: -4256
d 14 16 6 22 9 30 24 5 7 29 8 25 15 21 20 25 8 29 21 19 
Beneficio: -4324
d 14 16 6 22 9 30 24 5 7 29 19 21 8 15 25 20 21 8 25 18 
Beneficio: -4700
d 14 16 6 22 9 30 24 26 4 3 24 5 7 19 29 21 20 28 2 23 12 13 2 
Beneficio: -8612
d 14 16 6 22 9 30 24 26 4 3 24 19 29 21 18 20 28 2 13 12 2 
Beneficio: -3505
d 14 16 6 22 9 30 24 19 29 21 20 25 21 18 20 28 2 12 13 2 23 12 13 
Beneficio: -4138
d 14 16 6 22 9 30 24 19 29 21 25 18 20 21 18 20 25 15 8 29 7 19 
Beneficio: -10347
d 14 16 6 22 9 30 24 19 29 8 25 18 20 28 23 13 12 2 13 
Beneficio: -7036
d 14 16 6 22 9 30 24 19 29 21 25 20 21 8 25 18 15 
Beneficio: -2080
d 14 16 6 22 9 30 24 19 21 20 25 21 29 7 5 24 3 4 26 10 30 16 22 6 9 
Beneficio: -4278
d 14 16 6 22 9 30 24 19 21 15 8 25 20 21 18 20 28 2 13 2 23 
Beneficio: -2275
d 14 16 6 22 9 30 24 19 21 25 20 21 29 7 5 14 30 6 26 3 24 26 4 3 
Beneficio: -12684
d 14 16 6 22 9 30 24 19 21 25 20 18 15 8 29 
Beneficio: -1780
d 14 16 6 22 9 30 24 19 7 29 21 25 20 18 25 21 20 28 2 12 13 2 23 28 
Beneficio: -11321
d 14 16 6 22 9 30 24 19 29 8 21 18 25 20 28 
Beneficio: -8201
d 14 16 6 22 9 30 24 19 21 18 20 21 15 8 25 
Beneficio: -4190
d 14 16 6 22 9 30 24 19 29 21 25 18 20 21 25 20 28 23 13 2 13 12 
Beneficio: -8786
d 14 16 6 22 9 30 24 19 29 8 21 15 25 20 28 2 12 13 2 28 
Beneficio: -2307
d 14 16 6 22 9 30 24 19 21 20 25 21 29 7 5 30 16 10 26 3 24 6 22 
Beneficio: -3555
d 14 16 6 22 9 30 24 19 21 25 20 21 29 7 5 16 30 10 6 24 26 4 3 
Beneficio: -3863
d 14 16 6 22 9 30 24 19 7 29 19 21 15 25 18 20 21 29 8 15 25 20 
Beneficio: -3429
d 14 16 6 22 9 30 24 19 7 29 19 21 18 25 20 21 18 
Beneficio: -6517
d 14 16 6 22 9 30 5 24 3 4 26 24 19 21 25 18 20 25 15 8 29 7 
Beneficio: -2373
d 14 16 6 22 9 30 5 24 26 4 3 24 19 29 7 29 21 25 20 21 15 25 20 
Beneficio: -8860
d 14 16 6 22 9 30 5 24 26 3 24 19 29 21 18 25 20 18 
Beneficio: -9560
d 14 16 6 22 9 30 5 24 19 7 29 8 25 15 21 20 18 
Beneficio: -2412
d 14 16 6 22 9 30 5 24 3 4 26 24 19 7 29 8 15 21 20 25 21 29 
Beneficio: -7671
d 14 16 6 22 9 30 5 24 26 4 3 24 19 29 21 20 28 2 23 13 12 
Beneficio: -9638
d 14 16 6 22 9 30 5 24 19 29 21 25 18 20 21 20 
Beneficio: -3955
d 14 16 6 22 9 30 5 7 29 19 21 25 20 21 18 20 28 23 2 12 
Beneficio: -2235
d 14 16 6 22 9 30 5 7 29 21 20 25 21 19 24 26 4 3 24 14 30 6 10 22 
Beneficio: -2130
d 14 16 6 22 9 30 5 7 29 21 20 25 8 29 19 24 26 4 3 24 22 10 17 
Beneficio: -2108
d 14 16 6 22 9 30 5 7 29 21 15 25 20 21 19 24 26 3 24 6 9 16 30 10 17 
Beneficio: -6355
d 14 16 6 22 9 30 5 7 29 21 25 20 28 23 13 12 2 
Beneficio: 352
d 14 16 6 22 9 30 5 7 29 21 18 20 25 21 20 28 2 13 12 2 23 
Beneficio: -3652
d 14 16 6 22 9 30 5 7 29 8 15 25 21 20 18 25 20 28 2 12 23 
Beneficio: -10828
d 14 16 6 22 9 30 5 7 29 8 21 18 20 28 2 12 13 23 
Beneficio: -2234
d 14 16 6 22 9 30 5 7 29 8 21 20 25 21 29 19 24 3 4 26 24 6 22 
Beneficio: -8060
d 14 16 6 22 9 30 5 7 19 29 8 21 20 28 2 12 13 
Beneficio: -5836
d 14 16 6 22 9 30 5 7 29 8 21 20 28 2 12 13 2 
Beneficio: -2589
d 14 16 6 22 9 30 5 7 29 21 20 25 18 21 19 24 3 4 26 6 9 14 30 10 
Beneficio: -2334
d 14 16 6 22 9 30 5 7 29 21 25 20 21 19 24 3 26 22 6 30 10 9 
Beneficio: -2318
d 14 16 6 22 9 30 5 7 29 8 15 21 20 25 8 29 21 
Beneficio: -6780
d 14 16 6 22 9 30 5 7 19 29 21 25 20 28 2 13 12 
Beneficio: -2079
d 14 16 6 22 9 30 10 26 4 3 24 5 7 19 29 21 20 25 21 19 29 7 
Beneficio: -2953
d 14 16 6 22 9 30 10 26 4 3 24 19 7 29 21 25 20 28 2 13 12 23 28 
Beneficio: -531
d 14 16 6 22 9 30 10 26 4 3 24 5 7 29 8 15 25 20 21 15 
Beneficio: -1004
d 14 16 6 22 9 30 10 26 4 3 24 19 7 29 21 20 25 15 21 19 29 
Beneficio: -4652
d 14 16 6 22 9 30 10 26 3 24 19 7 29 19 21 15 25 18 20 21 
Beneficio: -8341
d 14 16 6 22 9 30 10 26 24 19 29 21 25 20 18 15 
Beneficio: -4004
d 14 16 6 22 9 30 10 26 3 24 19 29 7 29 21 25 20 28 2 13 23 
Beneficio: -4945
d 14 16 6 22 9 30 10 26 4 3 24 19 21 25 20 28 2 13 12 2 
Beneficio: -3008
d 14 16 6 22 9 30 10 26 4 3 24 19 21 15 25 20 21 29 19 
Beneficio: -7375
d 14 16 6 22 9 30 26 4 3 24 5 7 19 29 21 20 18 15 25 
Beneficio: -8810
d 14 16 6 22 9 30 26 4 3 24 19 29 8 15 21 25 20 28 23 
Beneficio: -9497
d 14 16 6 22 9 30 26 4 3 24 19 21 25 20 25 8 15 18 
Beneficio: -5634
d 14 16 6 22 9 30 26 4 3 24 5 7 29 21 25 20 28 2 13 12 23 28 
Beneficio: -2917
d 14 16 6 22 9 30 26 4 3 24 19 29 21 15 25 18 20 21 25 20 28 2 23 13 2 
Beneficio: -4452
d 14 16 6 22 9 30 26 4 3 24 19 29 8 15 18 25 21 20 25 15 21 
Beneficio: -70
d 14 16 6 22 9 30 26 3 24 5 7 29 21 20 25 20 28 2 23 13 2 
Beneficio: -5118
d 14 16 6 22 9 30 26 3 24 19 21 18 25 20 21 25 8 15 
Beneficio: -4400
d 14 16 6 22 9 30 26 3 24 5 7 29 8 15 21 20 25 18 20 
Beneficio: -4439
d 14 16 6 22 9 30 26 24 19 29 21 20 28 2 13 12 23 28 
Beneficio: -9389
d 14 16 6 22 9 30 26 24 19 29 8 21 18 20 21 25 15 
Beneficio: -7146
d 14 16 6 22 9 30 26 3 24 19 29 21 18 20 21 25 8 15 
Beneficio: -10414
d 14 16 6 22 9 30 26 3 24 19 21 25 20 18 25 15 
Beneficio: -2472
d 14 16 6 22 9 30 26 4 3 24 19 29 8 21 20 25 21 15 8 29 7 
Beneficio: -9471
d 14 16 6 22 9 30 26 4 3 24 19 29 7 19 
Beneficio: -2448
d 14 16 6 22 9 10 30 5 24 3 4 26 24 19 7 29 21 8 25 20 21 15 8 
Beneficio: -8921
d 14 16 6 22 9 10 30 5 24 3 26 24 19 21 25 20 18 21 25 15 8 
Beneficio: -4896
d 14 16 6 22 9 10 30 5 24 26 4 3 24 19 7 29 21 25 15 18 20 21 15 
Beneficio: -5467
d 14 16 6 22 9 10 30 5 24 26 4 3 24 19 29 8 21 18 25 20 21 25 
Beneficio: -3971
d 14 16 6 22 9 10 30 5 24 19 7 29 21 15 25 20 21 18 25 8 
Beneficio: -4580
d 14 16 6 22 9 10 30 5 24 3 4 26 24 19 21 20 18 25 20 28 23 12 13 
Beneficio: -9123
d 14 16 6 22 9 10 30 5 24 3 26 24 19 21 18 20 25 21 29 8 15 
Beneficio: -6886
d 14 16 6 22 9 10 30 5 24 26 3 24 19 29 8 25 21 20 18 
Beneficio: -4604
d 14 16 6 22 9 10 30 5 24 19 21 18 20 21 25 20 18 25 
Beneficio: -4384
d 14 16 6 22 9 10 30 5 7 29 19 21 15 25 20 28 2 12 13 2 23 13 
Beneficio: -2841
d 14 16 6 22 9 10 30 5 7 29 21 20 25 18 21 19 24 6 9 30 26 3 
Beneficio: -2149
d 14 16 6 22 9 10 30 5 7 29 21 20 25 21 19 24 3 4 26 6 24 14 30 9 10 17 
Beneficio: -1843
d 14 16 6 22 9 10 30 5 7 29 21 20 25 15 21 19 24 3 4 26 24 14 30 9 6 10 22 
Beneficio: -5602
d 14 16 6 22 9 10 30 5 7 29 21 15 25 20 28 23 12 13 2 23 13 12 
Beneficio: -1922
d 14 16 6 22 9 10 30 5 7 29 21 25 20 21 19 24 26 4 3 24 22 16 9 30 6 10 
Beneficio: -1843
d 14 16 6 22 9 10 30 5 7 29 21 25 20 21 19 24 26 4 3 24 22 9 30 
Beneficio: -10939
d 14 16 6 22 9 10 30 5 7 29 21 15 8 25 18 20 28 2 23 
Beneficio: -2086
d 14 16 6 22 9 10 30 5 7 29 8 15 25 20 21 29 19 24 3 4 26 6 10 16 9 
Beneficio: -2458
d 14 16 6 22 9 10 30 5 7 29 8 25 15 21 20 25 21 29 19 24 26 4 3 24 30 22 6 10 17 
Beneficio: -6575
d 14 16 6 22 9 10 30 5 7 29 8 15 21 19 24 3 26 
Beneficio: -4180
d 14 16 6 22 9 10 30 5 7 29 8 25 21 20 25 18 21 29 19 7 
Beneficio: -7239
d 14 16 6 22 9 10 30 5 7 19 29 21 18 20 21 8 25 20 28 23 
Beneficio: -4014
d 14 16 6 22 9 10 30 5 7 29 21 20 28 2 13 12 2 23 
Beneficio: -9500
d 14 16 6 22 9 10 30 5 7 19 21 18 20 21 25 15 18 20 
Beneficio: -2478
d 14 16 6 22 9 10 30 5 7 29 21 20 25 21 19 24 3 4 26 6 9 30 22 10 17 
Beneficio: -1053
d 14 16 6 22 9 10 30 5 7 29 21 25 20 21 25 18 20 28 2 12 13 2 23 
Beneficio: -8014
d 14 16 6 22 9 10 30 5 7 29 21 8 25 18 20 28 23 2 13 12 
Beneficio: -1184
d 14 16 6 22 9 10 30 5 7 29 8 15 25 20 21 25 18 20 28 2 12 13 2 
Beneficio: -13401
d 14 16 6 22 9 10 30 5 7 19 21 25 18 20 28 23 2 12 
Beneficio: -3493
d 14 16 6 22 9 10 30 24 3 4 26 24 5 7 29 8 15 25 18 20 21 18 
Beneficio: -1655
d 14 16 6 22 9 10 30 24 3 4 26 24 19 29 21 20 25 18 20 28 23 12 13 2 
Beneficio: -2361
d 14 16 6 22 9 10 30 24 3 4 26 24 19 7 29 19 21 15 18 20 21 25 20 18 25 
Beneficio: -6164
d 14 16 6 22 9 10 30 24 3 4 26 24 19 21 15 25 18 20 21 8 15 
Beneficio: -4951
d 14 16 6 22 9 10 30 24 3 4 26 30 5 7 19 29 21 25 20 21 8 25 18 
Beneficio: -10533
d 14 16 6 22 9 10 30 24 3 4 26 24 19 29 8 15 25 18 20 
Beneficio: -10308
d 14 16 6 22 9 10 30 24 3 4 26 24 19 29 21 25 20 
Beneficio: -4753
d 14 16 6 22 9 10 30 24 3 4 26 24 5 7 29 21 18 25 20 21 25 15 8 
Beneficio: -2203
d 14 16 6 22 9 10 30 24 3 4 26 24 19 21 25 18 20 21 25 20 28 2 13 12 2 
Beneficio: -2021
d 14 16 6 22 9 10 30 24 3 4 26 24 19 7 29 21 15 25 20 21 25 18 
Beneficio: -2616
d 14 16 6 22 9 10 30 24 3 26 24 5 7 29 8 15 25 20 18 25 21 20 18 
Beneficio: -2104
d 14 16 6 22 9 10 30 24 3 26 24 19 29 8 25 15 21 20 18 25 20 18 21 29 7 
Beneficio: -7634
d 14 16 6 22 9 10 30 24 3 26 24 19 29 8 25 21 20 28 2 23 12 13 
Beneficio: -2494
d 14 16 6 22 9 10 30 24 3 26 24 19 29 7 29 8 25 21 20 25 15 
Beneficio: -4225
d 14 16 6 22 9 10 30 24 3 26 24 19 21 15 8 25 20 21 25 18 20 
Beneficio: -1159
d 14 16 6 22 9 10 30 24 26 4 3 24 5 7 29 8 25 15 21 20 25 21 19 29 
Beneficio: -3689
d 14 16 6 22 9 10 30 24 26 4 3 24 19 21 20 25 18 15 21 29 19 7 
Beneficio: -4997
d 14 16 6 22 9 10 30 24 26 4 3 24 19 29 21 15 25 20 21 20 18 25 8 
Beneficio: -3288
d 14 16 6 22 9 10 30 24 26 4 3 24 5 7 29 21 18 20 25 21 
Beneficio: -6821
d 14 16 6 22 9 10 30 24 26 4 3 24 19 29 8 15 25 18 20 21 15 18 
Beneficio: -6524
d 14 16 6 22 9 10 30 24 26 4 3 24 19 21 25 20 28 2 13 23 2 12 
Beneficio: -1917
d 14 16 6 22 9 10 30 24 26 3 24 5 7 29 21 18 20 21 25 20 18 25 15 
Beneficio: -5191
d 14 16 6 22 9 10 30 24 26 3 24 19 29 21 8 25 20 21 15 18 25 
Beneficio: -6499
d 14 16 6 22 9 10 30 24 26 3 24 5 7 29 21 18 20 25 21 15 
Beneficio: -4942
d 14 16 6 22 9 10 30 24 26 3 24 19 29 21 25 18 20 21 18 25 20 
Beneficio: -1929
d 14 16 6 22 9 10 30 24 26 4 3 24 19 29 7 19 21 15 25 20 21 25 
Beneficio: -2030
d 14 16 6 22 9 10 30 24 26 4 3 24 5 7 29 19 21 18 20 21 25 20 
Beneficio: -1453
d 14 16 6 22 9 10 30 24 5 7 29 21 20 18 25 20 28 23 12 13 2 12 13 
Beneficio: -7133
d 14 16 6 22 9 10 30 24 5 7 29 21 15 18 25 20 21 25 15 18 
Beneficio: -1505
d 14 16 6 22 9 10 30 24 5 7 29 21 20 18 25 20 28 2 12 13 2 23 13 
Beneficio: -2182
d 14 16 6 22 9 10 30 24 5 7 29 21 15 25 20 21 19 24 3 4 26 10 
Beneficio: -2425
d 14 16 6 22 9 10 30 24 26 4 3 24 19 7 29 21 15 25 20 21 25 18 
Beneficio: -3801
d 14 16 6 22 9 10 30 24 19 29 21 18 20 25 21 20 28 2 13 12 23 
Beneficio: -1770
d 14 16 6 22 9 10 30 24 19 21 20 25 21 29 7 5 30 16 24 3 4 26 24 
Beneficio: -2444
d 14 16 6 22 9 10 30 24 19 21 25 20 21 29 7 5 16 9 30 22 6 10 26 4 3 24 26 3 4 
Beneficio: -1412
d 14 16 6 22 9 10 30 24 19 7 29 21 18 20 21 25 20 28 2 13 2 23 
Beneficio: -1271
d 14 16 6 22 9 10 30 24 19 29 7 19 21 25 18 20 21 15 25 20 28 2 13 12 
Beneficio: -6452
d 14 16 6 22 9 10 30 24 19 29 8 15 18 25 21 20 25 15 21 
Beneficio: -6608
d 14 16 6 22 9 10 30 24 19 21 25 18 20 21 18 20 28 2 12 13 2 
Beneficio: -842
d 14 16 6 22 9 10 30 26 4 3 24 30 5 7 29 19 21 15 25 20 21 25 18 15 8 
Beneficio: -5129
d 14 16 6 22 9 10 30 26 4 3 24 30 5 7 19 21 25 20 21 29 8 
Beneficio: -704
d 14 16 6 22 9 10 30 26 4 3 24 5 7 29 8 15 25 20 21 25 18 20 
Beneficio: -4598
d 14 16 6 22 9 10 30 26 4 3 24 19 29 21 20 18 21 19 7 29 8 15 25 
Beneficio: -2521
d 14 16 6 22 9 10 30 26 4 3 24 19 21 15 25 20 21 29 7 5 30 6 26 3 
Beneficio: -4534
d 14 16 6 22 9 10 30 26 4 3 24 19 29 7 19 21 15 18 20 21 25 18 
Beneficio: -2240
d 14 16 6 22 9 10 30 26 4 3 24 19 7 29 19 21 25 20 18 21 20 28 23 
Beneficio: -10999
d 14 16 6 22 9 10 30 26 4 3 24 5 7 29 19 21 15 25 18 
Beneficio: -4511
d 14 16 6 22 9 10 30 26 4 3 24 19 29 8 15 21 20 25 8 21 19 
Beneficio: -4544
d 14 16 6 22 9 10 30 26 4 3 24 19 29 7 19 21 20 18 25 8 15 
Beneficio: -9677
d 14 16 6 22 9 10 30 26 4 3 24 19 29 21 25 20 21 15 8 
Beneficio: -158
d 14 16 6 22 9 10 30 26 3 24 5 7 29 21 20 25 15 8 29 
Beneficio: -2341
d 14 16 6 22 9 10 30 26 3 24 19 21 25 20 21 29 7 5 14 30 22 24 26 
Beneficio: -7371
d 14 16 6 22 9 10 30 26 3 24 19 29 21 20 28 2 23 12 13 
Beneficio: -2578
d 14 16 6 22 9 10 30 26 24 5 7 29 21 20 25 21 19 24 3 26 10 6 24 30 
Beneficio: -6537
d 14 16 6 22 9 10 30 26 24 19 29 7 19 21 25 20 21 8 
Beneficio: -9028
d 14 16 6 22 9 10 30 26 24 19 29 8 15 21 20 18 25 8 
Beneficio: -2578
d 14 16 6 22 9 10 30 26 3 24 5 7 29 21 20 25 15 21 19 24 16 10 17 
Beneficio: -7602
d 14 16 6 22 9 10 30 26 3 24 19 29 8 21 25 18 20 21 18 
######### Overtime ############
Mejor solucion encontrada!
Beneficio: 54
d 14 16 6 22 9 30 5 7 29 21 20 25 21 19 24 3 4 26 24 14 d 
Time taken: 7200.00s
