Evaluando ./Instances\RANDOM\R6NoRPP
Solucion inicial: ./Instances\RANDOM\R6NoRPP-salida.txt

Beneficio: 6512
d 6 23 24 5 28 6 26 5 24 28 22 14 16 29 23 18 13 21 11 17 15 18 6 7 15 6 17 d 
Beneficio: 4898
d 6 23 24 5 28 6 26 5 24 28 22 14 16 29 23 18 13 21 11 29 d 17 15 6 7 15 18 7 
Beneficio: 4776
d 6 23 24 5 28 6 26 5 24 28 22 14 16 29 23 18 13 11 29 7 15 18 6 15 d 7 
Beneficio: 5263
d 6 23 24 5 28 6 26 5 24 28 22 14 16 29 23 18 15 7 6 17 d 15 6 18 13 21 4 9 12 2 30 
Beneficio: 1609
d 6 23 24 5 28 6 26 5 24 28 22 14 16 29 23 18 15 7 18 6 17 d 15 6 17 29 11 21 13 8 3 
Beneficio: 1374
d 6 23 24 5 28 6 26 5 24 28 22 14 16 29 23 18 15 6 7 15 7 d 17 11 21 3 8 25 
Beneficio: 5216
d 6 23 24 5 28 6 26 5 24 28 22 14 16 29 23 18 15 6 17 7 15 11 21 13 18 17 11 14 16 22 
Beneficio: 6110
d 6 23 24 5 28 6 26 5 24 28 22 14 16 29 23 18 15 6 29 17 7 15 d 17 18 13 21 25 8 3 
Beneficio: 5509
d 6 23 24 5 28 6 26 5 24 28 22 14 16 29 23 18 15 d 17 7 15 6 18 13 21 11 17 6 7 29 22 16 
Beneficio: 5262
d 6 23 24 5 28 6 26 5 24 28 22 14 16 29 23 18 15 17 11 21 13 18 29 17 7 15 6 11 
Beneficio: 4631
d 6 23 24 5 28 6 26 5 24 28 22 14 16 29 23 18 7 15 18 17 11 21 13 18 7 17 d 
Beneficio: 4813
d 6 23 24 5 28 6 26 5 24 28 22 14 16 29 23 18 15 7 17 11 21 13 18 6 15 d 17 29 22 
Beneficio: 1534
d 6 23 24 5 28 6 26 5 24 28 22 14 16 29 23 18 15 6 17 d 15 7 18 6 29 11 21 25 
Beneficio: 1401
d 6 23 24 5 28 6 26 5 24 28 22 14 16 29 23 18 15 17 7 15 6 7 17 29 11 21 4 
Beneficio: 4866
d 6 23 24 5 28 6 26 5 24 28 22 14 16 29 23 18 d 17 7 15 6 7 29 11 21 13 18 6 11 
Beneficio: 6983
d 6 23 24 5 28 6 26 5 24 28 22 14 16 29 23 17 7 15 6 7 17 18 13 21 11 26 22 
Beneficio: 5126
d 6 23 24 5 28 6 26 5 24 28 22 14 16 29 23 17 7 15 18 13 21 11 15 6 17 29 18 7 d 
Beneficio: 5038
d 6 23 24 5 28 6 26 5 24 28 22 14 16 29 23 17 7 18 13 21 11 15 18 6 7 15 6 17 11 14 16 22 28 
Beneficio: 5827
d 6 23 24 5 28 6 26 5 24 28 22 14 16 29 23 17 29 7 15 6 17 d 7 18 13 21 8 10 3 
Beneficio: 4833
d 6 23 24 5 28 6 26 5 24 28 22 14 16 29 23 17 29 18 7 15 6 7 17 d 15 18 13 8 10 21 
Beneficio: 5444
d 6 23 24 5 28 6 26 5 24 28 22 14 16 29 23 17 d 15 7 29 17 11 21 13 18 6 15 7 17 6 11 14 
Beneficio: 4937
d 6 23 24 5 28 6 26 5 24 28 22 14 16 29 23 17 d 15 18 7 15 6 17 11 13 18 6 7 17 29 
Beneficio: 4764
d 6 23 24 5 28 6 26 5 24 28 22 14 16 29 23 17 11 21 13 18 15 6 17 d 15 7 29 22 28 16 14 11 
Beneficio: 4509
d 6 23 24 5 28 6 26 5 24 28 22 14 16 29 23 17 11 13 18 15 6 17 15 d 
Beneficio: 3479
d 6 23 24 5 28 6 26 5 24 28 22 14 16 29 23 17 7 15 18 11 13 18 29 7 d 
Beneficio: 4580
d 6 23 24 5 28 6 26 5 24 28 22 14 16 29 23 17 15 7 17 11 21 13 18 7 6 17 29 
Beneficio: 6069
d 6 23 24 5 28 6 26 5 24 28 22 14 16 29 23 17 15 18 13 21 11 15 6 7 15 18 7 29 17 
Beneficio: 1370
d 6 23 24 5 28 6 26 5 24 28 22 14 16 29 23 17 18 15 7 15 6 7 29 11 21 10 3 8 
Beneficio: 7086
d 6 23 24 5 28 6 26 5 24 28 22 14 16 29 23 d 17 11 21 13 18 29 7 15 18 6 15 
Beneficio: 5287
d 6 23 24 5 28 6 26 5 24 28 22 14 16 29 23 d 7 15 18 6 15 18 13 21 11 14 22 17 6 7 
Beneficio: 4708
d 6 23 24 5 28 6 26 5 24 28 22 14 16 29 23 d 15 18 13 21 11 17 6 29 7 15 6 7 d 18 
Beneficio: 2071
d 6 23 24 5 28 6 26 5 24 28 22 14 16 29 23 d 15 7 18 15 6 7 17 11 21 10 3 
Beneficio: 5316
d 6 23 24 5 28 6 26 5 24 28 22 14 16 29 23 7 15 6 17 7 d 18 13 21 3 10 25 
Beneficio: 6368
d 6 23 24 5 28 6 26 5 24 28 22 14 16 29 23 7 15 11 13 18 15 6 29 
Beneficio: 2011
d 6 23 24 5 28 6 26 5 24 28 22 14 16 29 23 7 d 15 18 13 8 21 
Beneficio: 4476
d 6 23 24 5 28 6 26 5 24 28 22 14 16 29 23 7 15 18 6 7 29 17 11 21 13 18 15 17 d 
Beneficio: 4963
d 6 23 24 5 28 6 26 5 24 28 22 14 16 29 23 7 18 17 11 21 13 18 15 6 29 17 7 15 d 
Beneficio: 4862
d 6 23 24 5 28 6 26 5 24 28 22 14 16 29 23 d 17 15 18 7 15 6 29 18 13 21 11 17 6 7 29 
Beneficio: 11107
d 6 23 24 5 28 6 26 5 24 28 22 14 16 29 23 d 7 15 6 7 17 29 18 13 21 4 12 2 30 19 
Beneficio: 4812
d 6 23 24 5 28 6 26 5 24 28 22 14 16 29 23 17 7 15 6 d 17 29 7 18 13 8 3 
Beneficio: 5503
d 6 23 24 5 28 6 26 5 24 28 22 14 16 29 23 17 15 18 7 15 6 18 13 21 3 25 10 
Beneficio: 6431
d 6 23 24 5 28 6 26 5 24 28 22 14 16 29 23 15 18 7 15 6 18 13 21 25 
Beneficio: 5909
d 6 23 24 5 28 6 26 5 24 28 22 14 16 29 23 15 7 17 18 13 21 11 17 6 15 18 6 7 29 
Beneficio: 730
d 6 23 24 5 28 6 26 5 24 28 22 14 16 29 17 7 15 6 7 17 11 8 3 
Beneficio: 4153
d 6 23 24 5 28 6 26 5 24 28 22 14 16 29 17 7 15 6 18 11 21 13 18 15 23 17 d 
Beneficio: 10661
d 6 23 24 5 28 6 26 5 24 28 22 14 16 29 17 7 15 6 17 11 29 23 d 7 18 13 21 4 12 2 30 
Beneficio: 6351
d 6 23 24 5 28 6 26 5 24 28 22 14 16 29 17 7 15 6 29 7 23 17 11 18 13 
Beneficio: 4726
d 6 23 24 5 28 6 26 5 24 28 22 14 16 29 17 7 15 18 13 21 11 17 18 6 15 d 23 7 
Beneficio: 5549
d 6 23 24 5 28 6 26 5 24 28 22 14 16 29 17 7 15 18 23 29 7 6 17 22 11 21 13 18 6 15 11 14 16 
Beneficio: 5829
d 6 23 24 5 28 6 26 5 24 28 22 14 16 29 17 7 15 11 21 13 18 6 7 29 23 18 15 6 17 22 16 14 
Beneficio: 5203
d 6 23 24 5 28 6 26 5 24 28 22 14 16 29 17 7 18 13 21 11 22 23 29 7 15 6 7 15 17 d 
Beneficio: 5421
d 6 23 24 5 28 6 26 5 24 28 22 14 16 29 17 7 d 15 18 13 21 11 15 6 7 18 15 7 17 23 29 
Beneficio: 10577
d 6 23 24 5 28 6 26 5 24 28 22 14 16 29 17 d 7 15 6 17 7 29 18 13 21 4 9 12 4 
Beneficio: 4446
d 6 23 24 5 28 6 26 5 24 28 22 14 16 29 17 d 15 7 18 13 21 11 17 29 7 6 15 18 23 22 16 14 
Beneficio: 4931
d 6 23 24 5 28 6 26 5 24 28 22 14 16 29 17 d 23 18 13 21 11 17 29 23 15 7 6 17 15 6 18 
Beneficio: 5072
d 6 23 24 5 28 6 26 5 24 28 22 14 16 29 17 d 7 15 6 29 23 7 17 18 13 21 8 3 10 
Beneficio: 5435
d 6 23 24 5 28 6 26 5 24 28 22 14 16 29 17 d 15 11 21 13 18 7 15 6 18 23 17 7 29 
Beneficio: 4866
d 6 23 24 5 28 6 26 5 24 28 22 14 16 29 17 23 29 7 15 7 18 13 21 11 17 6 18 15 6 17 22 16 14 
Beneficio: 5403
d 6 23 24 5 28 6 26 5 24 28 22 14 16 29 17 23 29 18 15 7 15 6 7 18 13 21 11 17 6 18 23 22 
Beneficio: 5373
d 6 23 24 5 28 6 26 5 24 28 22 14 16 29 17 23 18 13 21 11 18 15 7 d 15 6 29 17 
Beneficio: 3952
d 6 23 24 5 28 6 26 5 24 28 22 14 16 29 17 23 18 7 15 6 18 13 8 3 25 21 11 17 7 d 
Beneficio: 3976
d 6 23 24 5 28 6 26 5 24 28 22 14 16 29 17 23 7 15 6 18 13 11 18 15 7 
Beneficio: 4861
d 6 23 24 5 28 6 26 5 24 28 22 14 16 29 17 23 7 15 11 21 13 18 6 15 7 d 17 
Beneficio: 5417
d 6 23 24 5 28 6 26 5 24 28 22 14 16 29 17 11 21 13 18 15 6 7 15 7 17 6 18 23 29 22 28 14 
Beneficio: 4513
d 6 23 24 5 28 6 26 5 24 28 22 14 16 29 17 11 21 13 18 6 7 15 6 17 29 22 16 
Beneficio: 5063
d 6 23 24 5 28 6 26 5 24 28 22 14 16 29 17 11 21 13 18 23 29 17 7 15 18 6 15 7 6 17 22 28 16 14 
Beneficio: 4764
d 6 23 24 5 28 6 26 5 24 28 22 14 16 29 17 11 21 13 18 7 17 6 15 18 23 29 7 15 11 26 22 14 
Beneficio: 5808
d 6 23 24 5 28 6 26 5 24 28 22 14 16 29 17 11 21 13 18 7 15 18 6 15 23 29 7 17 d 
Beneficio: 5644
d 6 23 24 5 28 6 26 5 24 28 22 14 16 29 17 7 15 6 7 18 15 17 11 21 13 18 6 29 23 22 28 
Beneficio: 4798
d 6 23 24 5 28 6 26 5 24 28 22 14 16 29 17 7 15 6 17 29 7 18 13 21 11 15 7 
Beneficio: 4952
d 6 23 24 5 28 6 26 5 24 28 22 14 16 29 17 7 15 6 7 18 13 21 11 15 18 23 17 22 28 
Beneficio: 1368
d 6 23 24 5 28 6 26 5 24 28 22 14 16 29 17 7 15 18 23 29 7 6 15 17 22 11 21 10 3 8 
Beneficio: 5468
d 6 23 24 5 28 6 26 5 24 28 22 14 16 29 17 7 18 13 21 11 23 29 7 15 6 17 d 15 18 
Beneficio: 4947
d 6 23 24 5 28 6 26 5 24 28 22 14 16 29 17 15 7 d 23 18 13 21 11 17 6 18 15 6 7 29 23 22 
Beneficio: 4805
d 6 23 24 5 28 6 26 5 24 28 22 14 16 29 17 15 7 17 11 21 13 18 7 6 15 18 6 17 23 11 
Beneficio: 409
d 6 23 24 5 28 6 26 5 24 28 22 14 16 29 17 15 18 7 15 6 7 29 17 d 18 11 21 25 
Beneficio: 4788
d 6 23 24 5 28 6 26 5 24 28 22 14 16 29 17 18 13 21 11 7 15 6 7 17 18 23 29 
Beneficio: 5077
d 6 23 24 5 28 6 26 5 24 28 22 14 16 29 17 18 13 21 11 15 6 17 7 15 18 6 7 29 23 22 
Beneficio: 9469
d 6 23 24 5 28 6 26 5 24 28 22 14 16 29 17 d 7 15 18 13 21 4 12 9 19 
Beneficio: 6486
d 6 23 24 5 28 6 26 5 24 28 22 14 16 29 7 15 6 7 18 13 21 11 26 23 18 15 17 
Beneficio: 11377
d 6 23 24 5 28 6 26 5 24 28 22 14 16 29 7 15 6 7 23 29 d 18 13 21 4 12 2 
Beneficio: 5945
d 6 23 24 5 28 6 26 5 24 28 22 14 16 29 7 15 6 18 15 d 17 11 21 13 18 7 d 23 29 
Beneficio: 4312
d 6 23 24 5 28 6 26 5 24 28 22 14 16 29 7 15 6 17 29 d 23 18 13 21 4 9 19 30 
Beneficio: 5042
d 6 23 24 5 28 6 26 5 24 28 22 14 16 29 7 15 6 17 18 13 21 11 17 29 23 7 18 d 
Beneficio: 4179
d 6 23 24 5 28 6 26 5 24 28 22 14 16 29 7 15 6 17 23 d 18 13 21 3 25 
Beneficio: 6239
d 6 23 24 5 28 6 26 5 24 28 22 14 16 29 7 15 6 29 d 17 11 21 13 18 23 29 17 15 
Beneficio: 4706
d 6 23 24 5 28 6 26 5 24 28 22 14 16 29 7 15 6 7 17 11 29 23 18 13 8 3 10 21 25 
Beneficio: 4801
d 6 23 24 5 28 6 26 5 24 28 22 14 16 29 7 15 6 23 29 18 17 11 21 13 18 23 d 
Beneficio: 4369
d 6 23 24 5 28 6 26 5 24 28 22 14 16 29 7 15 18 13 21 11 29 7 6 15 18 6 17 7 d 23 
Beneficio: 5039
d 6 23 24 5 28 6 26 5 24 28 22 14 16 29 7 15 18 6 15 29 23 18 13 11 17 d 
Beneficio: 3828
d 6 23 24 5 28 6 26 5 24 28 22 14 16 29 7 15 18 23 22 11 21 13 18 6 29 7 d 
Beneficio: 5407
d 6 23 24 5 28 6 26 5 24 28 22 14 16 29 7 15 18 13 21 11 29 23 17 6 15 18 6 7 
Beneficio: 5302
d 6 23 24 5 28 6 26 5 24 28 22 14 16 29 7 15 d 17 11 21 13 18 15 6 18 23 29 22 16 
Beneficio: 4272
d 6 23 24 5 28 6 26 5 24 28 22 14 16 29 7 15 11 21 13 18 15 6 7 d 29 17 23 
Beneficio: 4991
d 6 23 24 5 28 6 26 5 24 28 22 14 16 29 7 15 17 23 18 13 21 11 17 6 15 18 6 29 23 d 7 
Beneficio: 4781
d 6 23 24 5 28 6 26 5 24 28 22 14 16 29 7 17 d 23 18 13 21 11 15 7 18 15 6 17 29 23 22 
Beneficio: 5399
d 6 23 24 5 28 6 26 5 24 28 22 14 16 29 7 17 11 21 13 18 6 15 7 6 17 23 29 26 28 16 
Beneficio: 3535
d 6 23 24 5 28 6 26 5 24 28 22 14 16 29 7 17 11 21 13 18 15 6 23 17 7 d 
Beneficio: 3666
d 6 23 24 5 28 6 26 5 24 28 22 14 16 29 7 17 18 13 21 11 18 15 7 18 6 29 17 23 
Beneficio: 4764
d 6 23 24 5 28 6 26 5 24 28 22 14 16 29 7 18 13 21 11 17 7 15 6 17 29 23 26 14 
Beneficio: 5384
d 6 23 24 5 28 6 26 5 24 28 22 14 16 29 7 18 13 21 11 23 29 17 7 d 15 7 6 15 18 6 17 d 
Beneficio: 4720
d 6 23 24 5 28 6 26 5 24 28 22 14 16 29 7 18 15 7 6 17 29 23 d 15 11 21 13 18 15 6 17 11 
Beneficio: 4000
d 6 23 24 5 28 6 26 5 24 28 22 14 16 29 7 18 15 7 23 29 17 d 
Beneficio: 5786
d 6 23 24 5 28 6 26 5 24 28 22 14 16 29 7 17 11 21 13 18 15 7 17 6 15 18 6 17 29 23 26 11 14 
Beneficio: 4186
d 6 23 24 5 28 6 26 5 24 28 22 14 16 29 7 17 15 11 21 13 18 15 7 6 29 17 
Beneficio: 5099
d 6 23 24 5 28 6 26 5 24 28 22 14 16 29 7 d 23 18 13 21 11 15 6 7 15 18 6 
Beneficio: 2532
d 6 23 24 5 28 6 26 5 24 28 22 14 16 29 7 23 18 13 21 11 17 15 6 17 d 7 18 
Beneficio: 5196
d 6 23 24 5 28 6 26 5 24 28 22 14 16 29 7 18 13 21 11 17 7 15 6 7 d 17 29 23 18 11 
Beneficio: 5381
d 6 23 24 5 28 6 26 5 24 28 22 14 16 29 17 7 15 6 18 13 21 11 17 6 7 29 23 22 26 28 16 
Beneficio: 10408
d 6 23 24 5 28 6 26 5 24 28 22 14 16 29 17 7 15 6 17 29 23 18 13 21 4 12 2 19 30 9 
Beneficio: 4857
d 6 23 24 5 28 6 26 5 24 28 22 14 16 29 17 7 15 6 11 13 18 15 d 23 29 7 
Beneficio: 4441
d 6 23 24 5 28 6 26 5 24 28 22 14 16 29 17 7 15 18 13 21 11 17 d 15 6 17 23 18 29 
Beneficio: 4424
d 6 23 24 5 28 6 26 5 24 28 22 14 16 29 17 7 18 13 11 17 23 29 7 15 18 23 d 
Beneficio: 4859
d 6 23 24 5 28 6 26 5 24 28 22 14 16 29 17 d 7 15 18 13 21 11 17 6 18 15 6 7 29 23 22 16 
Beneficio: 1616
d 6 23 24 5 28 6 26 5 24 28 22 14 16 29 17 d 7 15 6 7 29 23 18 17 11 21 10 
Beneficio: 4855
d 6 23 24 5 28 6 26 5 24 28 22 14 16 29 17 23 18 13 21 11 17 15 6 17 d 7 15 18 6 17 29 
Beneficio: 4186
d 6 23 24 5 28 6 26 5 24 28 22 14 16 29 17 23 7 15 6 18 11 21 13 18 7 17 11 
Beneficio: 4767
d 6 23 24 5 28 6 26 5 24 28 22 14 16 29 17 11 21 13 18 15 6 7 15 18 6 23 17 d 29 
Beneficio: 3564
d 6 23 24 5 28 6 26 5 24 28 22 14 16 29 17 11 21 13 18 6 29 17 d 7 15 23 
Beneficio: 3225
d 6 23 24 5 28 6 26 5 24 28 22 14 16 29 17 11 21 13 18 15 6 18 15 d 7 23 
Beneficio: 9757
d 6 23 24 5 28 6 26 5 24 28 22 14 16 29 17 7 15 6 7 d 18 13 21 4 9 12 4 
Beneficio: 5534
d 6 23 24 5 28 6 26 5 24 28 22 14 16 29 17 7 15 6 29 23 17 15 d 18 13 21 10 
Beneficio: 4181
d 6 23 24 5 28 6 26 5 24 28 22 14 16 29 17 7 18 13 21 11 17 15 6 7 15 18 6 7 23 
Beneficio: 5076
d 6 23 24 5 28 6 26 5 24 28 22 14 16 29 17 15 7 18 15 6 7 29 23 18 13 21 11 26 22 14 
Beneficio: 4746
d 6 23 24 5 28 6 26 5 24 28 22 14 16 29 17 18 7 15 6 17 7 18 13 8 3 
Beneficio: 4046
d 6 23 24 5 28 6 26 5 24 28 22 14 16 29 7 15 6 7 17 15 d 23 18 13 21 10 3 25 
Beneficio: 1147
d 6 23 24 5 28 6 26 5 24 28 22 14 16 29 7 15 6 17 23 29 17 7 11 21 10 3 8 
Beneficio: 4805
d 6 23 24 5 28 6 26 5 24 28 22 14 16 29 7 15 6 29 23 17 15 d 18 13 21 8 3 
Beneficio: 5577
d 6 23 24 5 28 6 26 5 24 28 22 14 16 29 7 15 18 23 29 11 21 13 18 6 17 11 
Beneficio: 3775
d 6 23 24 5 28 6 26 5 24 28 22 14 16 29 7 17 11 21 13 18 15 6 29 23 17 18 d 
Beneficio: 2724
d 6 23 24 5 28 6 26 5 24 28 22 14 16 29 7 17 d 15 7 18 13 8 10 21 3 
Beneficio: 6583
d 6 23 24 5 28 6 26 5 24 28 22 14 16 29 11 17 7 15 18 13 21 4 12 2 30 19 
Beneficio: 5299
d 6 23 24 5 28 6 26 5 24 28 22 14 16 29 11 21 13 18 15 6 17 29 23 18 7 15 7 6 17 22 28 
Beneficio: 4966
d 6 23 24 5 28 6 26 5 24 28 22 14 16 29 11 21 13 18 6 17 23 29 7 15 7 6 15 18 23 26 28 16 14 
Beneficio: 5002
d 6 23 24 5 28 6 26 5 24 28 22 14 16 29 11 21 13 18 23 29 7 17 6 15 7 26 28 22 16 14 
Beneficio: 3826
d 6 23 24 5 28 6 26 5 24 28 22 14 16 29 11 21 13 18 7 17 15 7 6 29 23 18 15 11 
Beneficio: 4754
d 6 23 24 5 28 6 26 5 24 28 22 14 16 29 11 18 13 21 11 17 15 7 15 6 7 18 23 29 
Beneficio: 4702
d 6 23 24 5 28 6 26 5 24 28 22 14 16 29 d 17 7 15 18 13 21 11 17 29 23 18 6 7 d 15 
Beneficio: 4328
d 6 23 24 5 28 6 26 5 24 28 22 14 16 29 d 17 7 15 11 21 13 18 6 15 18 23 17 6 29 7 d 
Beneficio: 4723
d 6 23 24 5 28 6 26 5 24 28 22 14 16 29 d 7 15 18 7 17 11 21 13 18 6 29 23 17 d 15 6 17 29 
Beneficio: 928
d 6 23 24 5 28 6 26 5 24 28 22 14 16 29 d 23 17 15 18 13 8 3 21 10 
Beneficio: 5488
d 6 23 24 5 28 6 26 5 24 28 22 14 16 29 d 15 18 13 21 11 17 23 29 7 15 6 18 7 17 d 
Beneficio: 5339
d 6 23 24 5 28 6 26 5 24 28 22 14 16 29 18 13 21 11 17 d 23 18 15 7 17 15 6 
Beneficio: 4496
d 6 23 24 5 28 6 26 5 24 28 22 14 16 29 18 13 21 11 29 17 d 15 7 18 15 6 7 29 
Beneficio: 9882
d 6 23 24 5 28 6 26 5 24 28 22 14 16 29 18 15 7 15 6 17 d 23 18 13 21 4 12 2 30 19 
Beneficio: 5134
d 6 23 24 5 28 6 26 5 24 28 22 14 16 29 18 7 15 6 17 d 18 13 21 11 17 7 29 23 18 
Beneficio: 3918
d 6 23 24 5 28 6 26 5 24 28 22 14 16 29 15 7 17 11 21 13 18 6 7 17 29 d 
Beneficio: 3564
d 6 23 24 5 28 6 26 5 24 28 22 14 16 29 15 7 d 17 23 18 13 21 4 9 
Beneficio: 4004
d 6 23 24 5 28 6 26 5 24 28 22 14 16 29 15 18 23 17 7 15 6 17 d 18 13 8 3 10 
Beneficio: 2697
d 6 23 24 5 28 6 26 5 24 28 22 14 16 29 15 13 18 15 7 18 23 d 17 
Beneficio: 5318
d 6 23 24 5 28 6 26 5 24 28 22 14 16 29 18 13 11 18 23 17 7 15 6 7 29 23 
Beneficio: 5044
d 6 23 24 5 28 6 26 5 24 28 22 14 16 29 18 7 17 11 21 13 18 15 6 17 15 7 6 
Beneficio: 4965
d 6 23 24 5 28 6 26 5 24 28 22 14 16 29 15 18 13 21 11 17 7 15 6 18 d 17 29 23 7 
Beneficio: 3173
d 6 23 24 5 28 6 26 5 24 28 22 14 16 29 15 17 11 21 13 18 7 15 18 23 d 17 
Beneficio: 4053
d 6 23 24 5 28 6 26 5 24 28 22 14 16 29 d 17 11 21 13 18 15 7 6 15 17 6 18 29 
Beneficio: 2730
d 6 23 24 5 28 6 26 5 24 28 22 14 16 29 11 18 13 21 11 15 7 18 23 d 
Beneficio: 4255
d 6 23 24 5 28 6 26 5 24 28 22 14 16 11 21 13 18 15 11 17 7 15 6 29 17 23 
Beneficio: 4891
d 6 23 24 5 28 6 26 5 24 28 22 14 16 11 21 13 18 6 11 17 d 7 15 6 7 17 29 23 
Beneficio: -2267
d 6 23 24 5 28 6 26 5 24 28 22 14 16 11 29 15 18 17 
Beneficio: 5703
d 6 23 24 5 28 6 26 5 24 28 22 14 16 11 21 13 18 23 29 15 7 17 6 15 18 6 24 
Beneficio: 1814
d 6 23 24 5 28 6 26 5 24 28 22 14 11 17 7 15 6 7 18 15 d 23 29 16 
Beneficio: 4136
d 6 23 24 5 28 6 26 5 24 28 22 14 11 17 7 15 6 17 29 7 18 13 21 4 9 19 30 2 12 
Beneficio: 5104
d 6 23 24 5 28 6 26 5 24 28 22 14 11 17 7 15 6 29 23 17 29 7 18 13 21 25 8 10 3 
Beneficio: 4039
d 6 23 24 5 28 6 26 5 24 28 22 14 11 17 7 15 6 11 21 13 18 17 29 d 23 
Beneficio: 10020
d 6 23 24 5 28 6 26 5 24 28 22 14 11 17 7 15 18 6 7 29 23 18 13 21 4 12 2 19 9 
Beneficio: 4179
d 6 23 24 5 28 6 26 5 24 28 22 14 11 17 7 15 13 18 15 6 17 22 23 7 
Beneficio: 4916
d 6 23 24 5 28 6 26 5 24 28 22 14 11 17 7 18 13 21 11 18 15 6 17 7 15 18 6 17 23 29 16 14 
Beneficio: 5193
d 6 23 24 5 28 6 26 5 24 28 22 14 11 17 29 23 18 13 21 11 29 7 17 6 15 7 18 6 29 16 14 
Beneficio: 11159
d 6 23 24 5 28 6 26 5 24 28 22 14 11 17 29 23 18 15 6 17 d 7 15 18 13 21 4 12 2 19 
Beneficio: 4905
d 6 23 24 5 28 6 26 5 24 28 22 14 11 17 29 23 17 d 18 13 21 11 29 7 15 18 6 15 7 6 29 
Beneficio: 5849
d 6 23 24 5 28 6 26 5 24 28 22 14 11 17 29 23 7 15 6 29 7 18 13 21 11 15 d 
Beneficio: 7344
d 6 23 24 5 28 6 26 5 24 28 22 14 11 17 29 7 15 6 17 29 23 18 13 21 11 18 
Beneficio: 5898
d 6 23 24 5 28 6 26 5 24 28 22 14 11 17 29 7 15 18 13 18 15 6 29 23 18 6 17 7 
Beneficio: 2848
d 6 23 24 5 28 6 26 5 24 28 22 14 11 17 29 d 15 18 13 21 11 15 7 d 23 18 
Beneficio: 4736
d 6 23 24 5 28 6 26 5 24 28 22 14 11 17 d 7 15 6 29 17 18 13 21 10 25 3 8 
Beneficio: 4908
d 6 23 24 5 28 6 26 5 24 28 22 14 11 17 d 15 18 7 15 6 7 29 17 18 13 21 8 3 
Beneficio: 5389
d 6 23 24 5 28 6 26 5 24 28 22 14 11 17 d 7 15 6 29 23 17 18 13 21 8 25 
Beneficio: 5213
d 6 23 24 5 28 6 26 5 24 28 22 14 11 17 d 29 23 7 15 6 29 17 18 13 21 4 
Beneficio: 3470
d 6 23 24 5 28 6 26 5 24 28 22 14 11 17 23 29 17 15 7 29 18 13 21 25 10 8 3 
Beneficio: 4475
d 6 23 24 5 28 6 26 5 24 28 22 14 11 17 23 29 7 18 15 7 6 18 13 21 11 29 17 15 
Beneficio: 1184
d 6 23 24 5 28 6 26 5 24 28 22 14 11 17 23 18 13 21 11 18 7 17 d 15 29 16 
Beneficio: 672
d 6 23 24 5 28 6 26 5 24 28 22 14 11 17 23 7 15 6 17 18 23 d 29 16 
Beneficio: 4936
d 6 23 24 5 28 6 26 5 24 28 22 14 11 17 7 15 6 7 d 17 23 18 13 21 8 10 25 
Beneficio: 4798
d 6 23 24 5 28 6 26 5 24 28 22 14 11 17 7 15 6 17 23 29 7 18 13 21 8 10 3 
Beneficio: 3028
d 6 23 24 5 28 6 26 5 24 28 22 14 11 17 7 15 18 13 21 11 18 29 17 23 7 
Beneficio: 7932
d 6 23 24 5 28 6 26 5 24 28 22 14 11 17 7 23 29 18 13 21 4 12 30 
Beneficio: 10207
d 6 23 24 5 28 6 26 5 24 28 22 14 11 17 29 23 18 7 15 6 17 d 15 18 13 21 10 25 4 12 
Beneficio: 4670
d 6 23 24 5 28 6 26 5 24 28 22 14 11 17 29 7 15 6 17 22 23 7 18 13 21 10 8 3 
Beneficio: 5722
d 6 23 24 5 28 6 26 5 24 28 22 14 11 17 29 d 7 15 18 13 21 11 15 6 17 23 29 
Beneficio: 3002
d 6 23 24 5 28 6 26 5 24 28 22 14 11 17 15 18 13 21 11 15 6 7 17 23 18 
Beneficio: 3256
d 6 23 24 5 28 6 26 5 24 28 22 14 11 17 18 13 21 11 15 6 18 7 29 17 d 23 
Beneficio: 3511
d 6 23 24 5 28 6 26 5 24 28 22 14 11 17 18 13 21 11 18 7 15 7 17 
Beneficio: 4989
d 6 23 24 5 28 6 26 5 24 28 22 14 11 15 7 6 15 18 13 21 11 7 17 6 23 29 16 
Beneficio: 5451
d 6 23 24 5 28 6 26 5 24 28 22 14 11 15 7 6 15 29 23 18 13 21 11 22 16 14 
Beneficio: 3852
d 6 23 24 5 28 6 26 5 24 28 22 14 11 15 7 6 17 23 29 17 15 18 13 21 4 9 
Beneficio: 4968
d 6 23 24 5 28 6 26 5 24 28 22 14 11 15 7 6 29 18 13 21 11 17 29 23 18 15 6 17 7 d 
Beneficio: 4703
d 6 23 24 5 28 6 26 5 24 28 22 14 11 15 7 17 11 21 13 18 23 17 29 7 6 15 18 6 17 22 28 16 
Beneficio: 6043
d 6 23 24 5 28 6 26 5 24 28 22 14 11 15 7 29 23 17 11 21 13 18 6 15 17 7 d 
Beneficio: 1613
d 6 23 24 5 28 6 26 5 24 28 22 14 11 15 7 18 15 6 29 23 18 11 21 8 3 10 
Beneficio: 4565
d 6 23 24 5 28 6 26 5 24 28 22 14 11 15 7 15 6 18 13 21 11 23 17 7 29 16 
Beneficio: 4281
d 6 23 24 5 28 6 26 5 24 28 22 14 11 15 18 13 21 11 17 6 18 15 6 7 15 17 22 16 
Beneficio: 5580
d 6 23 24 5 28 6 26 5 24 28 22 14 11 15 18 13 21 11 29 23 17 7 15 6 7 29 17 d 
Beneficio: 10276
d 6 23 24 5 28 6 26 5 24 28 22 14 11 15 18 23 29 17 7 15 6 7 29 17 18 13 21 4 12 2 30 19 
Beneficio: 4671
d 6 23 24 5 28 6 26 5 24 28 22 14 11 15 18 7 15 6 29 7 17 18 13 21 11 18 23 
Beneficio: 4739
d 6 23 24 5 28 6 26 5 24 28 22 14 11 15 18 7 15 6 7 23 29 17 18 13 21 11 17 d 
Beneficio: 4985
d 6 23 24 5 28 6 26 5 24 28 22 14 11 15 17 7 15 6 29 7 23 18 13 21 25 8 
Beneficio: 5242
d 6 23 24 5 28 6 26 5 24 28 22 14 11 21 13 18 15 7 6 15 d 17 7 29 23 22 26 16 28 14 
Beneficio: 5238
d 6 23 24 5 28 6 26 5 24 28 22 14 11 21 13 18 15 7 17 15 6 7 18 23 d 29 16 14 
Beneficio: 4094
d 6 23 24 5 28 6 26 5 24 28 22 14 11 21 13 18 15 7 15 6 18 15 17 d 23 22 16 
Beneficio: 6730
d 6 23 24 5 28 6 26 5 24 28 22 14 11 21 13 18 15 6 7 17 d 15 7 29 17 22 28 
Beneficio: 5404
d 6 23 24 5 28 6 26 5 24 28 22 14 11 21 13 18 15 6 18 29 7 15 29 23 22 16 14 
Beneficio: 4691
d 6 23 24 5 28 6 26 5 24 28 22 14 11 21 13 18 15 6 17 29 7 15 18 7 23 22 16 14 
Beneficio: 5982
d 6 23 24 5 28 6 26 5 24 28 22 14 11 21 13 18 15 6 7 15 7 17 23 29 26 22 28 
Beneficio: 6974
d 6 23 24 5 28 6 26 5 24 28 22 14 11 21 13 18 15 d 7 15 6 17 23 29 17 22 28 
Beneficio: 5244
d 6 23 24 5 28 6 26 5 24 28 22 14 11 21 13 18 15 17 29 23 17 6 7 15 6 17 11 26 7 29 16 14 
Beneficio: 5076
d 6 23 24 5 28 6 26 5 24 28 22 14 11 21 13 18 15 17 23 29 17 7 15 6 7 29 26 22 28 14 16 
Beneficio: 4981
d 6 23 24 5 28 6 26 5 24 28 22 14 11 21 13 18 6 15 7 17 22 28 16 14 
Beneficio: 4756
d 6 23 24 5 28 6 26 5 24 28 22 14 11 21 13 18 6 15 18 7 15 29 17 23 29 16 14 22 11 
Beneficio: 5291
d 6 23 24 5 28 6 26 5 24 28 22 14 11 21 13 18 6 15 d 17 23 29 17 7 15 18 7 6 17 11 22 
Beneficio: 4851
d 6 23 24 5 28 6 26 5 24 28 22 14 11 21 13 18 6 7 15 6 7 18 29 23 26 28 14 16 
Beneficio: 3080
d 6 23 24 5 28 6 26 5 24 28 22 14 11 21 13 18 6 7 15 6 17 23 11 29 16 
Beneficio: 5315
d 6 23 24 5 28 6 26 5 24 28 22 14 11 21 13 18 6 17 29 23 d 7 15 6 7 29 16 14 28 22 
Beneficio: 5182
d 6 23 24 5 28 6 26 5 24 28 22 14 11 21 13 18 6 17 23 29 7 15 6 7 17 11 18 23 22 16 
Beneficio: 6870
d 6 23 24 5 28 6 26 5 24 28 22 14 11 21 13 18 6 17 15 6 29 7 15 18 7 17 23 29 16 14 
Beneficio: 5485
d 6 23 24 5 28 6 26 5 24 28 22 14 11 21 13 18 6 17 29 7 15 6 29 22 23 d 
Beneficio: 5622
d 6 23 24 5 28 6 26 5 24 28 22 14 11 21 13 18 6 17 29 7 15 18 7 6 15 d 17 23 29 11 
Beneficio: 4885
d 6 23 24 5 28 6 26 5 24 28 22 14 11 21 13 18 6 29 23 d 7 15 6 17 29 7 22 16 14 
Beneficio: 4915
d 6 23 24 5 28 6 26 5 24 28 22 14 11 21 13 18 6 29 7 15 18 7 6 15 17 23 29 17 11 22 16 
Beneficio: 4733
d 6 23 24 5 28 6 26 5 24 28 22 14 11 21 13 18 6 29 17 d 15 7 29 23 17 15 6 17 7 22 
Beneficio: 5209
d 6 23 24 5 28 6 26 5 24 28 22 14 11 21 13 18 6 7 15 6 7 d 29 23 26 22 
Beneficio: 4212
d 6 23 24 5 28 6 26 5 24 28 22 14 11 21 13 18 6 23 7 15 6 17 22 29 7 d 
Beneficio: 5043
d 6 23 24 5 28 6 26 5 24 28 22 14 11 21 13 18 23 29 17 7 6 15 18 7 15 d 17 22 28 16 14 
Beneficio: 5095
d 6 23 24 5 28 6 26 5 24 28 22 14 11 21 13 18 23 29 7 6 15 18 6 17 7 15 11 22 16 28 
Beneficio: 4992
d 6 23 24 5 28 6 26 5 24 28 22 14 11 21 13 18 23 29 17 7 15 6 7 29 17 11 22 28 
Beneficio: 4569
d 6 23 24 5 28 6 26 5 24 28 22 14 11 21 13 18 23 17 6 15 17 7 15 d 17 29 16 28 22 
Beneficio: 6334
d 6 23 24 5 28 6 26 5 24 28 22 14 11 21 13 18 23 17 29 23 15 6 7 15 18 6 11 17 
Beneficio: 5185
d 6 23 24 5 28 6 26 5 24 28 22 14 11 21 13 18 23 17 15 7 6 15 18 d 17 29 23 22 11 
Beneficio: 5400
d 6 23 24 5 28 6 26 5 24 28 22 14 11 21 13 18 23 d 15 7 17 29 23 17 6 15 18 6 7 29 16 28 14 
Beneficio: 5733
d 6 23 24 5 28 6 26 5 24 28 22 14 11 21 13 18 23 7 6 15 7 17 15 29 
Beneficio: 4803
d 6 23 24 5 28 6 26 5 24 28 22 14 11 21 13 18 23 15 6 29 23 7 15 18 6 17 7 29 16 28 22 
Beneficio: 7040
d 6 23 24 5 28 6 26 5 24 28 22 14 11 21 13 18 7 15 6 29 23 22 11 
Beneficio: 6827
d 6 23 24 5 28 6 26 5 24 28 22 14 11 21 13 18 7 15 17 29 23 17 7 6 15 d 17 6 
Beneficio: 4843
d 6 23 24 5 28 6 26 5 24 28 22 14 11 21 13 18 7 6 17 15 7 15 6 17 23 29 17 22 16 14 
Beneficio: 4279
d 6 23 24 5 28 6 26 5 24 28 22 14 11 21 13 18 7 29 17 6 15 7 6 18 15 11 16 14 
Beneficio: 4413
d 6 23 24 5 28 6 26 5 24 28 22 14 11 21 13 18 15 7 6 15 18 23 26 11 17 22 28 14 16 29 
Beneficio: 4977
d 6 23 24 5 28 6 26 5 24 28 22 14 11 21 13 18 15 6 7 15 7 17 29 23 26 14 16 
Beneficio: 5124
d 6 23 24 5 28 6 26 5 24 28 22 14 11 21 13 18 15 6 29 23 15 7 29 26 22 11 
Beneficio: 4817
d 6 23 24 5 28 6 26 5 24 28 22 14 11 21 13 18 15 d 17 7 15 6 29 7 23 17 22 
Beneficio: 5393
d 6 23 24 5 28 6 26 5 24 28 22 14 11 21 13 18 11 17 7 15 6 17 7 23 29 d 
Beneficio: 5103
d 6 23 24 5 28 6 26 5 24 28 22 14 11 21 13 18 17 6 29 7 15 6 d 23 29 17 22 
Beneficio: 5327
d 6 23 24 5 28 6 26 5 24 28 22 14 11 21 13 18 17 d 15 6 17 23 29 17 15 7 17 22 
Beneficio: 5333
d 6 23 24 5 28 6 26 5 24 28 22 14 11 21 13 18 d 17 6 7 15 6 18 7 29 23 22 16 14 
Beneficio: 4944
d 6 23 24 5 28 6 26 5 24 28 22 14 11 21 13 18 d 23 29 17 6 15 7 17 15 18 6 29 22 
Beneficio: 5544
d 6 23 24 5 28 6 26 5 24 28 22 14 11 21 13 18 29 23 d 15 6 7 15 18 6 17 29 16 28 
Beneficio: 5704
d 6 23 24 5 28 6 26 5 24 28 22 14 11 21 13 18 29 17 7 15 6 18 7 29 23 22 28 
Beneficio: 5560
d 6 23 24 5 28 6 26 5 24 28 22 14 11 21 13 18 17 7 6 15 7 29 23 18 6 17 11 26 22 
Beneficio: 4538
d 6 23 24 5 28 6 26 5 24 28 22 14 11 21 13 18 17 15 7 6 15 18 6 17 29 7 23 22 
Beneficio: 4183
d 6 23 24 5 28 6 26 5 24 28 22 14 11 21 13 18 29 23 17 7 15 18 6 7 29 22 11 
Beneficio: 5912
d 6 23 24 5 28 6 26 5 24 28 22 14 11 21 13 18 d 15 6 17 29 7 15 18 6 7 17 
Beneficio: 4070
d 6 23 24 5 28 6 26 5 24 28 22 14 11 21 10 3 8 13 18 15 d 17 7 15 6 29 17 
Beneficio: 4338
d 6 23 24 5 28 6 26 5 24 28 22 14 11 21 3 8 13 18 15 6 17 7 15 18 7 6 17 23 
Nueva solucion parcial! a los 6520.63s
Imprimiendo solucion: 
Beneficio: 10217
1  * -83
6  * 2054
23  * 2846
24  * -243
5  * 308
28  * -316
6  * 1994
26  * -62
5  * -801
24  * -780
28  * -446
22  * -199
14  * -343
11  * -1041
21  * -875
4  * 5460
12  * -514
9  * -946
4  * -2258
21  * 127
13  * 3503
18  * -199
23  * 670
29  * -231
7  * 1685
15  * 1311
6  * -135
17  * -269
1
Beneficio: 5374
d 6 23 24 5 28 6 26 5 24 28 22 14 11 21 8 13 18 23 29 7 15 6 29 17 7 
Beneficio: 1162
d 6 23 24 5 28 6 26 5 24 28 22 14 11 29 23 18 15 7 18 15 6 7 17 11 21 25 3 
Beneficio: 4922
d 6 23 24 5 28 6 26 5 24 28 22 14 11 29 23 17 7 15 6 7 15 d 17 18 13 21 8 3 
Beneficio: 4917
d 6 23 24 5 28 6 26 5 24 28 22 14 11 29 23 d 17 7 15 6 17 29 7 18 13 21 11 15 18 6 
Beneficio: 2767
d 6 23 24 5 28 6 26 5 24 28 22 14 11 29 17 7 15 d 17 7 18 13 8 21 10 
Beneficio: 4127
d 6 23 24 5 28 6 26 5 24 28 22 14 11 29 17 7 15 6 11 21 13 18 6 17 29 16 22 23 
Beneficio: 6287
d 6 23 24 5 28 6 26 5 24 28 22 14 11 29 7 15 6 17 29 23 18 13 21 11 17 15 18 6 7 
Beneficio: 3773
d 6 23 24 5 28 6 26 5 24 28 22 14 11 29 7 15 17 7 18 13 21 10 25 3 
Beneficio: 4778
d 6 23 24 5 28 6 26 5 24 28 22 14 11 29 17 7 15 6 18 13 21 11 17 6 29 23 d 7 15 
Beneficio: 4266
d 6 23 24 5 28 6 26 5 24 28 22 14 11 29 18 13 21 11 17 7 15 6 18 29 17 d 
Beneficio: 5123
d 6 23 24 5 28 6 26 5 24 28 22 14 11 18 13 21 11 17 7 6 29 23 18 15 6 18 15 7 29 22 28 
Beneficio: 4259
d 6 23 24 5 28 6 26 5 24 28 22 14 11 18 13 21 11 17 7 15 17 6 15 18 7 6 29 16 
Beneficio: 6119
d 6 23 24 5 28 6 26 5 24 28 22 14 11 18 13 21 11 15 18 23 29 7 15 6 29 17 7 
Beneficio: 5010
d 6 23 24 5 28 6 26 5 24 28 22 14 11 18 13 15 6 17 7 29 23 18 15 7 29 17 
Beneficio: 4772
d 6 23 24 5 28 6 26 5 24 28 22 14 11 18 23 29 17 7 15 6 11 21 13 18 17 6 29 7 d 
Beneficio: 4788
d 6 23 24 5 28 6 26 5 24 28 22 14 11 18 23 7 15 6 17 11 21 13 18 15 d 17 7 6 29 23 22 
Beneficio: 4858
d 6 23 24 5 28 6 26 5 24 28 22 14 11 18 7 15 18 13 21 11 17 7 6 29 23 d 15 6 29 
Beneficio: 4802
d 6 23 24 5 28 6 26 5 24 28 22 14 11 23 29 7 15 6 17 7 18 23 
Beneficio: 4719
d 6 23 24 5 28 6 26 5 24 28 22 14 11 23 18 13 21 11 17 d 15 7 18 15 6 29 
Beneficio: 1772
d 6 23 24 5 28 6 26 5 24 28 22 14 11 23 17 29 7 15 18 13 21 8 3 
Beneficio: 4856
d 6 23 24 5 28 6 26 5 24 28 22 14 11 29 17 7 15 6 7 29 23 17 d 15 18 13 21 25 
Beneficio: 5059
d 6 23 24 5 28 6 26 5 24 28 22 14 11 16 29 23 18 13 21 11 17 29 7 15 18 6 17 
Beneficio: 5426
d 6 23 24 5 28 6 26 5 24 28 22 14 11 13 18 15 6 29 23 18 6 17 7 15 17 29 22 
Beneficio: 6497
d 6 23 24 5 28 6 26 5 24 28 22 14 11 13 18 6 7 15 6 7 26 23 17 29 23 
Beneficio: 4304
d 6 23 24 5 28 6 26 5 24 28 22 14 11 13 18 6 17 29 7 15 6 29 7 17 d 23 
Beneficio: 3466
d 6 23 24 5 28 6 26 5 24 28 22 14 11 13 18 23 29 17 7 15 18 6 7 d 17 11 21 3 8 
Beneficio: 3671
d 6 23 24 5 28 6 26 5 24 28 22 14 11 13 18 23 7 15 18 7 d 17 29 16 
Beneficio: 4730
d 6 23 24 5 28 6 26 5 24 28 22 14 11 13 18 15 6 18 17 23 29 7 15 17 29 16 14 
Beneficio: 4925
d 6 23 24 5 28 6 26 5 24 28 22 14 11 7 15 18 13 21 11 17 7 6 15 d 23 29 16 14 
######### Overtime ############
Mejor solucion encontrada!
Beneficio: 10217
d 6 23 24 5 28 6 26 5 24 28 22 14 11 21 4 12 9 4 21 13 18 23 29 7 15 6 17 d 
Time taken: 7200.00s
