Evaluando ./Instances\RANDOM\R7NoRPP
Solucion inicial: ./Instances\RANDOM\R7NoRPP-salida.txt

Nueva solucion parcial! a los 0.002s
Imprimiendo solucion: 
Beneficio: 7835
1  * 4641
6  * -752
26  * -60
29  * 1236
22  * -165
28  * -756
26  * -192
29  * -129
7  * -749
13  * -137
19  * -78
8  * -1029
14  * -220
10  * -719
12  * 255
2  * 2031
16  * 1892
23  * -80
4  * -277
18  * 3716
21  * -472
27  * -121
1
Nueva solucion parcial! a los 0.129s
Imprimiendo solucion: 
Beneficio: 7846
1  * 4641
6  * -752
26  * -60
29  * 1236
22  * -165
28  * -756
26  * -192
29  * -129
7  * -749
13  * -137
19  * -78
8  * -1029
14  * -220
10  * -719
12  * 255
2  * 2031
16  * -304
12  * -1088
5  * -452
25  * 4272
15  * -621
30  * -340
25  * -830
5  * -626
16  * 1892
23  * -80
4  * -277
18  * 3716
21  * -472
27  * -121
1
Nueva solucion parcial! a los 0.138s
Imprimiendo solucion: 
Beneficio: 7902
1  * 4641
6  * -752
26  * -60
29  * 1236
22  * -165
28  * -756
26  * -192
29  * -129
7  * -749
13  * -137
19  * -78
8  * -1029
14  * -220
10  * -719
12  * 255
2  * 2031
16  * -304
12  * -1862
25  * 4272
15  * -621
30  * -340
25  * -452
5  * -626
16  * 1892
23  * -80
4  * -277
18  * 3716
21  * -472
27  * -121
1
Beneficio: 311
d 6 26 29 22 28 26 29 7 13 11 8 14 10 12 9 2 16 23 17 20 
Beneficio: 4452
d 6 26 29 22 28 26 29 7 11 8 14 10 12 16 2 9 17 4 23 16 5 25 30 15 25 5 
Beneficio: 5229
d 6 26 29 22 28 26 29 7 11 13 19 8 14 10 12 2 16 23 17 9 4 18 21 
Beneficio: 9069
d 6 26 29 22 28 26 29 d 27 21 18 4 23 16 9 2 16 12 25 15 30 24 
Beneficio: 8098
d 6 26 29 22 28 26 29 d 27 21 18 23 17 9 16 2 12 5 25 15 
Beneficio: 6959
d 6 26 29 22 28 26 29 d 27 21 18 4 23 17 9 16 12 2 16 5 25 30 15 25 24 
Beneficio: 2145
d 6 26 29 22 28 26 29 d 14 10 12 16 9 4 23 16 5 25 15 
Nueva solucion parcial! a los 54.74s
Imprimiendo solucion: 
Beneficio: 8825
1  * 4641
6  * -752
26  * -60
29  * 1236
22  * -165
28  * -756
26  * -192
29  * -1132
14  * -220
10  * -719
12  * 255
2  * 2031
16  * 1892
23  * -80
4  * -277
18  * 3716
21  * -472
27  * -121
1
Nueva solucion parcial! a los 54.864s
Imprimiendo solucion: 
Beneficio: 8836
1  * 4641
6  * -752
26  * -60
29  * 1236
22  * -165
28  * -756
26  * -192
29  * -1132
14  * -220
10  * -719
12  * 255
2  * 2031
16  * -304
12  * -1088
5  * -452
25  * 4272
15  * -621
30  * -340
25  * -830
5  * -626
16  * 1892
23  * -80
4  * -277
18  * 3716
21  * -472
27  * -121
1
Nueva solucion parcial! a los 54.87s
Imprimiendo solucion: 
Beneficio: 8892
1  * 4641
6  * -752
26  * -60
29  * 1236
22  * -165
28  * -756
26  * -192
29  * -1132
14  * -220
10  * -719
12  * 255
2  * 2031
16  * -304
12  * -1862
25  * 4272
15  * -621
30  * -340
25  * -452
5  * -626
16  * 1892
23  * -80
4  * -277
18  * 3716
21  * -472
27  * -121
1
Beneficio: 1431
d 6 26 29 22 28 26 d 27 21 18 4 23 17 9 2 10 14 
Beneficio: 1345
d 6 26 29 22 28 29 7 11 8 14 10 12 16 23 17 9 2 16 12 2 
Beneficio: 8698
d 6 26 29 22 28 29 d 27 21 18 4 9 16 12 2 16 5 25 15 30 
Beneficio: 5600
d 6 26 29 22 28 d 27 21 18 4 23 16 2 12 10 14 8 11 13 7 29 
Beneficio: 4645
d 6 26 29 22 28 27 21 18 23 16 12 2 16 9 17 23 4 18 21 
Beneficio: 2531
d 6 26 29 22 d 27 21 18 4 23 17 9 16 2 12 10 14 29 7 13 19 
Beneficio: 6673
d 6 26 29 22 d 27 21 18 4 23 16 9 12 5 25 30 15 25 
Beneficio: 7497
d 6 26 29 22 d 27 21 18 4 17 23 16 9 2 12 5 25 15 
Beneficio: -1186
d 6 26 29 22 d 29 7 13 11 8 14 2 9 16 23 4 17 
Beneficio: 3265
d 6 26 29 22 d 27 21 18 4 9 16 12 2 16 12 5 
Beneficio: 5867
d 6 26 29 22 26 29 7 13 8 14 10 2 16 12 2 9 17 23 16 5 25 15 
Beneficio: 1002
d 6 26 29 22 26 29 d 27 21 18 4 9 2 12 16 5 30 25 24 
Beneficio: 5920
d 6 26 29 22 26 29 d 27 21 18 4 9 16 12 2 16 23 20 
Nueva solucion parcial! a los 155.416s
Imprimiendo solucion: 
Beneficio: 9086
1  * 4641
6  * -752
26  * -60
29  * 1236
22  * -660
26  * -192
29  * -1132
14  * -220
10  * -719
12  * 255
2  * 2031
16  * 1892
23  * -80
4  * -277
18  * 3716
21  * -472
27  * -121
1
Nueva solucion parcial! a los 155.542s
Imprimiendo solucion: 
Beneficio: 9097
1  * 4641
6  * -752
26  * -60
29  * 1236
22  * -660
26  * -192
29  * -1132
14  * -220
10  * -719
12  * 255
2  * 2031
16  * -304
12  * -1088
5  * -452
25  * 4272
15  * -621
30  * -340
25  * -830
5  * -626
16  * 1892
23  * -80
4  * -277
18  * 3716
21  * -472
27  * -121
1
Nueva solucion parcial! a los 155.549s
Imprimiendo solucion: 
Beneficio: 9153
1  * 4641
6  * -752
26  * -60
29  * 1236
22  * -660
26  * -192
29  * -1132
14  * -220
10  * -719
12  * 255
2  * 2031
16  * -304
12  * -1862
25  * 4272
15  * -621
30  * -340
25  * -452
5  * -626
16  * 1892
23  * -80
4  * -277
18  * 3716
21  * -472
27  * -121
1
Beneficio: 6576
d 6 26 29 22 26 d 27 21 18 4 9 23 16 12 2 16 9 17 23 
Beneficio: -178
d 6 26 29 22 26 29 7 13 19 11 8 14 10 12 2 16 5 25 30 
Beneficio: 2272
d 6 26 29 22 26 29 d 27 21 18 23 4 17 9 16 12 
Beneficio: 7767
d 6 26 29 22 26 28 d 27 21 18 4 9 16 2 12 16 5 25 15 30 25 
Beneficio: 1995
d 6 26 29 22 26 28 27 21 18 23 4 9 16 12 
Beneficio: 7249
d 6 26 29 22 29 26 d 27 21 18 4 23 16 5 12 25 15 
Beneficio: 6683
d 6 26 29 22 29 d 27 21 18 4 23 16 9 17 4 
Beneficio: 9027
d 6 26 29 22 d 27 21 18 4 17 23 16 2 9 16 12 5 25 15 30 
Beneficio: 10295
d 6 26 29 22 28 d 27 21 18 4 23 16 2 12 16 5 30 25 15 30 
Beneficio: 146
d 6 26 29 7 13 19 8 14 10 12 2 16 9 23 16 5 30 25 24 
Beneficio: 4636
d 6 26 29 7 13 11 8 14 10 12 16 2 9 16 23 17 9 4 18 21 27 d 22 29 26 28 
Beneficio: -463
d 6 26 29 7 11 8 14 10 12 2 16 5 25 
Beneficio: -1909
d 6 26 29 7 11 13 19 8 14 10 2 16 5 25 24 
Beneficio: 5228
d 6 26 29 d 27 21 18 4 23 16 12 2 16 9 2 10 14 29 28 22 29 7 13 19 8 11 
Beneficio: 5113
d 6 26 29 d 27 21 18 23 4 9 16 23 17 9 16 2 12 10 14 29 26 22 29 
Beneficio: -619
d 6 26 29 d 22 29 7 11 13 8 14 10 12 2 9 16 23 17 20 
Beneficio: 4671
d 6 26 29 d 27 21 18 4 17 9 23 16 2 12 16 9 4 
Beneficio: 4104
d 6 26 29 22 d 27 21 18 4 23 16 2 12 10 14 8 13 19 11 
Beneficio: 3380
d 6 26 29 28 22 29 7 13 19 8 14 10 12 16 9 2 16 9 4 18 21 
Beneficio: 3396
d 6 26 29 28 22 29 d 27 21 18 4 17 23 9 2 16 12 5 
Beneficio: 4103
d 6 26 29 28 22 d 27 21 18 4 23 17 9 12 16 5 25 15 30 
Beneficio: 5144
d 6 26 29 d 27 21 18 4 23 16 2 12 10 14 29 26 22 29 7 6 8 13 19 
Beneficio: 2802
d 6 26 29 d 22 28 27 21 18 4 23 16 12 2 10 
Beneficio: -781
d 6 26 29 14 10 12 16 9 17 23 4 18 
Beneficio: 6198
d 6 26 29 14 10 12 16 2 9 16 23 18 21 27 d 26 28 22 29 
Beneficio: 3120
d 6 26 29 28 27 21 18 23 4 17 9 16 2 12 10 
Beneficio: 3553
d 6 26 29 22 28 26 29 d 27 21 18 4 9 16 2 12 16 5 
Beneficio: 3189
d 6 26 29 22 28 26 d 27 21 18 23 4 17 9 16 2 12 10 14 8 11 
Beneficio: -393
d 6 26 29 22 28 29 14 10 12 16 2 12 25 24 30 
Beneficio: 5584
d 6 26 29 22 28 27 21 18 4 23 16 2 12 25 5 
Beneficio: 4956
d 6 26 29 22 d 27 21 18 4 9 16 23 17 9 16 2 12 25 24 30 
Beneficio: -1347
d 6 26 29 22 d 27 21 18 4 23 9 2 12 10 
Beneficio: 4704
d 6 26 29 22 d 27 21 18 4 17 23 16 9 2 16 12 
Beneficio: 5188
d 6 26 29 22 26 29 d 27 21 18 4 9 16 5 30 15 25 30 
Beneficio: -131
d 6 26 29 22 26 29 14 10 2 12 16 2 9 4 18 
Beneficio: 5092
d 6 26 29 22 26 d 27 21 18 23 16 2 12 10 14 29 26 22 
Beneficio: 1881
d 6 26 29 22 26 29 d 27 21 18 4 9 16 12 10 14 
Beneficio: 4901
d 6 26 29 22 26 d 27 21 18 4 17 20 9 23 16 12 2 16 9 
Beneficio: 1872
d 6 26 29 22 29 7 13 11 8 14 10 12 16 9 17 4 23 16 2 12 
Beneficio: 1551
d 6 26 29 22 29 14 10 12 2 16 23 4 9 16 5 30 25 
Beneficio: 6104
d 6 26 29 22 d 27 21 18 23 17 20 9 2 12 16 5 25 15 
Beneficio: 4433
d 6 26 29 22 27 21 18 23 17 9 12 16 2 12 10 14 
Beneficio: 5075
d 6 26 29 7 13 8 14 10 2 9 16 2 12 16 23 4 18 21 27 d 26 29 22 
Beneficio: -1896
d 6 26 29 7 11 8 14 10 2 16 12 2 9 20 17 23 4 18 
Beneficio: 315
d 6 26 29 7 11 8 14 10 12 5 16 2 12 16 23 4 18 
Beneficio: 4140
d 6 26 29 d 27 21 18 4 9 17 23 16 2 9 16 12 5 25 24 
Beneficio: 271
d 6 26 29 d 22 29 7 13 8 14 10 12 2 9 16 23 4 17 
Beneficio: 1865
d 6 26 29 d 27 21 18 4 23 17 9 16 2 12 16 5 25 30 15 
Beneficio: 3935
d 6 26 29 22 d 27 21 18 23 17 9 16 2 12 16 23 
Beneficio: 1813
d 6 26 29 28 22 29 d 27 21 18 4 17 9 16 12 25 30 
Beneficio: 3717
d 6 26 29 28 22 d 27 21 18 4 9 2 16 23 17 9 16 5 12 2 10 14 
Beneficio: 2319
d 6 26 29 28 27 21 18 4 17 23 16 9 17 23 
Beneficio: 3760
d 6 26 29 d 22 28 27 21 18 4 23 16 2 12 9 17 23 
Beneficio: 625
d 6 26 29 14 10 12 9 4 18 23 16 2 12 16 9 17 20 
Beneficio: 4679
d 6 26 29 14 2 16 23 17 4 18 21 27 d 29 7 13 19 8 11 
Beneficio: 1600
d 6 26 22 29 26 22 d 27 21 18 4 23 9 16 20 
Beneficio: 9366
d 6 26 22 29 26 28 d 27 21 18 4 23 16 2 12 5 25 30 15 25 5 
Beneficio: 3583
d 6 26 22 29 26 d 27 21 18 4 9 17 23 16 5 25 30 15 
Beneficio: 2576
d 6 26 22 29 7 11 8 14 10 2 9 16 2 12 16 23 17 4 
Beneficio: 7578
d 6 26 22 29 26 22 d 27 21 18 4 23 9 16 2 12 16 5 25 30 15 25 
Beneficio: 4956
d 6 26 22 29 26 d 27 21 18 23 16 2 12 10 14 8 19 11 13 
Beneficio: 5541
d 6 26 22 29 d 27 21 18 4 9 20 17 23 16 12 2 16 5 
Beneficio: -420
d 6 26 22 29 22 d 27 21 18 4 23 17 9 16 12 2 16 5 
Beneficio: 5732
d 6 26 22 29 d 27 21 18 4 9 23 16 2 12 9 17 
Nueva solucion parcial! a los 661.679s
Imprimiendo solucion: 
Beneficio: 9338
1  * 4641
6  * -752
26  * -660
22  * 1236
29  * -1132
14  * -220
10  * -719
12  * 255
2  * 2031
16  * 1892
23  * -80
4  * -277
18  * 3716
21  * -472
27  * -121
1
Nueva solucion parcial! a los 662.232s
Imprimiendo solucion: 
Beneficio: 9349
1  * 4641
6  * -752
26  * -660
22  * 1236
29  * -1132
14  * -220
10  * -719
12  * 255
2  * 2031
16  * -304
12  * -1088
5  * -452
25  * 4272
15  * -621
30  * -340
25  * -830
5  * -626
16  * 1892
23  * -80
4  * -277
18  * 3716
21  * -472
27  * -121
1
Nueva solucion parcial! a los 662.239s
Imprimiendo solucion: 
Beneficio: 9405
1  * 4641
6  * -752
26  * -660
22  * 1236
29  * -1132
14  * -220
10  * -719
12  * 255
2  * 2031
16  * -304
12  * -1862
25  * 4272
15  * -621
30  * -340
25  * -452
5  * -626
16  * 1892
23  * -80
4  * -277
18  * 3716
21  * -472
27  * -121
1
Beneficio: 9200
d 6 26 22 28 29 22 d 27 21 18 4 23 16 2 9 16 5 30 15 25 
Beneficio: 2046
d 6 26 22 28 d 27 21 18 4 23 16 9 2 12 10 14 8 11 19 
Beneficio: 6168
d 6 26 22 d 29 22 28 27 21 18 4 23 16 2 12 16 
Beneficio: -873
d 6 26 22 29 14 10 12 16 23 17 9 2 12 
Beneficio: -2618
d 6 26 22 29 26 22 28 d 14 8 13 19 
Beneficio: 2994
d 6 26 22 29 26 d 27 21 18 4 23 9 16 2 9 16 5 25 30 
Beneficio: 1740
d 6 26 22 29 7 11 8 14 10 2 9 17 4 23 16 2 12 16 
Beneficio: 1202
d 6 26 22 29 26 28 d 27 21 18 4 23 16 2 9 16 5 
Beneficio: -2355
d 6 26 22 29 d 27 21 18 23 9 16 5 
Beneficio: 5452
d 6 26 22 29 d 27 21 18 23 16 12 2 16 5 25 15 30 
Beneficio: -865
d 6 26 22 28 29 7 13 19 8 14 10 12 2 16 9 4 23 
Beneficio: 2273
d 6 26 22 d 27 21 18 4 9 16 2 12 10 14 8 19 
Beneficio: -1578
d 6 26 22 29 7 11 13 8 14 10 12 16 2 9 17 4 
Beneficio: 2002
d 6 26 22 27 21 18 4 23 17 9 16 2 9 16 12 5 
Beneficio: 5744
d 6 26 28 22 29 26 d 27 21 18 4 23 16 2 12 16 9 20 17 
Beneficio: 4947
d 6 26 28 22 29 26 22 d 27 21 18 4 23 16 2 9 16 12 10 14 8 11 13 19 
Beneficio: 5383
d 6 26 28 22 29 d 27 21 18 23 17 9 2 16 23 4 9 16 5 30 25 
Beneficio: 5146
d 6 26 28 22 29 14 2 16 23 18 21 27 d 26 29 7 13 19 8 
Beneficio: 4310
d 6 26 28 22 29 d 27 21 18 4 23 16 9 2 16 5 25 30 15 
Beneficio: -839
d 6 26 28 29 22 d 14 10 2 9 17 23 16 
Beneficio: 3649
d 6 26 28 22 29 d 27 21 18 4 23 17 9 16 12 2 16 5 25 30 15 
Beneficio: 4527
d 6 26 28 d 27 21 18 4 23 16 2 10 14 8 13 
Beneficio: 3337
d 6 26 d 27 21 18 4 9 16 2 10 14 29 22 29 7 
Beneficio: 1679
d 6 26 d 22 29 7 13 11 8 14 10 12 16 9 17 23 4 18 21 
Beneficio: 2048
d 6 26 d 22 27 21 18 4 23 17 20 
Beneficio: 1298
d 6 26 d 22 29 7 13 8 14 10 12 5 16 2 9 16 23 
Beneficio: 5962
d 6 26 d 27 21 18 4 23 16 2 12 10 14 29 26 28 22 29 7 6 8 
Beneficio: 1131
d 6 26 d 27 21 18 23 16 9 2 16 9 4 23 
Beneficio: 5784
d 6 26 d 29 22 d 27 21 18 4 23 16 2 12 16 9 4 23 17 
Beneficio: -3862
d 6 26 d 29 14 10 2 9 17 23 18 
Beneficio: 4114
d 6 26 28 d 27 21 18 4 17 23 16 2 12 16 
Beneficio: 3722
d 6 8 19 13 11 7 29 22 d 27 21 18 23 4 9 16 12 2 16 12 
Beneficio: 4030
d 6 8 19 13 11 7 29 26 22 d 27 21 18 4 9 2 16 23 17 9 16 5 12 2 
Beneficio: 4138
d 6 8 19 13 11 7 29 22 28 29 d 27 21 18 4 23 16 9 
Beneficio: 5487
d 6 8 19 13 7 29 22 d 27 21 18 4 23 17 9 16 12 5 25 15 30 25 
Beneficio: 5299
d 6 8 19 13 7 29 22 26 29 d 27 21 18 4 9 2 16 23 9 
Beneficio: 3512
d 6 8 19 13 7 29 22 28 27 21 18 4 17 23 16 12 2 9 
Beneficio: 1173
d 6 8 19 13 7 29 26 22 29 26 d 27 21 18 4 9 16 5 25 
Beneficio: -1855
d 6 8 19 13 7 29 26 28 22 d 27 21 18 4 23 17 9 2 16 5 
Beneficio: 1770
d 6 8 19 13 7 29 26 22 d 27 21 18 4 17 20 9 23 16 
Beneficio: 4633
d 6 8 19 13 7 29 26 28 22 d 27 21 18 23 17 4 9 16 2 12 16 23 4 
Beneficio: 3937
d 6 8 19 13 7 29 22 26 d 27 21 18 4 23 16 9 17 20 
Beneficio: 4955
d 6 8 19 13 7 29 14 10 12 16 9 2 16 23 4 18 21 27 d 26 22 29 
Beneficio: -3600
d 6 8 19 13 11 7 29 26 28 22 d 27 21 18 4 23 17 9 2 12 
Beneficio: 340
d 6 8 19 13 11 7 29 22 28 26 29 14 10 12 2 9 17 23 16 
Beneficio: 3907
d 6 8 19 13 11 7 29 26 d 27 21 18 23 16 12 2 16 9 4 17 20 
Beneficio: 5836
d 6 8 19 13 7 29 22 26 29 d 27 21 18 4 23 16 2 9 16 12 5 25 30 
Beneficio: 8124
d 6 8 19 13 7 29 26 22 28 27 21 18 23 16 2 9 16 5 25 15 
Beneficio: 4289
d 6 8 19 13 7 29 26 22 29 22 d 27 21 18 4 17 9 2 12 16 23 17 
Beneficio: 1626
d 6 8 19 13 7 29 22 28 27 21 18 23 17 9 16 23 4 
Beneficio: -10
d 6 8 19 13 11 7 29 26 d 27 21 18 23 4 17 20 9 
Beneficio: 3263
d 6 8 19 11 7 29 26 22 29 d 27 21 18 4 23 16 2 
Beneficio: 3954
d 6 8 19 11 7 29 22 28 29 d 27 21 18 23 17 9 2 16 9 
Beneficio: -2201
d 6 8 11 13 7 29 22 28 26 29 d 27 21 18 4 23 17 9 
Beneficio: -276
d 6 8 11 13 7 29 22 26 29 14 2 16 9 4 23 17 20 
Beneficio: 5464
d 6 8 11 13 7 29 26 22 29 28 d 27 21 18 4 23 16 2 12 16 5 25 30 
Beneficio: 1435
d 6 8 11 13 7 29 26 22 29 26 28 27 21 18 4 23 17 9 
Beneficio: 1459
d 6 8 11 13 7 29 28 22 29 26 d 27 21 18 4 23 17 9 16 
Beneficio: 3570
d 6 8 11 7 29 22 28 29 26 d 27 21 18 4 9 16 12 2 16 
Beneficio: 3418
d 6 8 11 7 29 22 26 29 14 10 12 2 16 23 17 9 4 
Beneficio: 4969
d 6 8 11 7 29 22 d 27 21 18 4 9 16 23 17 9 2 12 
Beneficio: 5553
d 6 8 11 7 29 26 22 29 26 22 d 27 21 18 4 9 16 2 12 16 23 18 
Beneficio: 4847
d 6 8 11 7 29 26 28 22 27 21 18 4 23 16 2 12 16 5 25 
Beneficio: 3919
d 6 8 11 7 29 26 22 d 27 21 18 23 16 12 2 16 9 12 10 14 
Beneficio: 4051
d 6 8 11 7 29 26 d 27 21 18 4 9 17 23 16 2 12 16 
Beneficio: 5364
d 6 8 11 7 29 28 22 29 26 22 d 27 21 18 4 9 16 12 2 16 23 4 17 
Beneficio: 1725
d 6 8 11 13 7 29 22 28 29 d 14 10 12 2 16 23 17 
Beneficio: 3610
d 6 8 11 13 7 29 26 28 22 29 26 22 d 27 21 18 4 9 16 12 2 16 5 
Beneficio: 160
d 6 8 11 13 7 29 14 10 12 2 16 9 17 23 18 21 
Beneficio: 1337
d 6 8 11 19 13 7 29 22 d 27 21 18 4 17 23 9 16 
Beneficio: 4012
d 6 8 11 19 13 7 29 d 27 21 18 4 9 17 23 16 9 2 16 12 2 
Beneficio: 1981
d 6 8 11 7 29 26 22 d 27 21 18 4 17 9 16 2 10 14 
Beneficio: 1863
d 6 8 13 19 11 7 29 26 22 29 14 10 2 16 23 
Beneficio: 1796
d 6 8 13 11 7 29 26 22 29 26 22 d 27 21 18 23 4 9 16 
Beneficio: 5032
d 6 8 13 11 7 29 26 22 d 27 21 18 4 9 2 16 23 17 9 16 12 
Beneficio: 5280
d 6 8 13 19 11 7 29 26 28 22 29 d 27 21 18 4 9 16 12 2 16 23 4 
Beneficio: 3604
d 6 8 13 7 29 22 d 27 21 18 23 16 12 2 10 14 8 19 13 11 
Beneficio: 6420
d 6 8 13 7 29 22 26 29 d 27 21 18 23 16 2 12 16 9 17 20 
Beneficio: 3529
d 6 8 13 7 29 26 22 29 d 27 21 18 4 17 9 16 2 12 5 30 
Beneficio: 8785
d 6 8 13 7 29 26 22 d 27 21 18 4 17 23 16 2 9 16 5 25 15 
Beneficio: 4405
d 6 8 13 7 29 26 28 22 27 21 18 4 17 23 16 2 12 10 
Beneficio: 5161
d 6 8 13 7 29 26 22 d 27 21 18 4 9 16 12 2 16 23 4 
Beneficio: -1784
d 6 8 13 7 29 d 27 21 18 23 17 9 16 23 9 
Beneficio: 1907
d 6 8 13 7 29 d 27 21 18 23 16 12 10 14 29 26 d 22 28 
Beneficio: 3542
d 6 8 13 11 7 29 26 22 29 14 10 12 2 9 16 23 4 18 21 
Beneficio: 1633
d 6 8 13 19 11 7 29 26 22 28 27 21 18 4 23 16 9 17 
Beneficio: 6460
d 6 8 13 11 7 29 26 d 27 21 18 23 17 9 16 2 12 16 5 25 15 30 
Beneficio: 5461
d 6 8 13 7 29 22 26 d 27 21 18 4 23 16 12 2 16 20 17 9 4 
Beneficio: 4930
d 6 8 13 7 29 26 22 29 22 d 27 21 18 4 9 17 23 16 2 10 14 
Beneficio: 3086
d 6 8 13 7 29 26 22 d 27 21 18 23 17 9 16 2 12 16 5 
Beneficio: -838
d 6 8 13 7 29 14 10 12 5 16 23 18 
Beneficio: 3408
d 6 8 14 10 12 2 16 9 17 4 18 21 27 d 28 
Beneficio: 5794
d 6 8 14 10 12 2 16 23 4 18 21 27 d 26 
Beneficio: 3706
d 6 8 14 10 12 2 16 9 17 4 23 18 21 27 d 22 26 29 22 
Beneficio: 6017
d 6 8 14 29 22 28 d 27 21 18 23 16 2 12 16 9 17 20 
Beneficio: 1507
d 6 8 14 29 28 22 29 22 d 27 21 18 4 17 
Beneficio: 2895
d 6 8 19 13 7 29 22 26 29 d 27 21 18 4 17 23 16 9 
Beneficio: -2397
d 6 8 19 13 11 7 29 26 22 29 14 10 12 5 
Beneficio: 4060
d 6 8 11 13 7 29 d 27 21 18 4 23 16 2 12 5 30 15 
Beneficio: 3926
d 6 8 11 7 29 d 27 21 18 23 4 17 9 16 12 2 16 23 4 
Beneficio: 3911
d 6 8 7 29 26 22 27 21 18 4 17 9 2 16 23 4 9 16 
Beneficio: 5141
d 6 8 7 29 22 28 d 27 21 18 23 16 12 2 16 9 4 23 17 
Beneficio: 2307
d 6 8 7 29 26 d 27 21 18 4 23 17 9 16 2 12 5 25 
Beneficio: -2054
d 6 7 29 22 28 26 29 14 10 2 9 16 12 
Beneficio: 5490
d 6 7 29 22 28 29 26 d 27 21 18 23 4 17 9 16 2 12 16 23 
Beneficio: 5138
d 6 7 29 22 28 27 21 18 4 9 12 2 16 9 17 23 16 
Beneficio: 1285
d 6 7 29 22 d 27 21 18 23 17 9 16 5 12 2 10 14 8 11 
Beneficio: 5561
d 6 7 29 22 26 29 d 27 21 18 4 9 16 12 2 16 23 17 9 
Beneficio: 6013
d 6 7 29 22 26 29 d 27 21 18 23 4 9 16 12 2 16 23 4 18 
Beneficio: 6639
d 6 7 29 22 26 29 d 27 21 18 4 9 23 16 2 12 16 5 25 
Beneficio: 6407
d 6 7 29 22 26 29 d 27 21 18 4 9 16 2 12 16 23 
Beneficio: 8204
d 6 7 29 22 29 26 d 27 21 18 4 23 17 9 16 2 12 5 25 15 
Beneficio: 5349
d 6 7 29 22 29 14 10 12 2 16 23 4 18 21 27 3 
Beneficio: 4111
d 6 7 29 22 27 21 18 4 9 16 2 12 10 14 8 19 13 7 
Beneficio: 4541
d 6 7 29 26 22 29 26 d 27 21 18 4 23 17 9 2 16 12 2 
Beneficio: 5230
d 6 7 29 26 22 29 d 28 27 21 18 4 23 16 2 12 16 9 17 
Beneficio: 1795
d 6 7 29 26 22 d 27 21 18 4 23 9 2 16 12 10 14 8 19 13 
Beneficio: 1211
d 6 7 29 26 22 29 26 d 27 21 18 4 23 16 2 10 14 
Beneficio: 61
d 6 7 29 26 22 29 14 10 12 2 9 4 17 23 16 20 
Beneficio: 4067
d 6 7 29 26 22 27 21 18 4 17 23 16 2 12 16 9 23 
Beneficio: 5630
d 6 7 29 26 28 22 29 d 27 21 18 23 17 9 16 12 2 16 23 
Beneficio: 8409
d 6 7 29 26 28 27 21 18 4 17 23 16 2 12 16 5 25 15 
Beneficio: -106
d 6 7 29 26 d 27 21 18 4 23 17 9 16 12 10 14 8 19 13 11 
Beneficio: 5406
d 6 7 29 26 22 29 26 28 22 27 21 18 4 23 16 2 12 16 5 25 30 
Beneficio: 5258
d 6 7 29 26 22 29 28 d 27 21 18 23 4 17 9 16 12 2 16 23 17 
Beneficio: 4091
d 6 7 29 26 22 d 27 21 18 4 9 23 16 2 12 16 9 23 
Beneficio: 9920
d 6 7 29 26 22 29 d 22 28 27 21 18 23 16 9 2 16 5 25 15 
Beneficio: 1940
d 6 7 29 26 22 d 27 21 18 23 16 9 2 12 25 
Beneficio: 5790
d 6 7 29 26 28 22 29 d 22 27 21 18 23 16 12 2 16 9 
Beneficio: 1739
d 6 7 29 26 28 d 27 21 18 4 23 16 9 20 
Beneficio: 3791
d 6 7 29 26 d 27 21 18 4 23 16 2 9 16 12 10 14 8 11 
Beneficio: 6742
d 6 7 29 d 27 21 18 23 17 4 9 16 2 12 16 5 25 15 30 
Beneficio: 1976
d 6 7 29 d 14 10 2 12 16 23 4 18 21 27 
Beneficio: 5522
d 6 7 29 22 d 27 21 18 23 16 12 2 16 9 17 
Beneficio: 5557
d 6 7 29 28 22 29 26 d 27 21 18 23 16 9 2 16 9 
Beneficio: 645
d 6 7 29 28 22 26 d 27 21 18 23 17 9 16 5 12 
Beneficio: 2826
d 6 7 29 d 27 21 18 4 9 2 16 12 10 14 8 11 13 
Beneficio: 4297
d 6 7 29 14 10 2 12 9 17 23 16 2 9 4 18 21 27 
Beneficio: 5671
d 6 7 13 19 8 14 10 2 16 23 4 18 21 27 d 28 22 29 26 
Beneficio: 1900
d 6 7 13 8 14 29 22 27 21 18 4 17 23 16 
Beneficio: 1935
d 6 7 13 11 8 14 10 2 9 16 23 18 21 27 d 29 26 
Beneficio: 5537
d 6 7 11 13 19 8 14 10 12 2 16 23 4 18 21 27 d 22 29 26 6 
Beneficio: 2917
d 6 7 29 22 d 27 21 18 4 23 16 2 10 
Beneficio: 3461
d 6 29 22 28 26 29 14 10 12 2 16 9 23 4 18 21 27 
Beneficio: 6073
d 6 29 22 28 26 d 27 21 18 23 9 16 12 2 16 23 17 4 
Beneficio: 1875
d 6 29 22 28 29 d 27 21 18 23 4 9 16 12 5 25 
Beneficio: 3349
d 6 29 22 28 d 27 21 18 23 4 17 9 16 2 12 16 5 25 30 15 
Beneficio: 5831
d 6 29 22 d 27 21 18 4 23 16 2 12 10 14 8 13 19 
Beneficio: 4460
d 6 29 22 26 29 7 13 8 14 10 12 2 16 9 17 23 4 18 21 27 
Beneficio: 5010
d 6 29 22 26 29 14 10 12 16 2 9 16 23 
Beneficio: 8977
d 6 29 22 26 29 d 27 21 18 4 17 23 16 5 25 15 
Beneficio: 3184
d 6 29 22 26 28 d 27 21 18 23 4 9 2 12 16 23 
Beneficio: -2269
d 6 29 22 26 29 14 10 2 9 17 4 18 
Beneficio: 5014
d 6 29 22 26 29 14 10 12 16 2 9 16 23 17 4 18 21 27 d 26 29 7 
Beneficio: 3512
d 6 29 22 29 26 d 27 21 18 4 23 16 2 12 10 14 
Beneficio: 4981
d 6 29 22 29 d 27 21 18 4 23 16 2 9 16 5 25 24 
Beneficio: 5361
d 6 29 22 d 27 21 18 4 9 16 12 5 25 30 15 25 
Beneficio: 2239
d 6 29 26 22 29 7 11 13 8 14 10 2 16 23 17 4 
Beneficio: 3240
d 6 29 26 22 29 d 27 21 18 4 23 17 20 9 16 2 9 16 
Beneficio: 4324
d 6 29 26 22 29 14 10 12 16 23 4 9 2 16 
Beneficio: 2671
d 6 29 26 22 d 27 21 18 4 23 17 9 16 2 9 16 12 10 
Beneficio: 2987
d 6 29 26 22 29 26 28 22 d 27 21 18 4 17 23 16 12 10 14 8 19 
Beneficio: 5523
d 6 29 26 22 29 22 27 21 18 23 16 12 2 16 20 
Beneficio: 4287
d 6 29 26 22 d 27 21 18 23 16 2 12 9 23 17 4 
Beneficio: 3190
d 6 29 26 28 22 29 26 22 27 21 18 4 17 9 16 23 4 9 2 12 
Beneficio: -2290
d 6 29 26 28 22 29 14 10 12 2 9 20 16 5 
Beneficio: 4308
d 6 29 26 28 d 27 21 18 23 17 9 16 2 12 16 23 4 
Beneficio: 6186
d 6 29 26 d 27 21 18 4 23 16 2 14 8 13 7 29 22 28 
Beneficio: 891
d 6 29 7 13 19 8 14 2 12 16 2 9 16 23 17 
Beneficio: 2042
d 6 29 7 11 8 14 10 12 2 16 9 4 23 18 21 27 d 26 22 
Beneficio: -421
d 6 29 26 22 29 7 13 11 8 14 10 2 16 5 25 30 
Beneficio: 3692
d 6 29 26 22 29 d 27 21 18 23 4 17 9 16 2 14 8 
Beneficio: 469
d 6 29 26 22 28 27 21 18 4 17 9 16 12 25 
Beneficio: 62
d 6 29 26 22 29 7 11 8 14 10 12 2 9 4 23 16 9 17 23 18 
Beneficio: 5352
d 6 29 26 22 29 22 28 d 27 21 18 23 16 12 2 16 9 17 23 4 
Beneficio: 1532
d 6 29 26 22 d 27 21 18 23 4 17 20 9 16 12 
Beneficio: 4675
d 6 29 26 28 22 29 26 d 27 21 18 4 23 16 9 2 12 10 14 8 11 
Beneficio: 5095
d 6 29 26 28 22 d 27 21 18 23 16 2 12 16 9 17 23 4 
Beneficio: 2124
d 6 29 26 d 27 21 18 4 23 17 9 2 16 12 10 
Beneficio: 2849
d 6 29 d 27 21 18 4 23 16 12 10 14 8 13 7 29 26 22 29 26 22 28 
Beneficio: 6185
d 6 29 d 22 29 26 28 27 21 18 4 23 16 12 2 16 9 17 4 
Beneficio: 113
d 6 29 22 28 26 d 27 21 18 4 23 17 9 16 12 2 14 
Beneficio: 2291
d 6 29 22 27 21 18 4 17 9 16 2 12 16 5 25 30 15 
Beneficio: 6097
d 6 29 28 22 29 26 22 d 27 21 18 23 16 12 2 16 9 17 
Beneficio: 4864
d 6 29 28 22 d 27 21 18 4 23 16 12 2 16 9 12 
Beneficio: 2771
d 6 29 28 27 21 18 4 23 16 5 25 
Beneficio: 5599
d 6 29 14 10 12 2 16 23 4 18 21 27 22 26 29 22 26 
Beneficio: 3727
d 6 29 14 10 12 16 2 9 16 23 4 18 21 27 d 29 26 6 8 13 19 
Beneficio: 9450
d 6 7 29 22 28 26 29 d 27 21 18 4 17 23 16 12 2 16 5 30 25 15 
Beneficio: 1690
d 6 7 29 22 28 d 14 10 12 2 16 23 4 17 9 16 5 
Beneficio: 4057
d 6 7 29 22 d 27 21 18 4 23 16 5 25 30 15 
Beneficio: 3611
d 6 7 29 22 26 d 27 21 18 4 23 9 16 2 12 25 5 
Beneficio: 4029
d 6 7 29 22 26 28 d 27 21 18 4 9 16 2 9 16 
Beneficio: 2208
d 6 7 29 22 29 14 2 12 16 2 9 16 23 
Beneficio: 4803
d 6 7 29 26 22 29 26 d 27 21 18 4 23 16 9 2 
Beneficio: 8602
d 6 7 29 26 22 d 27 21 18 4 9 12 2 16 23 4 17 9 16 5 25 15 
Beneficio: 5622
d 6 7 29 26 22 29 22 27 21 18 4 23 16 2 9 17 4 
Beneficio: 3991
d 6 7 29 26 28 22 29 26 d 27 21 18 23 17 9 16 2 10 14 
Beneficio: 443
d 6 7 29 26 d 27 21 18 4 23 17 9 2 12 16 5 30 24 
Beneficio: 5556
d 6 7 29 26 22 29 26 28 d 27 21 18 4 23 17 9 2 16 23 
Beneficio: 2135
d 6 7 29 26 22 d 27 21 18 23 16 12 10 14 8 13 19 
Beneficio: 4300
d 6 7 29 26 22 28 d 27 21 18 4 9 16 12 2 16 23 17 9 2 
Beneficio: 5718
d 6 7 29 26 28 22 d 27 21 18 23 16 9 2 16 12 2 10 
Beneficio: 4266
d 6 7 29 26 28 22 d 27 21 18 4 23 9 16 23 17 9 2 16 12 2 
Beneficio: 2328
d 6 7 29 22 28 27 21 18 4 17 9 16 2 10 12 
Beneficio: 1733
d 6 7 29 28 22 29 26 d 27 21 18 4 9 2 12 16 
Beneficio: 3667
d 6 7 29 d 27 21 18 4 17 9 12 2 16 9 2 
Beneficio: -3653
d 6 7 29 14 10 2 9 17 4 23 18 
Beneficio: -1050
d 6 7 13 8 14 29 26 22 29 28 22 
Beneficio: 5321
d 6 7 29 22 d 27 21 18 4 23 16 9 2 16 9 17 20 
Beneficio: -1740
d 6 29 22 28 26 29 7 13 11 19 
Beneficio: 6834
d 6 29 22 28 d 27 21 18 4 17 23 16 9 2 16 12 10 14 
Beneficio: 1341
d 6 29 22 d 27 21 18 23 4 9 2 12 10 14 8 19 13 11 
Beneficio: 6529
d 6 29 22 26 29 d 27 21 18 23 16 12 2 16 9 17 4 18 
Beneficio: 5947
d 6 29 22 26 29 14 10 12 16 9 17 4 23 16 2 12 5 25 15 30 25 
Beneficio: 5401
d 6 29 22 26 29 28 27 21 18 4 23 16 12 2 16 5 25 30 
Beneficio: 4886
d 6 29 22 26 d 27 21 18 23 16 2 10 14 29 22 
Beneficio: 3073
d 6 29 22 29 d 27 21 18 4 9 16 23 4 17 
Beneficio: 3184
d 6 29 22 27 21 18 23 4 9 2 16 12 10 14 8 19 13 
Beneficio: 5143
d 6 29 26 22 29 d 27 21 18 4 9 23 16 12 2 
Beneficio: 2723
d 6 29 26 22 d 27 21 18 4 9 17 20 16 2 12 16 5 25 
Beneficio: 3419
d 6 29 26 22 29 26 d 27 21 18 23 4 9 17 20 16 2 12 10 
Beneficio: 6944
d 6 29 26 22 d 27 21 18 4 23 16 5 25 15 30 25 12 2 
Beneficio: 4490
d 6 29 26 28 22 29 d 27 21 18 4 17 9 16 2 12 25 
Beneficio: 330
d 6 29 26 28 d 27 21 18 23 4 17 9 16 12 2 10 
Beneficio: 1947
d 6 29 26 d 22 27 21 18 23 16 12 10 14 8 19 13 
Beneficio: -821
d 6 29 7 11 13 8 14 10 12 2 16 9 4 18 23 
Beneficio: 5863
d 6 29 26 22 29 d 27 21 18 4 23 16 2 12 10 14 8 13 19 11 
Beneficio: 4869
d 6 29 26 22 d 27 21 18 23 4 17 9 16 2 12 16 23 
Beneficio: 1351
d 6 29 26 22 29 22 d 27 21 18 4 23 20 17 9 16 12 2 
Beneficio: 1625
d 6 29 26 28 22 29 7 8 14 10 12 16 5 25 15 30 
Beneficio: 4001
d 6 29 26 28 22 d 27 21 18 4 23 17 9 16 12 2 16 23 4 
Beneficio: 2133
d 6 29 26 28 22 d 27 21 18 4 23 16 5 25 12 2 
Beneficio: 2191
d 6 29 d 22 29 14 10 12 16 2 9 16 23 4 17 20 
Beneficio: -3907
d 6 29 22 d 14 8 11 
Beneficio: 4382
d 6 29 28 22 29 22 26 d 27 21 18 4 17 9 2 12 16 2 
Beneficio: 6697
d 6 29 d 27 21 18 4 23 17 20 16 12 2 16 5 25 15 
Beneficio: 301
d 6 29 14 10 12 16 9 4 17 23 16 2 12 5 25 
Beneficio: 6352
d 6 26 29 22 28 26 d 27 21 18 4 17 23 16 2 12 
Beneficio: 6687
d 6 26 29 22 d 27 21 18 23 17 9 2 16 23 4 9 12 2 
Beneficio: 6340
d 6 26 29 22 26 d 27 21 18 4 9 16 5 25 30 15 25 
Beneficio: 5752
d 6 26 29 22 29 26 28 d 27 21 18 4 9 16 12 2 16 23 4 
Beneficio: 3997
d 6 26 29 7 13 19 8 14 10 12 16 2 12 16 23 18 21 27 d 
Beneficio: 3873
d 6 26 29 d 27 21 18 23 16 2 9 16 12 5 25 30 15 
Beneficio: 5190
d 6 26 29 28 22 29 d 27 21 18 4 17 23 16 12 2 
Beneficio: -1929
d 6 26 29 14 10 12 5 16 23 18 4 9 20 
Beneficio: 2979
d 6 26 29 22 28 29 14 10 12 16 23 17 4 18 21 27 d 29 7 13 
Beneficio: 1898
d 6 26 29 22 26 29 7 13 8 14 10 2 12 16 23 4 17 9 16 2 
Beneficio: 5586
d 6 26 29 22 26 d 27 21 18 4 9 23 16 2 12 16 9 17 4 23 
Beneficio: 859
d 6 26 29 7 13 19 8 14 10 12 2 16 9 17 23 16 9 2 
Beneficio: 1638
d 6 26 29 d 22 29 14 10 2 9 4 18 23 16 2 12 16 9 
Beneficio: 434
d 6 26 29 d 27 21 18 4 23 9 2 12 16 20 17 
Beneficio: 1499
d 6 26 22 29 26 28 27 21 18 23 9 4 
Beneficio: 5186
d 6 26 22 29 d 27 21 18 4 23 16 12 10 14 29 7 
Beneficio: 5205
d 6 26 22 28 d 27 21 18 23 17 9 16 2 12 16 23 4 
Beneficio: 4968
d 6 26 22 29 26 22 d 27 21 18 23 9 16 12 2 16 
Beneficio: 9571
d 6 26 22 29 26 d 27 21 18 4 23 16 2 12 16 5 30 15 25 
Beneficio: 3941
d 6 26 22 d 27 21 18 4 23 16 9 2 16 12 2 14 29 26 28 
Beneficio: 9320
d 6 26 28 22 29 26 d 27 21 18 4 23 16 2 9 16 12 5 25 15 
Beneficio: 1855
d 6 26 28 22 d 27 21 18 4 23 16 12 2 9 
Beneficio: 232
d 6 26 28 27 21 18 23 4 17 9 2 12 5 25 
Beneficio: 5294
d 6 26 d 29 22 d 27 21 18 23 17 9 16 12 2 16 23 4 17 
Beneficio: 1552
d 6 26 d 29 22 28 29 14 10 12 16 9 2 16 23 17 4 
Beneficio: 3293
d 6 22 29 26 28 22 d 27 21 18 23 17 4 9 16 12 2 16 
Beneficio: 5345
d 6 22 29 26 22 d 27 21 18 4 9 23 16 2 9 17 23 4 
Beneficio: 5744
d 6 22 29 28 22 d 27 21 18 4 23 16 2 12 16 9 23 18 
Beneficio: 4061
d 6 22 28 26 29 14 10 2 12 16 2 9 16 23 4 18 21 27 
Beneficio: 284
d 6 22 28 29 14 2 16 23 4 17 9 2 
Beneficio: 4978
d 6 22 26 29 22 28 26 d 27 21 18 4 23 16 9 2 16 9 4 
Beneficio: 3981
d 6 22 26 29 22 26 d 27 21 18 4 17 9 16 2 12 
Beneficio: 4019
d 6 22 26 29 d 27 21 18 4 23 16 2 12 10 14 29 6 8 19 
Beneficio: 927
d 6 22 29 26 d 27 21 18 4 17 9 12 2 
Beneficio: 3601
d 6 8 19 13 7 29 22 29 26 d 27 21 18 4 23 16 
Beneficio: 301
d 6 8 19 13 7 29 14 10 12 2 16 9 17 23 16 9 4 23 
Beneficio: 5150
d 6 8 11 7 29 26 22 29 28 22 d 27 21 18 23 16 12 2 16 9 
Beneficio: 1783
d 6 8 13 7 29 26 28 22 29 14 10 2 16 23 4 18 
Beneficio: 4566
d 6 8 14 10 12 16 2 9 16 23 4 18 21 27 
Beneficio: 99
d 6 22 29 7 13 19 8 14 10 12 2 16 9 17 23 18 
Beneficio: 2933
d 6 22 29 d 28 27 21 18 23 4 9 16 23 17 
Beneficio: 5666
d 6 22 28 26 29 22 d 27 21 18 4 9 12 2 16 23 4 17 9 
Beneficio: 153
d 6 22 d 27 21 18 4 9 2 10 14 29 
Beneficio: 2053
d 6 22 26 29 14 10 12 2 9 16 23 4 18 21 27 d 26 
Beneficio: 7549
d 6 22 26 29 d 27 21 18 4 23 16 5 25 15 
Beneficio: 345
d 6 22 d 26 29 14 10 12 2 16 9 4 23 16 12 
Beneficio: -356
d 6 d 22 28 29 22 26 29 14 10 12 2 9 16 23 4 
Beneficio: 2896
d 6 d 26 22 28 27 21 18 4 23 16 9 
Beneficio: 709
d 27 21 18 4 23 16 2 12 10 14 8 19 11 13 7 6 26 29 22 d 
Beneficio: 5822
d 27 21 18 4 23 16 2 12 10 14 29 22 29 6 d 29 6 8 19 
Beneficio: 5458
d 27 21 18 4 23 16 2 12 10 14 29 d 6 29 26 22 29 7 11 8 19 
Beneficio: 5776
d 27 21 18 4 23 16 2 12 10 14 29 26 6 d 29 26 22 29 7 11 13 19 
Beneficio: 5415
d 27 21 18 4 23 16 2 9 16 12 10 14 29 22 26 d 6 7 13 8 19 
Beneficio: 247
d 27 21 18 4 23 16 2 9 16 12 10 14 d 22 29 26 6 8 19 
Beneficio: 263
d 27 21 18 4 23 16 2 10 14 8 13 7 6 26 22 29 22 28 
Beneficio: 5615
d 27 21 18 4 23 16 2 10 14 8 13 19 11 7 29 22 d 6 
Beneficio: 4444
d 27 21 18 4 23 16 9 2 16 12 10 14 8 13 7 6 d 22 29 26 
Beneficio: 3750
d 27 21 18 4 23 16 9 2 12 10 14 8 19 13 11 7 6 d 22 29 26 
Beneficio: 1884
d 27 21 18 4 23 16 9 2 12 10 14 d 22 29 26 6 d 26 
Beneficio: 6305
d 27 21 18 4 23 16 12 2 16 9 2 10 14 29 7 6 d 22 29 26 28 
Beneficio: -1051
d 27 21 18 4 23 16 12 2 10 14 29 22 26 29 7 11 19 13 8 
Beneficio: 2905
d 27 21 18 4 23 16 12 10 14 8 11 7 29 22 26 d 6 29 d 22 
Beneficio: -1706
d 27 21 18 4 23 16 12 10 14 29 26 22 29 7 11 19 13 
Beneficio: 4655
d 27 21 18 4 23 16 5 12 2 16 12 10 14 8 13 7 29 26 6 d 
Beneficio: 2910
d 27 21 18 4 23 16 9 2 10 14 8 13 7 6 d 26 29 22 28 
Beneficio: 3758
d 27 21 18 4 23 17 9 16 2 12 10 14 8 13 11 7 29 26 22 29 6 d 
Beneficio: -2050
d 27 21 18 4 23 17 9 16 2 10 14 29 6 8 19 13 7 
Beneficio: 2316
d 27 21 18 4 23 17 9 16 12 2 16 12 10 14 8 6 d 26 29 
Beneficio: 2155
d 27 21 18 4 23 17 9 2 12 10 14 29 6 d 29 22 26 
Beneficio: -2775
d 27 21 18 4 23 17 9 2 16 12 10 14 8 11 7 29 26 6 
Beneficio: -1331
d 27 21 18 4 23 17 9 16 2 12 10 14 8 6 29 26 22 29 26 
Beneficio: 2437
d 27 21 18 4 23 9 16 2 12 10 14 8 11 7 29 6 d 22 28 
Beneficio: 2172
d 27 21 18 4 17 9 16 2 12 10 14 29 26 6 d 22 26 29 7 6 8 
Beneficio: 1383
d 27 21 18 4 17 9 16 12 10 14 29 26 6 d 22 29 7 13 11 
Beneficio: 511
d 27 21 18 4 17 9 2 12 10 14 29 26 6 d 29 7 11 13 8 
Beneficio: -2147
d 27 21 18 4 17 9 12 16 2 10 14 29 7 13 19 
Beneficio: 495
d 27 21 18 4 17 23 16 2 12 10 14 29 28 22 29 26 6 8 13 11 
Beneficio: 5808
d 27 21 18 4 17 23 16 9 2 16 12 2 14 29 26 d 6 7 29 22 28 
Beneficio: -2630
d 27 21 18 4 17 23 16 12 10 14 8 19 13 11 7 29 22 26 28 
Beneficio: -3008
d 27 21 18 4 17 23 9 2 10 14 29 22 29 26 
Beneficio: -2045
d 27 21 18 4 17 9 16 2 12 10 14 8 7 29 26 
Beneficio: 4343
d 27 21 18 4 9 16 2 9 17 23 16 12 10 14 8 6 d 22 28 26 29 7 
Beneficio: -2765
d 27 21 18 4 9 16 23 17 9 16 12 10 14 8 11 7 29 26 
Beneficio: 2365
d 27 21 18 4 9 17 23 16 2 12 10 14 29 7 11 8 19 
Beneficio: -2592
d 27 21 18 4 9 17 23 16 12 10 14 29 26 6 8 19 13 
Beneficio: 2400
d 27 21 18 4 9 2 16 12 10 14 29 26 6 d 22 6 
Beneficio: 3601
d 27 21 18 4 9 16 2 12 10 14 8 6 d 22 28 26 29 22 26 29 7 
Beneficio: 1500
d 27 21 18 4 9 12 10 14 8 13 7 6 d 22 29 
Beneficio: 135
d 27 21 18 4 23 16 2 12 10 14 8 13 7 29 26 d 22 
Beneficio: 4450
d 27 21 18 4 23 16 9 2 16 12 2 10 14 29 26 6 d 
Beneficio: 3057
d 27 21 18 4 23 16 12 10 14 29 22 26 29 d 6 7 13 8 19 
Beneficio: -4504
d 27 21 18 4 23 17 9 2 14 10 12 16 20 
Beneficio: -2799
d 27 21 18 4 9 16 23 17 9 16 12 10 14 29 
Beneficio: 1917
d 27 21 18 23 16 2 12 10 14 29 d 26 22 28 
Beneficio: 5390
d 27 21 18 23 16 2 12 10 14 8 19 13 7 29 22 28 26 6 d 26 
Beneficio: 4730
d 27 21 18 23 16 2 10 14 29 26 6 d 26 29 7 11 13 
Beneficio: 631
d 27 21 18 23 16 9 2 16 12 2 14 8 6 29 22 28 26 29 7 
Beneficio: 3219
d 27 21 18 23 16 9 2 12 10 14 29 22 29 7 11 13 8 6 d 22 
Beneficio: 3608
d 27 21 18 23 16 12 2 10 14 29 6 d 22 28 29 22 29 26 
Beneficio: -496
d 27 21 18 23 16 12 10 14 8 7 29 
Beneficio: 3286
d 27 21 18 23 16 12 10 14 29 22 26 6 d 26 29 28 
Beneficio: -1389
d 27 21 18 23 4 17 9 16 2 12 10 14 29 26 28 22 29 6 8 11 
Beneficio: -2290
d 27 21 18 23 4 9 17 20 16 5 12 2 16 12 
Beneficio: 4087
d 27 21 18 23 17 9 16 2 12 10 14 8 6 d 26 22 29 26 22 
Beneficio: -1427
d 27 21 18 23 17 9 2 16 12 10 14 8 11 7 29 26 28 22 29 
Beneficio: 10
d 27 21 18 23 17 20 9 2 16 23 4 9 16 12 10 14 29 26 
Beneficio: 3548
d 27 21 18 23 9 16 2 12 5 25 15 30 25 5 16 23 4 18 
Beneficio: 1330
d 27 21 18 4 23 16 2 12 10 14 29 22 28 26 29 7 6 8 13 
Beneficio: 2109
d 27 21 18 4 23 16 12 2 10 14 8 6 d 22 29 7 6 
Beneficio: -400
d 27 21 18 4 23 17 9 16 5 25 30 15 25 5 30 
Beneficio: 3549
d 27 21 18 4 17 23 16 12 2 16 5 25 30 15 25 
Beneficio: -2137
d 27 21 18 4 23 17 9 16 2 12 10 14 8 13 11 19 
Beneficio: -558
d 27 21 18 23 17 9 16 2 14 29 22 28 29 
Beneficio: -3709
d 27 21 18 23 4 9 16 12 5 25 30 15 25 5 
Beneficio: -4718
d 27 28 22 29 7 11 19 8 14 10 12 16 2 12 16 9 17 
Beneficio: -7220
d 27 28 22 29 14 10 2 12 5 16 9 
Beneficio: -3537
d 27 28 22 26 29 14 10 12 16 9 17 23 18 21 
Beneficio: -49
d 27 28 22 26 6 d 22 29 7 13 8 14 2 16 12 2 
Beneficio: -4600
d 27 28 26 29 7 13 11 19 8 14 10 12 16 2 9 16 23 17 
Beneficio: -2950
d 27 28 26 22 29 7 13 8 14 10 12 16 5 25 15 
Beneficio: -2566
d 27 28 29 22 26 29 6 d 26 22 28 3 
Beneficio: -3821
d 27 28 29 6 d 26 22 29 7 11 8 13 19 
Beneficio: -2525
d 27 22 29 26 6 d 29 6 7 11 8 19 13 
Beneficio: -529
d 27 22 29 7 6 d 22 26 29 14 10 
Beneficio: -258
d 27 22 29 6 d 26 29 7 13 19 8 14 10 12 2 16 9 4 
Beneficio: -2515
d 27 22 28 26 29 22 6 d 29 7 11 8 13 19 
Beneficio: -8527
d 27 22 28 26 29 14 10 2 9 17 4 23 
Beneficio: -3581
d 27 22 26 29 7 6 d 29 14 10 12 16 9 2 
Beneficio: -3843
d 27 22 26 29 6 d 22 6 7 13 19 
Beneficio: -8494
d 27 22 29 7 13 11 8 14 10 12 9 16 
Beneficio: -6187
d 27 3 28 22 26 29 14 10 12 2 16 12 5 25 
Beneficio: -4403
d 27 22 26 29 14 10 12 2 16 23 17 9 2 
Beneficio: -2343
d 27 21 18 23 17 9 16 2 12 10 14 29 26 28 22 
Beneficio: 5638
d 22 29 26 22 28 27 21 18 4 23 16 2 12 10 14 8 6 d 26 6 
Beneficio: 3605
d 22 29 26 6 d 27 21 18 4 23 16 5 12 10 14 8 
Beneficio: 3241
d 22 29 26 6 d 27 21 18 23 17 9 16 23 4 9 2 10 14 8 19 13 
Beneficio: 2117
d 22 29 26 6 d 29 7 11 19 8 14 10 12 2 16 23 18 4 17 
Beneficio: 1523
d 22 29 26 6 d 26 22 29 7 13 8 14 10 12 2 16 23 18 4 17 
Beneficio: 1212
d 22 29 26 6 d 26 28 22 27 21 18 23 4 9 16 12 
Beneficio: -5160
d 22 29 26 6 8 14 10 12 2 16 23 17 4 
Beneficio: 3022
d 22 29 26 22 6 d 27 21 18 4 23 9 2 16 9 12 
Beneficio: 3424
d 22 29 26 6 d 27 21 18 4 23 16 12 10 14 8 13 7 6 
Beneficio: 1787
d 22 29 26 6 d 22 26 29 14 10 12 2 16 9 23 16 5 
Beneficio: -37
d 22 29 7 13 19 8 6 d 29 14 10 12 2 16 12 9 17 23 
Beneficio: 1007
d 22 29 7 13 19 8 14 10 12 2 16 23 17 4 18 21 27 d 29 26 
Beneficio: 1122
d 22 29 7 13 8 14 10 12 2 16 23 4 18 21 27 d 29 26 22 28 
Beneficio: -4142
d 22 29 7 13 11 8 14 10 12 2 16 12 9 
Beneficio: 3437
d 22 29 7 13 19 8 6 d 27 21 18 4 23 17 20 16 2 12 5 
Beneficio: -2737
d 22 29 7 13 11 8 14 10 12 16 2 9 17 23 16 9 4 23 18 
Beneficio: -2873
d 22 29 7 11 8 14 10 2 12 16 23 4 17 
Beneficio: -164
d 22 29 7 11 13 8 6 d 14 10 12 2 9 16 23 4 17 9 
Beneficio: 960
d 22 29 7 11 13 19 8 6 d 27 21 18 4 17 9 16 5 
Beneficio: 7331
d 22 29 7 6 d 27 21 18 4 23 16 12 2 16 9 17 20 
Beneficio: -763
d 22 29 7 6 d 27 21 18 4 23 16 12 25 24 
Beneficio: 1806
d 22 29 7 6 d 22 28 26 29 14 10 12 2 9 17 23 16 2 
Beneficio: -275
d 22 29 7 6 d 14 10 12 16 9 17 4 23 16 9 2 
Beneficio: 5361
d 22 29 7 6 d 29 26 22 28 27 21 18 4 17 9 16 12 2 16 23 4 
Beneficio: 3396
d 22 29 7 8 6 d 27 21 18 4 23 17 9 2 16 12 2 14 
Beneficio: -7260
d 22 29 7 13 8 14 10 12 16 20 17 23 4 
Beneficio: 3301
d 22 29 26 6 d 27 21 18 4 23 17 9 16 2 14 29 7 8 
Beneficio: 9701
d 22 29 26 6 d 27 21 18 4 17 9 2 16 5 25 15 
Beneficio: 2478
d 22 29 26 6 d 29 14 10 12 2 16 23 4 
Beneficio: -516
d 22 29 26 6 d 26 29 14 10 12 2 16 23 4 17 9 16 5 
Beneficio: -2390
d 22 29 26 6 8 14 10 12 5 16 9 2 16 23 17 9 
Beneficio: 124
d 22 29 26 22 27 21 18 23 4 9 16 2 12 
Beneficio: 2122
d 22 29 26 6 d 27 21 18 4 23 17 9 16 12 25 15 
Beneficio: 1289
d 22 29 d 6 26 29 7 13 19 8 14 10 12 16 23 18 4 9 2 16 9 17 
Beneficio: 5436
d 22 29 d 6 26 22 28 27 21 18 4 17 9 16 12 2 16 23 
Beneficio: -686
d 22 29 d 6 8 14 10 2 16 9 23 17 4 18 
Beneficio: 1981
d 22 29 d 6 29 7 13 8 14 2 9 16 2 12 16 23 4 9 
Beneficio: 2033
d 22 29 d 6 29 26 22 27 21 18 4 23 17 9 16 
Beneficio: 3278
d 22 29 d 27 21 18 4 23 16 12 2 10 14 29 7 6 d 22 28 
Beneficio: 5781
d 22 29 d 27 21 18 23 16 2 12 10 14 29 6 d 26 29 7 13 19 
Beneficio: 6458
d 22 29 d 26 6 d 27 21 18 4 17 23 16 2 12 9 4 
Beneficio: -672
d 22 29 d 27 21 18 4 23 17 20 9 2 16 
Beneficio: 3683
d 22 29 22 26 6 d 27 21 18 4 17 9 16 23 4 9 2 
Beneficio: -3301
d 22 29 22 27 21 18 4 9 16 12 25 30 
Beneficio: 3839
d 22 29 28 22 26 6 d 27 21 18 4 23 16 5 12 
Beneficio: -2822
d 22 29 28 3 27 21 18 4 9 17 
Beneficio: 3707
d 22 29 6 d 27 21 18 23 17 9 16 2 10 14 29 7 13 
Beneficio: -865
d 22 29 6 d 29 26 6 7 13 19 8 14 10 12 16 23 4 
Beneficio: -2044
d 22 29 6 d 22 28 26 29 7 11 8 14 10 12 16 9 17 20 
Beneficio: 3731
d 22 29 6 d 29 26 22 27 21 18 4 9 17 23 16 12 2 9 
Beneficio: -5095
d 22 29 6 7 11 13 8 14 10 12 16 2 9 
Beneficio: 5241
d 22 29 14 10 12 16 2 9 4 23 16 9 17 4 18 21 27 d 6 8 19 13 7 
Beneficio: -3170
d 22 29 14 10 2 16 23 17 4 9 16 5 25 30 15 
Beneficio: 248
d 22 29 14 10 2 16 23 18 21 27 d 22 26 29 7 11 8 19 13 
Beneficio: 4133
d 22 29 6 d 27 21 18 4 23 17 9 16 2 12 25 30 5 
Beneficio: -1670
d 22 29 6 d 29 7 11 13 19 8 14 10 
Beneficio: 1878
d 22 29 6 d 26 29 14 10 12 16 9 23 4 18 21 
Beneficio: 5328
d 22 29 14 10 12 2 16 23 18 21 27 d 6 7 29 22 26 
Beneficio: 5371
d 22 28 26 29 22 26 29 14 10 12 2 16 23 4 18 21 27 d 6 8 11 13 
Beneficio: 4006
d 22 28 26 29 22 26 29 6 d 27 21 18 4 9 17 23 16 5 25 30 
Beneficio: 5513
d 22 28 26 29 22 29 26 6 d 27 21 18 4 23 20 9 16 12 2 16 23 17 
Beneficio: -670
d 22 28 26 29 7 13 19 8 14 10 12 2 16 23 4 18 21 27 d 29 26 6 
Beneficio: -330
d 22 28 26 29 7 11 13 19 8 14 2 16 23 4 18 21 27 d 29 26 
Beneficio: 4494
d 22 28 26 29 7 6 d 27 21 18 4 9 2 16 9 17 23 16 5 30 
Beneficio: 6863
d 22 28 26 29 6 d 22 29 14 10 2 16 23 4 18 21 
Beneficio: 2809
d 22 28 26 29 6 d 27 21 18 23 17 4 9 16 2 12 5 25 30 
Beneficio: 2908
d 22 28 26 29 22 26 29 6 d 27 21 18 4 23 16 9 12 5 25 
Beneficio: 3147
d 22 28 26 29 22 26 6 d 27 21 18 4 23 9 16 23 17 9 
Beneficio: -2728
d 22 28 26 29 22 6 d 26 29 6 7 13 19 8 
Beneficio: -1849
d 22 28 26 29 7 11 13 8 6 d 29 14 10 2 9 16 23 
Beneficio: -600
d 22 28 26 29 7 8 14 10 12 5 16 2 12 16 23 4 18 21 
Beneficio: 5907
d 22 28 26 29 14 10 12 2 16 23 4 18 21 27 d 6 29 22 29 7 13 
Beneficio: 5131
d 22 28 26 6 d 27 21 18 23 16 2 12 16 9 23 17 4 
Beneficio: -2397
d 22 28 26 6 d 26 29 7 8 13 19 11 
Beneficio: -8230
d 22 28 26 6 7 29 14 10 12 2 9 4 23 
Beneficio: 971
d 22 28 29 22 26 29 7 13 11 8 14 10 12 2 16 23 4 18 21 27 d 26 
Beneficio: 2311
d 22 28 29 22 26 29 7 6 d 27 21 18 23 4 9 2 12 16 5 
Beneficio: 6014
d 22 28 29 22 26 29 7 6 d 27 21 18 4 23 16 2 12 16 9 17 4 
Beneficio: -2359
d 22 28 29 22 26 6 d 29 7 13 19 8 14 10 12 16 5 
Beneficio: -3092
d 22 28 29 22 29 14 10 12 16 23 4 17 9 
Beneficio: 180
d 22 28 29 26 6 d 26 29 7 11 8 14 10 2 16 23 17 9 2 
Beneficio: 3264
d 22 28 29 7 13 8 6 d 27 21 18 23 4 17 9 16 2 12 10 
Beneficio: 3751
d 22 28 29 7 6 d 27 21 18 4 9 16 2 9 17 23 16 5 25 30 15 
Beneficio: 5208
d 22 28 29 26 6 d 27 21 18 4 23 16 2 9 16 12 10 14 8 13 
Beneficio: 2236
d 22 28 29 26 6 d 27 21 18 4 17 23 16 9 17 
Beneficio: 744
d 22 28 29 14 10 12 2 16 23 18 21 27 d 26 29 7 11 8 19 
Beneficio: -3588
d 22 28 29 6 d 6 8 19 13 11 7 
Beneficio: -6233
d 22 28 26 29 7 13 8 14 10 12 2 16 9 17 4 18 
Beneficio: -3869
d 22 28 26 6 d 26 29 7 6 8 19 11 13 
Beneficio: 3398
d 22 26 29 22 28 26 29 7 13 19 8 6 d 27 21 18 4 23 17 20 9 16 12 2 16 5 
Beneficio: -1589
d 22 26 29 22 28 26 6 d 29 7 6 8 13 11 
Beneficio: -5137
d 22 26 29 22 28 29 14 10 2 16 9 17 23 18 4 
Beneficio: 7828
d 22 26 29 22 26 29 6 d 27 21 18 4 23 16 2 12 10 14 
Beneficio: -1164
d 22 26 29 22 29 7 13 8 14 2 9 16 23 17 4 18 21 
Beneficio: -2713
d 22 26 29 22 29 6 8 14 10 12 2 16 23 17 9 16 12 5 
Beneficio: 2146
d 22 26 29 7 13 19 8 6 d 27 21 18 4 9 16 23 17 9 16 5 25 30 
Beneficio: -6659
d 22 26 29 7 13 11 8 14 10 12 16 23 18 
Beneficio: 124
d 22 26 29 7 11 13 8 6 d 27 21 18 4 9 2 12 10 
Beneficio: 2901
d 22 26 29 7 6 d 29 26 28 22 29 28 27 21 18 23 16 9 17 23 
Beneficio: -1803
d 22 26 29 7 6 d 22 29 14 10 12 2 9 17 
Beneficio: 209
d 22 26 29 6 d 27 22 29 14 10 12 2 16 9 4 
Beneficio: -5686
d 22 26 29 6 8 14 10 12 16 23 17 4 
Beneficio: -8395
d 22 26 29 14 2 16 9 4 17 20 
Beneficio: -8424
d 22 26 29 14 10 12 9 17 23 4 
Beneficio: -3206
d 22 26 29 22 28 29 7 13 19 8 14 10 12 16 2 9 17 23 16 5 25 
Beneficio: 5174
d 22 26 29 22 26 29 7 13 11 8 6 d 27 21 18 4 23 16 12 2 16 9 2 
Beneficio: -2789
d 22 26 29 22 26 6 8 14 10 12 16 2 12 
Beneficio: -1139
d 22 26 29 22 29 14 2 16 12 2 9 4 23 18 21 
Beneficio: -5874
d 22 26 29 7 13 19 11 8 14 10 12 2 16 9 4 23 
Beneficio: -1989
d 22 26 29 7 11 8 6 d 28 22 29 14 10 2 12 16 
Beneficio: -1580
d 22 26 29 7 6 d 29 22 28 26 29 6 8 19 11 
Beneficio: 3565
d 22 26 29 7 8 6 d 27 21 18 4 23 16 5 
Beneficio: -1866
d 22 26 29 6 d 22 29 7 13 19 8 14 10 2 12 16 9 
Beneficio: -4276
d 22 26 29 14 10 12 16 2 12 16 9 4 18 
Beneficio: -2864
d 22 26 29 14 10 12 2 16 23 20 
Beneficio: -1952
d 22 26 6 d 27 28 26 29 22 26 29 7 11 19 
Beneficio: -405
d 22 26 6 d 26 29 22 29 14 10 2 16 9 17 23 4 
Beneficio: -2985
d 22 26 6 d 22 28 29 7 13 
Beneficio: -1392
d 22 26 6 d 28 22 29 6 8 11 
Beneficio: 3286
d 22 26 28 29 6 d 27 21 18 4 9 16 23 17 
Beneficio: 357
d 22 26 6 d 26 29 14 2 12 16 2 9 16 23 18 
Beneficio: 5420
d 22 26 29 22 28 26 29 6 d 27 21 18 4 17 23 16 2 12 16 5 
Beneficio: -2260
d 22 26 29 22 28 29 14 2 16 23 4 9 17 
Beneficio: -6784
d 22 26 29 22 26 29 6 7 13 19 8 14 10 2 12 
Beneficio: -4942
d 22 26 29 22 29 7 11 13 19 8 14 10 12 2 9 16 23 17 
Beneficio: 4532
d 22 26 29 22 27 21 18 4 23 9 2 16 23 17 9 16 5 25 30 15 25 
Beneficio: -121
d 22 26 29 7 13 8 6 d 27 22 29 14 10 12 2 9 16 23 
Beneficio: -565
d 22 26 29 7 11 8 14 10 2 16 23 18 21 27 d 29 
Beneficio: 1313
d 22 26 29 7 6 d 29 22 28 26 29 14 10 12 16 2 9 4 23 16 5 
Beneficio: -2245
d 22 26 29 7 6 d 28 22 29 26 6 8 19 11 13 
Beneficio: 3167
d 22 26 29 6 d 26 29 22 28 27 21 18 4 23 17 9 16 2 
Beneficio: 1010
d 22 26 29 14 10 2 16 23 4 18 21 27 d 26 28 22 29 7 6 
Beneficio: 1460
d 22 26 29 6 d 22 29 14 2 16 9 23 16 
Beneficio: -462
d 22 26 29 22 28 26 6 d 27 21 18 4 17 9 2 12 16 23 17 20 
Beneficio: 4932
d 22 26 29 22 26 29 7 13 11 8 6 d 27 21 18 4 23 17 9 2 16 23 4 9 16 
Beneficio: -477
d 22 26 29 22 29 7 13 19 8 14 10 12 2 16 12 5 25 15 30 
Beneficio: 5354
d 22 26 29 22 6 d 27 21 18 4 17 9 16 23 4 9 2 16 20 
Beneficio: -454
d 22 26 29 7 13 19 8 14 10 12 2 16 23 9 4 18 21 27 
Beneficio: 4824
d 22 26 29 7 6 d 27 21 18 4 23 16 2 12 5 16 9 17 23 
Beneficio: -18
d 22 26 29 7 6 8 14 10 12 2 16 9 17 23 16 5 25 30 15 25 
Beneficio: 4042
d 22 26 29 6 d 26 29 28 27 21 18 23 16 2 9 17 
Beneficio: 6063
d 22 26 29 6 d 27 21 18 4 9 16 2 10 12 25 15 
Beneficio: 5322
d 22 26 6 d 27 21 18 4 23 16 2 12 10 14 8 6 29 26 22 29 
Beneficio: 742
d 22 26 6 d 29 26 22 28 27 21 18 23 
Beneficio: 2544
d 22 26 6 d 22 28 27 21 18 23 16 9 2 
Beneficio: 4451
d 22 26 6 d 27 21 18 4 9 16 2 12 16 23 17 
Beneficio: 8627
d 22 26 6 d 27 21 18 4 17 23 16 9 2 16 12 5 25 15 30 25 
Beneficio: 3769
d 22 29 26 6 d 27 21 18 4 23 17 9 2 16 12 10 14 8 19 
Beneficio: -4450
d 22 29 26 6 8 14 10 12 16 9 17 23 16 2 12 25 30 
Beneficio: 433
d 22 29 7 13 8 14 10 12 16 9 2 16 23 4 18 21 
Beneficio: -6403
d 22 29 7 11 13 8 14 10 2 9 17 4 23 16 12 2 
Beneficio: -400
d 22 29 7 6 d 29 14 10 12 2 9 16 23 17 20 
Beneficio: -3894
d 22 29 26 6 d 26 22 28 29 7 8 14 10 
Beneficio: -63
d 22 29 6 d 27 21 18 4 23 17 9 2 16 23 17 
Beneficio: -2310
d 22 29 14 10 12 2 9 16 23 17 4 18 21 27 
Beneficio: -6467
d 22 28 26 29 7 13 8 14 2 12 16 9 17 4 23 16 
Beneficio: -3114
d 22 28 26 29 14 10 2 12 16 9 17 4 23 16 2 9 
Beneficio: -3924
d 22 28 29 7 6 d 26 29 14 8 13 19 11 
Beneficio: -2748
d 22 27 21 18 4 23 16 9 2 12 10 14 29 6 26 
Beneficio: 4712
d 22 6 d 27 21 18 4 23 16 2 12 10 14 29 7 11 
Beneficio: -2302
d 22 6 d 22 26 29 22 28 26 6 8 19 13 
Beneficio: 4878
d 22 6 d 27 21 18 23 17 9 2 16 23 4 9 16 12 
Beneficio: 943
d 22 6 d 28 27 21 18 4 17 23 
Beneficio: -2146
d 29 22 28 26 29 7 13 8 14 10 12 5 25 15 30 
Beneficio: -1135
d 29 22 28 26 29 7 13 19 8 14 10 12 16 23 4 18 21 
Beneficio: 5506
d 29 22 28 26 29 7 13 19 8 6 d 27 21 18 4 23 16 2 9 17 4 
Beneficio: 1444
d 29 22 28 26 29 7 6 d 27 21 18 4 23 17 9 16 12 5 
Beneficio: -1243
d 29 22 28 26 29 14 10 12 16 9 17 23 16 2 
Beneficio: -2247
d 29 22 28 26 6 8 14 10 12 2 16 23 17 4 9 2 
Beneficio: 1345
d 29 22 28 29 7 13 19 8 6 d 27 21 18 23 17 9 16 5 12 2 
Beneficio: 5274
d 29 22 28 29 7 6 d 22 26 29 14 10 12 16 2 12 16 23 18 21 
Beneficio: 4882
d 29 22 28 29 6 d 27 21 18 23 4 9 2 16 23 17 20 9 
Beneficio: 3495
d 29 22 28 27 21 18 4 23 17 9 16 2 12 5 30 25 15 
Beneficio: 5220
d 29 22 d 6 26 29 22 27 21 18 4 23 16 9 2 16 20 
Beneficio: 72
d 29 22 d 6 26 28 22 29 14 10 12 16 9 2 16 
Beneficio: 5358
d 29 22 d 6 7 29 26 22 28 27 21 18 4 17 23 16 12 2 16 9 17 20 
Beneficio: 5217
d 29 22 d 6 29 26 28 27 21 18 4 23 9 16 2 12 16 23 
Beneficio: 3502
d 29 22 d 6 26 29 7 11 13 19 8 14 10 12 16 23 4 18 21 
Beneficio: -2842
d 29 22 d 27 21 18 4 23 17 9 2 14 10 12 16 
Beneficio: -1146
d 29 22 d 27 21 18 23 16 9 2 10 14 8 11 7 29 28 
Beneficio: 3018
d 29 22 d 26 6 d 27 21 18 4 9 17 23 16 12 10 14 8 13 
Beneficio: 6504
d 29 22 d 28 26 6 d 27 21 18 4 23 16 2 12 10 14 
Beneficio: -4727
d 29 22 26 29 7 13 11 8 14 2 16 9 20 
Beneficio: -3150
d 29 22 26 29 7 11 19 13 8 14 10 2 12 16 2 9 16 23 4 
Beneficio: 5807
d 29 22 26 29 6 d 27 21 18 4 23 17 9 2 12 16 5 25 15 30 24 
Beneficio: 4213
d 29 22 26 29 6 d 27 21 18 4 9 16 12 2 16 20 17 
Beneficio: 10288
d 29 22 26 29 7 13 8 6 d 27 21 18 4 23 16 2 12 25 15 30 25 
Beneficio: -2650
d 29 22 26 29 7 6 d 26 6 7 8 19 13 
Beneficio: -6743
d 29 22 26 29 6 7 13 8 14 2 12 16 
Beneficio: 9661
d 29 22 26 6 d 27 21 18 4 17 23 16 9 2 16 12 5 25 30 15 25 5 
Beneficio: 205
d 29 22 26 6 d 22 28 26 29 14 10 12 2 9 17 4 23 16 9 
Beneficio: -1359
d 29 22 26 6 d 26 29 6 8 14 10 
Beneficio: 9421
d 29 22 26 29 7 13 11 8 6 d 27 21 18 4 17 23 16 9 2 16 5 25 15 
Beneficio: -2577
d 29 22 26 29 7 6 8 14 10 12 2 16 23 17 9 16 12 
Beneficio: -4504
d 29 22 26 29 14 10 2 12 5 16 23 4 9 16 
Beneficio: -5224
d 29 22 26 29 7 13 11 8 14 10 12 16 9 4 23 16 9 2 
Beneficio: -549
d 29 22 26 29 7 6 d 26 29 14 10 12 16 23 18 
Beneficio: -4842
d 29 22 26 29 14 10 12 9 16 23 4 18 
Beneficio: 4925
d 29 22 26 6 d 27 21 18 4 23 16 2 9 16 12 10 14 29 26 
Beneficio: -4376
d 29 22 26 6 8 14 10 12 9 17 23 16 9 
Beneficio: 9454
d 29 22 29 26 6 d 22 27 21 18 4 17 23 16 12 2 16 5 25 15 30 
Beneficio: -3050
d 29 22 29 7 13 11 8 14 10 2 9 17 23 16 2 12 5 25 
Beneficio: 5590
d 29 22 29 7 6 d 22 28 26 29 14 10 2 16 23 4 18 21 27 
Beneficio: 5423
d 29 22 29 26 6 d 22 27 21 18 4 23 16 2 10 
Beneficio: -2667
d 29 22 29 6 8 14 10 12 2 16 23 4 9 12 
Beneficio: 4030
d 29 22 28 26 6 d 27 21 18 4 23 16 5 30 
Beneficio: 1750
d 29 22 6 d 27 21 18 4 23 17 9 2 12 25 
Beneficio: -2443
d 29 22 6 d 14 10 2 12 16 9 17 23 
Beneficio: 7788
d 29 26 22 29 7 13 8 6 d 27 21 18 4 23 16 9 2 12 5 25 15 
Beneficio: 7388
d 29 26 22 29 7 6 d 27 21 18 23 16 5 12 25 15 30 
Beneficio: 5785
d 29 26 22 29 26 6 d 27 21 18 23 16 12 2 16 23 
Beneficio: 6732
d 29 26 22 29 6 d 27 21 18 4 17 20 16 2 12 16 23 18 
Beneficio: 6596
d 29 26 22 29 6 d 27 21 18 23 16 9 2 16 12 25 
Beneficio: -4341
d 29 26 22 6 8 14 2 16 23 4 17 9 
Beneficio: 1658
d 29 26 6 d 27 21 18 23 16 9 2 10 14 8 19 13 7 
Beneficio: -440
d 29 26 6 d 22 29 7 13 11 8 14 2 16 9 17 23 
Beneficio: 8161
d 29 26 6 d 22 26 29 22 27 21 18 4 23 17 9 16 2 12 5 25 15 
Beneficio: 1333
d 29 26 6 d 26 22 29 7 11 13 8 14 10 12 16 9 2 16 23 4 18 
Beneficio: -3505
d 29 26 6 d 22 26 29 14 10 2 12 5 25 30 
Beneficio: 3647
d 29 26 6 d 29 22 27 21 18 23 9 2 16 9 17 
Beneficio: -4472
d 29 26 6 8 14 10 12 16 9 20 17 23 4 18 21 
Beneficio: 4886
d 29 26 22 29 7 13 11 8 6 d 27 21 18 4 23 16 2 9 4 18 
Beneficio: 6508
d 29 26 22 29 7 6 d 27 21 18 23 16 2 9 20 17 
Beneficio: 1350
d 29 26 22 29 26 6 d 14 10 12 2 9 17 4 23 18 21 
Beneficio: -224
d 29 26 22 29 6 d 27 21 18 4 23 17 9 16 2 
Beneficio: 143
d 29 26 22 28 27 21 18 4 23 17 9 16 2 12 16 23 
Beneficio: 3220
d 29 26 28 22 29 7 13 19 11 8 6 d 27 21 18 4 23 16 12 2 9 17 
Beneficio: -3029
d 29 26 28 22 29 7 8 14 10 12 25 15 30 
Beneficio: -3420
d 29 26 28 22 29 6 8 14 10 12 16 9 17 23 16 2 
Beneficio: -3934
d 29 26 28 27 21 18 4 17 9 16 12 2 10 14 8 19 
Beneficio: 1638
d 29 26 6 d 22 28 27 21 18 23 16 9 4 23 17 
Beneficio: 3976
d 29 26 6 8 14 10 12 2 16 23 4 18 21 27 d 6 7 29 26 22 28 
Beneficio: -1110
d 29 7 13 19 8 6 d 28 22 26 29 14 10 12 16 2 
Beneficio: 5289
d 29 7 13 8 6 d 27 21 18 4 23 16 9 12 2 16 5 25 30 
Beneficio: -5479
d 29 7 13 8 14 10 2 16 12 5 
Beneficio: -7884
d 29 7 13 11 19 8 14 10 2 12 16 9 
Beneficio: 4144
d 29 7 13 8 6 d 27 21 18 23 9 16 2 12 16 23 4 17 9 
Beneficio: 4741
d 29 7 11 8 6 d 27 21 18 4 9 16 2 12 16 23 17 9 20 
Beneficio: 526
d 29 7 11 8 6 d 27 21 18 4 23 17 20 9 
Beneficio: -627
d 29 7 11 13 19 8 14 10 12 2 16 23 4 18 21 27 d 26 6 
Beneficio: -7368
d 29 7 11 19 8 14 10 12 16 9 4 23 
Beneficio: -227
d 29 7 6 d 27 21 18 23 9 16 12 10 14 29 26 
Beneficio: 5313
d 29 7 6 d 22 26 29 22 28 27 21 18 4 23 16 9 12 2 16 12 10 
Beneficio: 6136
d 29 7 6 d 26 22 29 14 10 12 2 16 23 9 16 5 25 15 
Beneficio: 2667
d 29 7 6 d 26 28 22 27 21 18 4 9 16 2 12 10 14 
Beneficio: 5651
d 29 7 6 d 27 21 18 4 23 16 2 12 16 9 23 18 
Beneficio: -3471
d 29 7 6 d 22 26 29 14 10 12 2 9 16 
Beneficio: 1807
d 29 7 6 d 29 26 22 29 
Beneficio: -2974
d 29 7 11 13 8 14 10 12 5 16 23 4 18 21 
Beneficio: -4942
d 29 26 22 29 7 13 11 8 14 10 12 16 9 17 23 16 
Beneficio: 5416
d 29 26 22 29 7 6 d 27 21 18 23 9 16 12 2 16 23 4 9 2 
Beneficio: -2251
d 29 26 22 29 26 6 8 14 10 12 16 2 9 17 23 16 
Beneficio: -3207
d 29 26 22 29 14 2 9 17 4 23 16 2 12 25 5 
Beneficio: 8096
d 29 26 6 d 27 21 18 4 23 16 2 12 5 25 30 15 25 5 16 
Beneficio: 6872
d 29 26 6 d 27 21 18 4 23 17 9 16 2 12 16 5 30 25 15 
Beneficio: 249
d 29 26 6 d 22 29 14 2 12 16 23 4 18 
Beneficio: -1265
d 29 26 6 d 26 29 6 8 14 10 12 2 16 9 4 23 17 
Beneficio: 4913
d 29 26 6 d 22 27 21 18 4 23 16 2 9 16 12 10 14 
Beneficio: -2741
d 29 26 6 d 28 22 29 7 13 11 8 14 10 12 16 9 
Beneficio: -4059
d 29 26 22 29 7 13 19 11 8 14 10 2 12 16 23 4 18 
Beneficio: 5156
d 29 26 22 29 7 6 d 27 21 18 4 17 20 23 16 2 12 10 14 8 19 
Beneficio: -6375
d 29 26 22 29 26 22 6 8 11 19 13 
Beneficio: -259
d 29 26 22 29 14 10 2 12 16 23 17 9 4 18 21 
Beneficio: 3839
d 29 26 28 22 29 7 13 19 11 8 6 d 27 21 18 23 4 17 9 2 16 
Beneficio: 4947
d 29 26 28 22 29 7 6 d 27 21 18 23 9 2 16 23 9 
Beneficio: 6674
d 29 26 28 22 29 14 10 2 16 23 17 9 4 18 21 27 d 6 
Beneficio: 8533
d 29 26 6 d 27 21 18 4 9 17 23 16 12 2 16 5 25 30 15 25 
Beneficio: -559
d 29 26 6 d 26 22 29 14 10 12 16 23 17 20 
Beneficio: -1556
d 29 22 26 6 d 26 29 7 13 19 8 14 10 2 12 16 2 
Beneficio: 9934
d 29 28 22 29 26 22 6 d 27 21 18 4 23 16 12 2 16 5 25 30 15 25 
Beneficio: 3851
d 29 28 22 29 7 13 8 6 d 27 21 18 4 17 20 16 2 
Beneficio: 4447
d 29 28 22 29 26 6 d 27 21 18 23 4 9 2 16 12 2 10 14 
Beneficio: 1215
d 29 28 22 29 6 d 27 21 18 4 9 16 12 10 14 
Beneficio: 4097
d 29 28 22 6 d 27 21 18 23 16 12 2 16 9 17 23 4 
Beneficio: 5284
d 29 6 d 27 21 18 4 23 16 9 2 16 12 2 14 29 26 22 29 26 22 28 
Beneficio: 5359
d 29 6 d 27 21 18 4 23 16 2 9 16 12 10 14 29 22 26 29 7 
Beneficio: 3442
d 29 6 d 22 29 28 27 21 18 4 17 23 16 9 17 20 
Beneficio: 3905
d 29 6 d 22 26 29 7 13 8 14 10 12 16 2 12 16 23 18 21 
Beneficio: -2055
d 29 6 d 26 22 29 7 13 11 8 14 
Beneficio: 1298
d 29 6 d 26 29 22 28 27 21 18 4 23 17 9 2 12 10 14 
Beneficio: 2150
d 29 6 d 29 26 22 27 21 18 4 23 17 9 16 2 12 10 14 
Beneficio: -3705
d 29 6 7 13 19 8 14 10 12 2 16 23 17 
Beneficio: 3315
d 29 14 10 12 2 16 9 4 18 21 27 d 29 22 26 29 6 d 22 28 
Beneficio: 945
d 29 14 10 12 5 16 2 12 16 23 18 21 27 d 29 22 26 29 
Beneficio: 925
d 29 14 10 12 2 16 23 4 18 21 27 22 29 7 13 8 11 19 
Beneficio: -8145
d 29 14 10 2 12 16 9 23 4 17 
Beneficio: 4530
d 29 6 d 27 21 18 4 9 17 23 16 9 2 16 12 2 14 10 
Beneficio: 25
d 29 6 d 22 28 26 29 7 13 11 8 14 10 2 16 23 4 9 
Beneficio: 5438
d 29 6 d 26 22 29 26 28 22 27 21 18 4 23 16 2 9 17 23 
Beneficio: -2438
d 29 6 d 26 28 29 22 6 8 19 13 
Beneficio: -4021
d 29 28 22 26 6 8 14 10 12 2 16 23 
Beneficio: 2376
d 26 29 22 28 26 29 7 6 d 27 21 18 23 17 20 16 9 2 12 
Beneficio: -2408
d 26 29 22 28 26 6 d 22 26 29 7 13 11 8 14 10 12 16 5 
Beneficio: -3380
d 26 29 22 28 29 7 11 13 8 14 10 12 16 2 9 16 23 
Beneficio: -7391
d 26 29 22 28 29 6 8 14 10 12 16 9 23 4 
Beneficio: -4519
d 26 29 22 26 29 7 13 11 8 14 10 12 16 23 4 18 
Beneficio: 6586
d 26 29 22 26 29 6 d 27 21 18 23 16 9 2 16 9 17 23 4 
Beneficio: 3719
d 26 29 22 26 6 d 27 21 18 4 9 2 12 16 23 17 9 16 5 25 30 
Beneficio: 5563
d 26 29 22 26 29 7 13 19 8 14 10 12 2 16 23 4 18 21 27 d 6 8 
Beneficio: -5067
d 26 29 22 26 29 7 6 8 14 10 12 2 9 17 4 18 23 16 
Beneficio: 5345
d 26 29 22 26 6 d 27 21 18 23 4 17 9 16 5 12 2 16 
Beneficio: 3100
d 26 29 22 29 7 13 19 8 6 d 27 21 18 4 23 16 9 17 20 
Beneficio: 5508
d 26 29 22 29 7 6 d 27 21 18 4 23 16 2 12 10 14 8 7 
Beneficio: 3508
d 26 29 22 29 6 d 28 27 21 18 4 9 16 23 17 
Beneficio: 454
d 26 29 22 27 21 18 23 16 9 2 16 9 20 17 
Beneficio: 1432
d 26 29 7 13 19 8 6 d 27 22 29 14 2 16 23 18 
Beneficio: -226
d 26 29 7 13 8 6 d 27 21 18 4 23 17 9 12 16 
Beneficio: -6274
d 26 29 7 13 11 19 8 14 10 12 16 23 4 17 9 2 
Beneficio: -5780
d 26 29 7 13 11 8 14 10 12 2 9 16 23 4 17 
Beneficio: -7238
d 26 29 7 11 13 19 8 14 10 2 12 5 25 
Beneficio: -6056
d 26 29 7 11 19 8 14 2 9 17 23 16 5 
Beneficio: -1747
d 26 29 7 6 d 22 29 14 10 12 16 20 17 
Beneficio: -1463
d 26 29 7 6 d 26 29 14 10 2 9 16 23 17 9 4 
Beneficio: 3210
d 26 29 7 6 d 22 29 26 22 27 21 18 23 16 9 17 23 
Beneficio: 1262
d 26 29 7 8 6 d 22 29 14 10 12 16 23 17 4 9 16 2 
Beneficio: -4321
d 26 29 28 22 29 7 13 11 8 14 2 12 16 2 
Beneficio: -2197
d 26 29 28 22 29 6 d 22 26 6 7 13 8 
Beneficio: 123
d 26 29 6 d 27 21 18 23 17 9 16 2 12 10 
Beneficio: -2337
d 26 29 6 d 22 26 6 7 13 19 8 
Beneficio: 4105
d 26 29 6 d 22 27 21 18 4 23 16 12 2 16 9 4 
Beneficio: -1787
d 26 29 6 7 13 19 8 14 10 12 2 9 16 23 4 18 21 
Beneficio: -479
d 26 29 14 10 2 16 23 4 18 21 27 d 22 26 6 8 11 13 19 
Beneficio: -3344
d 26 29 14 8 6 d 22 28 29 7 13 8 19 11 
Beneficio: 3582
d 26 29 6 d 22 29 14 2 16 5 25 15 30 25 5 
Beneficio: 5366
d 26 29 6 d 29 22 27 21 18 4 23 16 2 10 
Beneficio: 3191
d 26 29 22 28 26 29 7 11 13 8 6 d 27 21 18 4 23 16 9 
Beneficio: -375
d 26 29 22 28 26 6 d 29 7 11 8 14 10 12 2 16 9 17 23 4 
Beneficio: 33
d 26 29 22 28 29 7 8 6 d 29 14 10 12 16 2 12 
Beneficio: -4211
d 26 29 22 26 29 7 13 19 8 14 10 2 16 9 2 
Beneficio: -6546
d 26 29 22 26 29 7 13 19 8 14 10 2 
Beneficio: -2249
d 26 29 22 26 6 d 22 28 29 7 13 19 11 8 
Beneficio: 3074
d 26 29 22 26 29 7 13 11 8 6 d 27 21 18 23 17 9 16 23 4 
Beneficio: -902
d 26 29 22 26 29 14 2 9 4 23 16 2 12 
Beneficio: -2441
d 26 29 22 26 6 d 29 6 7 11 13 19 
Beneficio: 7048
d 26 29 22 29 7 6 d 22 28 27 21 18 4 23 16 2 
Beneficio: 758
d 26 29 22 27 21 18 4 17 9 23 16 2 12 10 14 29 7 
Beneficio: -392
d 26 29 7 13 19 8 6 d 22 29 14 10 12 16 2 9 4 23 17 
Beneficio: -641
d 26 29 7 13 8 14 10 12 2 16 23 4 18 21 27 d 29 6 26 22 
Beneficio: 5157
d 26 29 7 13 8 6 d 27 21 18 4 9 16 2 12 16 23 17 4 
Beneficio: 1916
d 26 29 7 11 13 19 8 6 d 27 21 18 23 17 9 16 23 4 9 2 12 5 25 
Beneficio: 9580
d 26 29 7 6 d 27 21 18 4 23 16 2 12 5 25 30 15 25 5 16 
Beneficio: 4370
d 26 29 7 6 d 22 27 21 18 4 9 2 16 9 17 23 16 
Beneficio: 3403
d 26 29 7 6 d 27 21 18 4 23 17 9 16 2 12 10 14 
Beneficio: -2680
d 26 29 7 8 6 d 28 22 29 14 8 11 13 19 
Beneficio: 3499
d 26 29 28 22 29 7 11 19 13 8 6 d 27 21 18 4 17 23 16 12 2 9 
Beneficio: 4955
d 26 29 6 d 27 21 18 4 23 16 9 2 12 10 14 8 13 7 29 22 
Beneficio: -1028
d 26 29 6 d 22 29 14 8 19 13 11 
Beneficio: -1374
d 26 29 6 d 22 26 29 7 11 8 14 10 12 2 16 9 
Beneficio: 5935
d 26 29 14 10 12 2 16 23 18 21 27 d 26 22 29 6 d 22 28 
Beneficio: -973
d 26 29 14 10 12 2 16 9 4 18 21 27 d 22 29 7 13 8 6 
Beneficio: -1672
d 26 29 6 d 27 22 29 14 10 12 2 9 16 23 
Beneficio: 1677
d 26 29 6 d 29 26 22 29 14 10 12 16 2 9 4 23 16 
Beneficio: 1474
d 26 22 29 26 6 d 29 14 10 12 2 16 23 4 17 9 16 5 25 30 
Beneficio: 3712
d 26 22 29 7 13 19 8 14 10 12 2 9 16 23 18 21 27 d 6 8 13 
Beneficio: -4043
d 26 22 29 7 11 8 14 10 12 16 9 17 4 23 16 9 
Beneficio: 1420
d 26 22 29 7 6 d 29 14 10 12 2 16 23 4 17 9 16 5 25 24 
Beneficio: -2632
d 26 22 29 26 6 d 29 7 13 19 8 14 10 12 16 9 17 4 
Beneficio: 3451
d 26 22 29 6 d 27 21 18 4 23 16 12 2 9 17 20 
Beneficio: 697
d 26 22 29 14 10 12 16 9 2 16 23 17 4 18 21 27 d 22 
Beneficio: -3928
d 26 22 29 14 2 16 12 2 9 17 23 4 
Beneficio: -850
d 26 22 29 7 13 19 8 14 10 12 16 9 2 16 23 18 21 
Beneficio: 2761
d 26 22 6 d 27 21 18 23 4 17 20 9 16 2 12 16 
Beneficio: 8066
d 26 6 d 27 21 18 4 17 23 16 9 2 16 12 25 15 25 
Beneficio: 42
d 26 6 d 27 21 18 4 9 16 2 9 16 23 20 
Beneficio: 5628
d 26 6 d 22 29 26 28 3 27 21 18 4 23 16 2 12 16 9 
Beneficio: -1638
d 26 6 d 22 26 29 14 10 12 16 23 9 17 4 18 
Beneficio: -658
d 26 6 d 29 22 28 26 29 7 8 14 10 2 16 
Beneficio: 768
d 26 6 d 29 7 13 19 11 8 14 10 2 16 23 
Beneficio: -297
d 26 6 d 22 29 14 10 12 16 23 4 9 2 
Beneficio: -1689
d 26 6 d 26 29 7 11 13 8 14 10 12 16 2 9 17 23 4 
Beneficio: 1355
d 26 6 d 29 22 26 29 14 10 12 16 2 9 17 23 16 9 
Beneficio: 3960
d 26 6 d 28 22 26 29 14 10 12 2 16 23 17 9 4 18 21 27 
Beneficio: -3259
d 26 6 7 13 8 14 10 12 2 16 23 17 20 
Beneficio: 3923
d 26 22 29 26 6 d 27 21 18 4 23 16 12 2 9 17 20 
Beneficio: 4589
d 26 22 29 26 6 d 27 21 18 4 9 16 2 12 16 9 17 23 
Beneficio: -4894
d 26 22 29 7 13 11 8 14 10 12 16 23 4 17 20 
Beneficio: -590
d 26 22 29 7 6 d 26 29 14 2 16 9 4 
Beneficio: 5025
d 26 22 29 26 6 d 29 14 10 2 16 23 18 21 
Beneficio: 5650
d 26 22 29 6 d 22 28 27 21 18 4 23 16 2 9 4 23 
Beneficio: 2534
d 26 22 29 6 d 27 21 18 4 17 9 16 12 10 14 8 
Beneficio: 5200
d 26 22 28 29 6 d 27 21 18 4 23 16 9 2 16 12 
Beneficio: -733
d 26 22 27 21 18 23 16 5 12 2 16 12 10 14 29 26 
Beneficio: -2872
d 26 28 22 29 26 6 7 11 8 14 10 12 16 2 9 16 23 17 9 
Beneficio: 3707
d 26 28 22 29 7 11 13 19 8 6 d 27 21 18 4 9 2 16 5 12 2 
Beneficio: 3562
d 26 28 22 29 26 6 d 27 21 18 4 23 17 20 9 16 2 12 
Beneficio: 1582
d 26 28 22 29 6 d 26 29 7 13 8 14 10 2 16 23 4 
Beneficio: -3775
d 26 28 22 29 7 6 d 29 26 22 6 8 
Beneficio: -4523
d 26 28 29 7 11 8 14 10 12 16 23 9 2 16 9 17 
Beneficio: -2144
d 26 28 22 29 6 d 26 6 7 29 22 
Beneficio: -3927
d 26 6 d 27 22 26 29 6 7 13 11 8 
Beneficio: -2341
d 26 6 d 29 26 22 29 7 11 13 8 14 10 12 
Beneficio: -8346
d 26 6 8 19 13 7 29 14 2 9 17 23 
Beneficio: -1020
d 22 29 26 22 28 27 21 18 4 23 17 20 16 12 2 16 9 
Beneficio: 3166
d 22 29 26 6 d 27 21 18 4 17 20 16 
Beneficio: 1867
d 22 29 26 6 d 26 29 7 13 19 11 8 14 10 12 2 16 23 17 
Beneficio: 6629
d 22 29 26 22 6 d 27 21 18 4 9 16 12 2 16 23 4 17 20 
Beneficio: -1449
d 22 29 26 6 d 28 22 26 6 7 
Beneficio: 3348
d 22 29 7 13 8 6 d 27 21 18 23 16 12 9 2 
Beneficio: 3361
d 22 29 7 13 19 8 14 10 2 12 16 23 4 18 21 27 d 6 29 26 22 
Beneficio: -2883
d 22 29 7 11 8 14 10 12 16 2 9 17 4 23 16 9 4 23 
Beneficio: -4695
d 22 29 7 11 19 13 8 14 10 12 16 9 17 23 16 5 
Beneficio: 7570
d 22 29 7 6 d 26 29 22 27 21 18 4 9 16 2 12 16 5 25 15 
Beneficio: 1426
d 22 29 7 6 d 27 21 18 4 17 23 16 2 12 10 14 29 
Beneficio: -951
d 22 29 26 22 28 27 21 18 4 23 17 9 16 2 12 5 25 
Beneficio: 5018
d 22 29 26 6 d 27 21 18 23 17 9 2 16 23 
Beneficio: 5788
d 22 29 26 6 d 14 10 12 2 16 23 9 16 5 25 15 
Beneficio: -2547
d 22 29 26 6 d 27 28 26 29 7 11 8 14 10 12 
Beneficio: 4129
d 22 29 22 28 26 6 d 27 21 18 23 16 12 2 9 4 23 
Beneficio: 5786
d 22 29 6 d 27 21 18 4 23 16 2 14 8 11 7 29 
Beneficio: 1519
d 22 29 6 d 26 29 7 11 13 8 14 10 12 2 16 23 9 17 
Beneficio: -3135
d 22 29 6 8 14 2 12 5 16 9 17 4 23 16 2 
Beneficio: 585
d 22 29 14 10 12 16 2 9 16 23 4 18 21 27 d 26 29 
Beneficio: 4597
d 22 29 6 d 27 21 18 23 4 9 16 23 17 9 2 12 16 5 25 
Beneficio: 4968
d 22 29 28 26 6 d 27 21 18 4 23 16 9 2 16 9 17 23 
Beneficio: 5134
d 22 28 26 29 22 26 6 d 27 21 18 4 9 17 23 16 2 9 16 12 5 
Beneficio: -4193
d 22 28 26 29 7 13 8 14 2 16 9 4 23 16 5 
Beneficio: -3269
d 22 28 26 29 6 d 29 14 10 12 2 9 17 4 18 
Beneficio: 5727
d 22 28 26 29 22 26 29 7 6 d 27 21 18 23 16 12 
Beneficio: -4341
d 22 28 26 29 7 11 13 19 8 14 10 12 2 16 23 4 
Beneficio: -3591
d 22 28 26 29 6 d 26 29 14 10 12 2 9 
Beneficio: -8557
d 22 28 26 6 8 19 13 7 29 14 10 12 5 25 
Beneficio: 4144
d 22 28 29 22 26 6 d 27 21 18 4 23 17 20 16 2 12 
Beneficio: -10
d 22 28 29 22 29 26 6 d 26 29 7 
Beneficio: -3938
d 22 28 29 7 13 11 8 14 10 12 2 16 23 17 9 2 10 
Beneficio: -1218
d 22 28 29 26 6 8 14 10 12 2 16 5 25 15 30 
Beneficio: 948
d 22 28 27 21 18 4 23 16 2 12 9 4 17 23 
Beneficio: 1218
d 22 28 29 14 10 12 2 16 23 4 18 21 27 d 29 22 26 29 
Beneficio: -2957
d 22 26 29 22 28 27 21 18 4 23 9 16 5 25 
Beneficio: 2425
d 22 26 29 22 29 7 6 d 27 21 18 23 17 9 16 12 
Beneficio: 6106
d 22 26 29 7 13 11 8 6 d 27 21 18 23 16 2 12 16 9 17 23 
######### Overtime ############
Mejor solucion encontrada!
Beneficio: 9405
d 6 26 22 29 14 10 12 2 16 12 25 15 30 25 5 16 23 4 18 21 27 d 
Time taken: 7200.00s
