Evaluando ./Instances\RANDOM\R8NoRPP
Solucion inicial: ./Instances\RANDOM\R8NoRPP-salida.txt

Beneficio: -1504
d 24 28 21 29 18 5 16 10 19 3 14 10 29 18 9 11 27 2 13 30 21 28 25 26 6 22 20 17 
Beneficio: 4993
d 24 28 21 29 18 5 16 10 19 3 14 10 29 18 9 30 11 9 5 27 11 21 28 25 26 7 6 15 17 22 23 
Beneficio: 4933
d 24 28 21 29 18 5 16 10 19 3 14 10 29 18 9 30 4 2 21 11 9 5 27 11 13 30 
Beneficio: 3756
d 24 28 21 29 18 5 16 10 19 3 14 10 29 18 9 2 27 11 30 2 13 4 2 9 30 13 
Beneficio: 5687
d 24 28 21 29 18 5 16 10 19 3 14 10 29 18 9 27 2 4 30 11 9 30 13 2 5 29 
Beneficio: -933
d 24 28 21 29 18 5 16 10 19 3 14 10 29 18 2 27 11 9 5 27 13 4 
Beneficio: 4698
d 24 28 21 29 18 5 16 10 19 3 14 10 29 18 2 30 11 27 2 21 28 25 26 22 17 8 7 26 
Beneficio: 2745
d 24 28 21 29 18 5 16 10 19 3 14 10 29 18 2 13 11 30 4 2 27 9 13 30 
Beneficio: 5403
d 24 28 21 29 18 5 16 10 19 3 14 10 29 18 2 13 11 30 11 9 30 13 4 2 
Beneficio: 2931
d 24 28 21 29 18 5 16 10 19 3 14 10 29 18 24 9 2 4 13 30 2 27 5 29 16 
Beneficio: 3774
d 24 28 21 29 18 5 16 10 19 3 14 10 29 18 21 2 27 9 30 4 2 13 30 11 27 9 
Beneficio: 5497
d 24 28 21 29 18 5 16 10 19 3 14 10 29 18 21 30 2 4 30 13 9 11 30 13 2 27 9 
Beneficio: 749
d 24 28 21 29 18 5 16 10 19 3 14 10 29 18 21 28 25 26 15 7 26 15 6 7 
Beneficio: 3547
d 24 28 21 29 18 5 16 10 19 3 14 10 29 18 5 27 11 13 30 11 9 30 21 28 25 26 7 6 22 
Beneficio: 4969
d 24 28 21 29 18 5 16 10 19 3 14 10 29 18 5 9 2 27 11 13 4 2 13 30 9 11 
Beneficio: 3812
d 24 28 21 29 18 5 16 10 19 3 14 10 29 18 9 30 4 2 30 11 27 9 16 
Beneficio: 4055
d 24 28 21 29 18 5 16 10 19 3 14 10 29 18 27 2 4 30 13 11 30 11 27 5 9 18 
Beneficio: 5548
d 24 28 21 29 18 5 16 10 19 3 14 10 29 18 2 13 30 11 9 2 4 13 30 2 27 5 
Beneficio: 7024
d 24 28 21 29 18 5 16 10 19 3 14 10 29 5 27 11 9 30 4 2 30 11 21 13 
Beneficio: 1534
d 24 28 21 29 18 5 16 10 19 3 14 10 29 5 27 11 30 13 11 21 28 25 26 7 6 8 12 20 17 22 
Beneficio: 2236
d 24 28 21 29 18 5 16 10 19 3 14 10 29 5 27 11 30 9 11 13 30 21 28 25 26 15 6 22 17 8 7 6 8 
Beneficio: 6360
d 24 28 21 29 18 5 16 10 19 3 14 10 29 5 27 11 13 30 11 9 30 4 2 27 9 18 24 
Beneficio: 3687
d 24 28 21 29 18 5 16 10 19 3 14 10 29 5 27 11 13 30 21 28 25 15 6 8 7 26 15 7 6 
Beneficio: 4037
d 24 28 21 29 18 5 16 10 19 3 14 10 29 5 27 11 13 30 4 2 9 24 18 21 
Beneficio: 6843
d 24 28 21 29 18 5 16 10 19 3 14 10 29 5 27 2 30 13 11 9 30 21 28 25 26 7 6 8 7 15 17 22 23 
Beneficio: 396
d 24 28 21 29 18 5 16 10 19 3 14 10 29 5 27 2 13 30 21 28 25 26 15 7 26 25 6 7 
Beneficio: 5492
d 24 28 21 29 18 5 16 10 19 3 14 10 29 5 27 2 9 11 30 13 2 4 13 11 30 2 18 9 
Beneficio: -2660
d 24 28 21 29 18 5 16 10 19 3 14 10 29 5 27 9 18 21 13 2 30 11 
Beneficio: 3616
d 24 28 21 29 18 5 16 10 19 3 14 10 29 5 27 18 2 30 4 2 27 11 13 30 
Beneficio: 5505
d 24 28 21 29 18 5 16 10 19 3 14 10 29 5 9 11 30 13 2 4 30 9 16 18 2 21 
Beneficio: 1400
d 24 28 21 29 18 5 16 10 19 3 14 10 29 5 9 11 27 2 21 28 25 15 6 8 7 6 17 22 20 
Beneficio: 4975
d 24 28 21 29 18 5 16 10 19 3 14 10 29 5 9 11 2 13 30 4 2 21 11 
Beneficio: 4960
d 24 28 21 29 18 5 16 10 19 3 14 10 29 5 9 30 21 11 13 4 2 27 11 30 13 2 
Beneficio: 5574
d 24 28 21 29 18 5 16 10 19 3 14 10 29 5 9 2 27 11 13 30 4 2 18 24 9 30 11 9 27 
Beneficio: 5700
d 24 28 21 29 18 5 16 10 19 3 14 10 29 5 9 27 11 13 30 11 9 18 2 30 13 4 2 21 
Beneficio: 5549
d 24 28 21 29 18 5 16 10 19 3 14 10 29 5 18 9 13 30 4 2 9 11 27 5 9 30 11 13 
Beneficio: 4894
d 24 28 21 29 18 5 16 10 19 3 14 10 29 5 18 9 11 27 2 4 13 2 21 18 
Beneficio: 1271
d 24 28 21 29 18 5 16 10 19 3 14 10 29 5 27 2 9 30 11 9 24 18 
Beneficio: 3752
d 24 28 21 29 18 5 16 10 19 3 14 10 29 5 9 2 30 11 27 2 13 30 4 2 
Beneficio: -629
d 24 28 21 29 18 5 16 10 19 3 14 10 29 5 2 27 11 30 13 2 9 11 13 9 18 
Beneficio: 5583
d 24 28 21 29 18 5 16 10 19 3 14 10 29 27 11 9 30 4 2 18 29 5 27 30 13 11 30 21 
Beneficio: 6020
d 24 28 21 29 18 5 16 10 19 3 14 10 29 27 11 9 13 30 4 2 30 9 18 5 
Beneficio: 6012
d 24 28 21 29 18 5 16 10 19 3 14 10 29 27 11 30 13 2 21 28 25 26 7 6 22 23 7 8 17 22 26 15 
Beneficio: 3440
d 24 28 21 29 18 5 16 10 19 3 14 10 29 27 11 30 21 28 25 26 15 17 23 22 6 7 26 6 
Beneficio: -254
d 24 28 21 29 18 5 16 10 19 3 14 10 29 27 11 13 30 9 11 30 21 28 25 26 15 17 20 12 
Beneficio: 5699
d 24 28 21 29 18 5 16 10 19 3 14 10 29 27 11 13 2 9 11 30 4 2 30 9 5 18 
Beneficio: 6117
d 24 28 21 29 18 5 16 10 19 3 14 10 29 27 11 13 30 4 2 9 11 30 13 2 27 5 9 16 
Beneficio: 5749
d 24 28 21 29 18 5 16 10 19 3 14 10 29 27 5 9 11 13 30 2 4 30 13 2 27 11 30 9 21 
Beneficio: 3720
d 24 28 21 29 18 5 16 10 19 3 14 10 29 27 5 9 2 30 4 2 27 11 30 9 18 21 24 
Beneficio: -315
d 24 28 21 29 18 5 16 10 19 3 14 10 29 27 5 9 30 13 11 9 24 18 21 
Beneficio: 5495
d 24 28 21 29 18 5 16 10 19 3 14 10 29 27 2 4 13 30 2 11 9 18 
Beneficio: 3638
d 24 28 21 29 18 5 16 10 19 3 14 10 29 27 2 30 21 28 25 26 6 17 8 7 15 26 7 6 
Beneficio: 6142
d 24 28 21 29 18 5 16 10 19 3 14 10 29 27 2 13 30 4 2 21 11 9 27 
Beneficio: 5777
d 24 28 21 29 18 5 16 10 19 3 14 10 29 27 2 18 9 30 13 4 2 9 11 30 13 11 27 5 
Beneficio: 4943
d 24 28 21 29 18 5 16 10 19 3 14 10 29 27 2 11 30 4 2 18 9 16 
Beneficio: 4673
d 24 28 21 29 18 5 16 10 19 3 14 10 29 27 9 18 2 4 30 11 9 5 27 
Beneficio: 4745
d 24 28 21 29 18 5 16 10 19 3 14 10 29 27 9 30 13 11 9 2 4 30 13 2 27 
Beneficio: 4240
d 24 28 21 29 18 5 16 10 19 3 14 10 29 27 13 11 30 13 4 2 9 
Beneficio: 5466
d 24 28 21 29 18 5 16 10 19 3 14 10 29 16 9 11 30 9 27 2 4 30 13 11 27 5 
Beneficio: -734
d 24 28 21 29 18 5 16 10 19 3 14 10 29 16 9 18 21 2 27 11 13 30 11 
Beneficio: 4380
d 24 28 21 29 18 5 16 10 19 3 14 10 29 16 24 9 30 2 4 13 2 27 11 30 13 
Beneficio: 4830
d 24 28 21 29 18 5 16 10 19 3 14 10 29 16 24 18 21 30 4 2 13 30 9 11 
Beneficio: 5809
d 24 28 21 29 18 5 16 10 19 3 14 10 29 9 11 30 2 13 4 2 9 27 11 30 
Beneficio: 7270
d 24 28 21 29 18 5 16 10 19 3 14 10 29 9 11 27 2 13 30 21 28 25 26 7 8 17 15 6 22 23 7 
Beneficio: 5134
d 24 28 21 29 18 5 16 10 19 3 14 10 29 9 11 13 30 4 2 30 13 11 27 5 29 24 14 
Beneficio: 685
d 24 28 21 29 18 5 16 10 19 3 14 10 29 9 30 11 27 2 21 28 25 26 15 7 8 17 6 
Beneficio: 5721
d 24 28 21 29 18 5 16 10 19 3 14 10 29 9 30 2 4 13 30 11 27 5 9 11 13 2 18 
Beneficio: 2938
d 24 28 21 29 18 5 16 10 19 3 14 10 29 9 5 27 11 13 2 4 30 13 27 2 18 24 
Beneficio: 5658
d 24 28 21 29 18 5 16 10 19 3 14 10 29 9 18 2 27 30 4 2 21 30 11 9 30 
Beneficio: 6173
d 24 28 21 29 18 5 16 10 19 3 14 10 29 9 2 4 13 30 11 9 27 11 13 30 
Beneficio: 3956
d 24 28 21 29 18 5 16 10 19 3 14 10 29 9 2 13 30 4 2 18 5 27 11 30 9 16 
Beneficio: 4705
d 24 28 21 29 18 5 16 10 19 3 14 10 29 9 27 2 4 30 13 11 9 30 13 11 
Beneficio: 7993
d 24 28 21 29 18 5 16 10 19 3 14 10 29 24 9 11 30 21 28 25 26 15 6 7 8 17 22 23 7 26 
Beneficio: 662
d 24 28 21 29 18 5 16 10 19 3 14 10 29 24 9 30 21 28 25 26 7 6 8 17 22 20 
Beneficio: 6229
d 24 28 21 29 18 5 16 10 19 3 14 10 29 24 9 2 4 30 9 11 30 13 2 27 5 
Beneficio: 4142
d 24 28 21 29 18 5 16 10 19 3 14 10 29 24 18 9 5 27 30 2 4 30 11 27 2 13 30 
Beneficio: 6022
d 24 28 21 29 18 5 16 10 19 3 14 10 29 24 18 21 30 4 2 13 30 11 9 2 
Beneficio: 3431
d 24 28 21 29 18 5 16 10 19 3 14 10 29 24 21 30 13 11 27 2 4 13 
Beneficio: 5062
d 24 28 21 29 18 5 16 10 19 3 14 10 29 2 4 30 9 11 13 30 2 27 5 
Beneficio: 6230
d 24 28 21 29 18 5 16 10 19 3 14 10 29 2 30 11 9 30 13 2 27 11 21 28 25 26 7 8 6 7 
Beneficio: 5414
d 24 28 21 29 18 5 16 10 19 3 14 10 29 2 13 30 11 9 5 27 2 30 4 2 21 18 29 
Beneficio: -656
d 24 28 21 29 18 5 16 10 19 3 14 10 29 2 18 27 30 13 11 9 30 11 27 5 
Beneficio: 5924
d 24 28 21 29 18 5 16 10 19 3 14 10 29 9 11 30 13 2 4 30 9 2 27 11 21 18 
Beneficio: 6174
d 24 28 21 29 18 5 16 10 19 3 14 10 29 9 30 13 11 9 18 2 4 30 11 27 2 13 
Beneficio: 6376
d 24 28 21 29 18 5 16 10 19 3 14 10 29 9 18 21 2 4 30 2 27 11 30 13 11 9 24 
Beneficio: -3101
d 24 28 21 29 18 5 16 10 19 3 14 10 29 9 27 13 11 30 
Beneficio: 5780
d 24 28 21 29 18 5 16 10 19 3 14 10 29 5 27 2 30 9 11 13 30 4 2 9 27 11 30 
Beneficio: 3927
d 24 28 21 29 18 5 16 10 19 3 14 10 29 5 9 30 2 4 30 13 11 27 5 2 
Beneficio: 3782
d 24 28 21 29 18 5 16 10 19 3 14 10 29 5 9 30 4 2 18 21 30 11 13 30 
Beneficio: 5924
d 24 28 21 29 18 5 16 10 19 3 14 10 29 16 18 21 2 9 11 30 13 2 4 
Beneficio: -90
d 24 28 21 29 18 5 16 10 19 3 14 10 29 24 18 21 2 30 9 11 13 30 11 27 5 
Beneficio: 3989
d 24 28 21 29 18 5 16 10 19 3 14 10 29 21 30 13 4 2 13 
Beneficio: 3830
d 24 28 21 29 18 5 16 10 19 3 14 10 24 9 11 30 21 28 25 6 7 8 17 20 22 23 
Beneficio: 6251
d 24 28 21 29 18 5 16 10 19 3 14 10 24 9 11 13 30 4 2 18 9 30 13 
Beneficio: 5633
d 24 28 21 29 18 5 16 10 19 3 14 10 24 9 30 4 2 5 9 11 13 30 21 
Beneficio: -2732
d 24 28 21 29 18 5 16 10 19 3 14 10 24 9 18 2 30 13 4 
Beneficio: 6183
d 24 28 21 29 18 5 16 10 19 3 14 10 24 9 2 27 11 30 2 21 28 25 26 7 8 17 22 23 
Beneficio: 6073
d 24 28 21 29 18 5 16 10 19 3 14 10 24 9 21 2 13 30 4 2 30 11 27 5 9 11 
Beneficio: 5527
d 24 28 21 29 18 5 16 10 19 3 14 10 24 18 9 2 13 30 4 2 27 11 30 11 9 5 29 
Beneficio: 5437
d 24 28 21 29 18 5 16 10 19 3 14 10 24 18 29 9 30 4 2 27 9 11 30 13 
Beneficio: -185
d 24 28 21 29 18 5 16 10 19 3 14 10 24 18 21 2 27 29 16 9 11 30 11 
Beneficio: -1304
d 24 28 21 29 18 5 16 10 19 3 14 10 24 18 5 29 2 30 13 11 27 9 11 
Beneficio: 4039
d 24 28 21 29 18 5 16 10 19 3 14 10 24 29 18 2 13 30 4 2 30 9 5 27 11 30 13 11 
Beneficio: 5589
d 24 28 21 29 18 5 16 10 19 3 14 10 24 29 27 11 13 30 11 9 18 21 2 4 30 13 
Beneficio: 3052
d 24 28 21 29 18 5 16 10 19 3 14 10 24 29 5 27 11 21 2 4 30 21 
Beneficio: 5545
d 24 28 21 29 18 5 16 10 19 3 14 10 24 21 18 5 27 2 9 11 30 2 4 30 13 
Beneficio: -1933
d 24 28 21 29 18 5 16 10 19 3 14 10 24 18 9 30 13 11 27 5 
Beneficio: 5789
d 24 28 21 29 18 5 16 10 19 3 14 10 24 9 11 13 30 4 2 30 9 18 29 16 
Beneficio: 3114
d 24 28 21 29 18 5 16 10 19 3 14 10 24 9 30 21 2 27 11 13 4 2 18 
Beneficio: 3794
d 24 28 21 29 18 5 16 10 19 3 14 10 24 9 18 21 2 4 30 11 27 13 
Beneficio: 5350
d 24 28 21 29 18 5 16 10 19 3 14 10 24 9 13 30 4 2 30 13 11 9 27 5 
Beneficio: 5998
d 24 28 21 29 18 5 16 10 19 3 14 10 24 18 9 30 11 9 5 27 2 4 30 2 21 
Beneficio: 6092
d 24 28 21 29 18 5 16 10 19 3 14 10 24 18 29 27 11 13 2 4 30 9 11 30 2 27 
Beneficio: 6106
d 24 28 21 29 18 5 16 10 19 3 14 10 24 18 2 9 11 13 2 4 30 2 27 11 30 9 5 27 
Beneficio: 6010
d 24 28 21 29 18 5 16 10 19 3 14 10 24 18 5 9 30 4 2 18 9 11 13 30 11 
Beneficio: -2248
d 24 28 21 29 18 5 16 10 19 3 14 10 24 29 18 21 2 9 30 11 27 5 9 13 
Beneficio: 989
d 24 28 21 29 18 5 16 10 19 3 14 10 24 29 27 2 11 9 30 11 
Beneficio: 4833
d 24 28 21 29 18 5 16 10 19 3 14 10 24 16 29 27 2 4 30 9 11 27 5 
Beneficio: 5690
d 24 28 21 29 18 5 16 10 19 3 14 10 24 29 27 2 4 30 13 11 30 9 11 13 
Beneficio: -1255
d 24 28 21 29 18 5 16 10 19 3 14 10 16 29 18 21 2 9 11 13 
Beneficio: -3149
d 24 28 21 29 18 5 16 10 19 3 14 10 29 24 18 2 9 30 13 11 
Beneficio: 8134
d 24 28 21 29 18 5 16 10 19 3 14 24 9 11 30 13 11 27 2 18 21 28 25 26 15 7 8 6 7 26 22 23 
Beneficio: 4116
d 24 28 21 29 18 5 16 10 19 3 14 24 9 11 30 13 2 27 11 21 28 25 15 26 6 17 8 7 23 22 
Beneficio: 4313
d 24 28 21 29 18 5 16 10 19 3 14 24 9 11 30 13 2 9 18 21 28 25 26 6 8 7 23 22 20 
Beneficio: 6626
d 24 28 21 29 18 5 16 10 19 3 14 24 9 11 30 13 11 27 2 18 21 28 25 26 6 8 7 26 15 6 7 
Beneficio: 5041
d 24 28 21 29 18 5 16 10 19 3 14 24 9 11 30 13 2 21 28 25 26 7 15 17 23 22 12 8 
Beneficio: 7793
d 24 28 21 29 18 5 16 10 19 3 14 24 9 11 30 2 27 11 21 28 25 26 7 8 6 15 17 23 22 17 23 
Beneficio: 2222
d 24 28 21 29 18 5 16 10 19 3 14 24 9 11 30 2 21 28 25 26 15 7 8 17 22 6 15 26 
Beneficio: 5563
d 24 28 21 29 18 5 16 10 19 3 14 24 9 11 30 9 5 29 2 4 30 13 27 2 21 
Beneficio: 7709
d 24 28 21 29 18 5 16 10 19 3 14 24 9 11 30 21 28 25 26 7 6 8 12 22 23 7 8 17 15 26 6 22 20 
Beneficio: 5303
d 24 28 21 29 18 5 16 10 19 3 14 24 9 11 30 21 28 25 26 7 15 26 22 23 17 22 6 8 
Beneficio: 3896
d 24 28 21 29 18 5 16 10 19 3 14 24 9 11 30 21 28 25 6 15 17 22 23 7 8 17 6 
Beneficio: 10941
d 24 28 21 29 18 5 16 10 19 3 14 24 9 11 30 4 2 27 5 9 30 21 28 25 26 7 23 17 22 23 
Beneficio: 5975
d 24 28 21 29 18 5 16 10 19 3 14 24 9 11 27 5 9 30 13 2 21 28 26 7 8 6 15 26 
Beneficio: 5518
d 24 28 21 29 18 5 16 10 19 3 14 24 9 11 27 5 29 18 21 30 13 2 4 30 9 27 2 
Beneficio: 13806
d 24 28 21 29 18 5 16 10 19 3 14 24 9 11 27 2 4 30 21 28 25 26 7 8 23 22 12 
Beneficio: 2244
d 24 28 21 29 18 5 16 10 19 3 14 24 9 11 27 2 30 11 21 28 25 15 6 8 7 23 15 
Beneficio: 5604
d 24 28 21 29 18 5 16 10 19 3 14 24 9 11 27 2 30 4 2 27 18 21 30 11 13 
Beneficio: 2351
d 24 28 21 29 18 5 16 10 19 3 14 24 9 11 27 2 13 30 21 28 25 6 7 15 26 7 
Beneficio: 7120
d 24 28 21 29 18 5 16 10 19 3 14 24 9 11 27 2 21 28 25 26 7 6 17 22 23 17 8 7 6 26 15 
Beneficio: 636
d 24 28 21 29 18 5 16 10 19 3 14 24 9 11 27 2 21 28 25 26 15 6 22 20 17 23 22 17 
Beneficio: 3107
d 24 28 21 29 18 5 16 10 19 3 14 24 9 11 27 2 18 21 28 25 26 22 6 7 8 6 23 22 
Beneficio: 5146
d 24 28 21 29 18 5 16 10 19 3 14 24 9 11 27 9 5 2 4 30 21 2 27 29 
Beneficio: 5322
d 24 28 21 29 18 5 16 10 19 3 14 24 9 11 13 30 11 27 5 9 30 2 21 28 25 26 7 6 22 23 17 22 
Beneficio: 8327
d 24 28 21 29 18 5 16 10 19 3 14 24 9 11 13 30 11 27 2 21 28 25 26 7 8 17 22 23 17 6 15 26 
Beneficio: 6184
d 24 28 21 29 18 5 16 10 19 3 14 24 9 11 13 30 11 21 28 25 15 23 7 6 8 7 26 15 
Beneficio: 5001
d 24 28 21 29 18 5 16 10 19 3 14 24 9 11 13 30 9 21 2 4 30 13 2 27 
Beneficio: 4996
d 24 28 21 29 18 5 16 10 19 3 14 24 9 11 13 30 4 2 13 30 11 27 5 29 10 14 19 3 
Beneficio: 2486
d 24 28 21 29 18 5 16 10 19 3 14 24 9 11 13 30 11 27 2 21 28 25 6 8 7 15 26 6 
Beneficio: 5230
d 24 28 21 29 18 5 16 10 19 3 14 24 9 11 13 30 9 18 21 28 25 26 7 6 17 8 7 15 6 
Beneficio: 4828
d 24 28 21 29 18 5 16 10 19 3 14 24 9 11 13 2 4 30 2 9 16 18 29 
Beneficio: 5260
d 24 28 21 29 18 5 16 10 19 3 14 24 9 11 13 27 2 4 13 30 21 18 
Beneficio: 5204
d 24 28 21 29 18 5 16 10 19 3 14 24 9 11 30 2 4 30 9 5 27 29 
Beneficio: -335
d 24 28 21 29 18 5 16 10 19 3 14 24 9 11 21 28 25 26 6 8 17 23 
Beneficio: 5599
d 24 28 21 29 18 5 16 10 19 3 14 24 9 11 13 30 9 27 29 18 2 4 13 30 11 
Beneficio: 4953
d 24 28 21 29 18 5 16 10 19 3 14 24 9 11 2 30 4 2 18 29 27 5 9 30 21 
Beneficio: 3271
d 24 28 21 29 18 5 16 10 19 3 14 24 9 30 11 9 5 27 18 21 28 25 26 7 6 22 17 
Beneficio: 4718
d 24 28 21 29 18 5 16 10 19 3 14 24 9 30 11 9 13 30 21 28 25 26 7 6 22 23 7 15 6 8 
Beneficio: 6264
d 24 28 21 29 18 5 16 10 19 3 14 24 9 30 11 27 2 4 30 21 2 13 11 9 29 16 
Beneficio: 1352
d 24 28 21 29 18 5 16 10 19 3 14 24 9 30 11 27 2 21 28 25 26 15 6 7 26 25 6 17 8 
Beneficio: 3554
d 24 28 21 29 18 5 16 10 19 3 14 24 9 30 11 13 30 21 28 25 26 15 7 26 6 22 17 23 22 
Beneficio: 5786
d 24 28 21 29 18 5 16 10 19 3 14 24 9 30 11 30 13 2 4 27 5 9 11 27 2 
Beneficio: 4264
d 24 28 21 29 18 5 16 10 19 3 14 24 9 30 11 2 18 21 28 25 26 7 8 17 22 
Beneficio: 3246
d 24 28 21 29 18 5 16 10 19 3 14 24 9 30 13 11 30 2 21 28 25 15 7 23 22 17 15 26 7 
Beneficio: 4136
d 24 28 21 29 18 5 16 10 19 3 14 24 9 30 13 11 21 28 25 26 22 17 8 7 26 15 
Beneficio: 3752
d 24 28 21 29 18 5 16 10 19 3 14 24 9 30 13 2 27 11 21 28 25 6 8 7 26 15 23 
Beneficio: -392
d 24 28 21 29 18 5 16 10 19 3 14 24 9 30 13 11 9 5 27 11 30 2 21 28 25 26 22 17 8 6 
Beneficio: -163
d 24 28 21 29 18 5 16 10 19 3 14 24 9 30 13 11 27 2 21 28 25 26 15 6 22 8 7 15 
Beneficio: 2157
d 24 28 21 29 18 5 16 10 19 3 14 24 9 30 13 2 21 28 25 26 7 6 22 23 6 8 12 
Beneficio: 3850
d 24 28 21 29 18 5 16 10 19 3 14 24 9 30 2 4 13 30 11 27 2 9 5 29 10 
Beneficio: 1785
d 24 28 21 29 18 5 16 10 19 3 14 24 9 30 2 27 11 21 28 25 26 6 22 23 7 8 17 6 
Beneficio: 4995
d 24 28 21 29 18 5 16 10 19 3 14 24 9 30 21 11 9 18 2 27 11 13 4 2 13 30 
Beneficio: 3357
d 24 28 21 29 18 5 16 10 19 3 14 24 9 30 21 28 25 7 26 15 17 8 7 6 22 
Beneficio: 4161
d 24 28 21 29 18 5 16 10 19 3 14 24 9 30 4 2 21 11 27 30 13 
Beneficio: 8172
d 24 28 21 29 18 5 16 10 19 3 14 24 9 5 27 11 9 30 13 11 30 2 21 28 25 26 7 8 17 23 22 20 
Beneficio: 4051
d 24 28 21 29 18 5 16 10 19 3 14 24 9 5 27 11 9 2 21 28 25 26 7 6 22 23 7 15 6 
Beneficio: 2231
d 24 28 21 29 18 5 16 10 19 3 14 24 9 5 27 11 30 13 11 9 2 30 21 28 25 26 15 7 6 8 7 23 
Beneficio: 2397
d 24 28 21 29 18 5 16 10 19 3 14 24 9 5 27 11 30 9 2 21 28 25 26 15 6 8 7 23 22 20 
Beneficio: 6619
d 24 28 21 29 18 5 16 10 19 3 14 24 9 5 27 11 13 30 11 9 2 4 30 2 27 29 18 
Beneficio: 5284
d 24 28 21 29 18 5 16 10 19 3 14 24 9 5 27 11 13 2 30 21 28 25 26 7 8 6 22 23 17 6 
Beneficio: 4830
d 24 28 21 29 18 5 16 10 19 3 14 24 9 5 27 11 2 30 4 2 27 30 13 11 9 
Beneficio: 3425
d 24 28 21 29 18 5 16 10 19 3 14 24 9 5 27 2 30 21 28 25 26 7 8 22 20 17 15 26 
Beneficio: 5890
d 24 28 21 29 18 5 16 10 19 3 14 24 9 5 27 2 13 11 30 21 28 25 26 7 15 6 8 7 23 22 
Beneficio: 5316
d 24 28 21 29 18 5 16 10 19 3 14 24 9 5 27 29 2 30 4 2 27 11 9 13 30 21 
Beneficio: 5811
d 24 28 21 29 18 5 16 10 19 3 14 24 9 5 29 18 27 11 13 30 4 2 13 30 11 9 2 21 
Beneficio: 5733
d 24 28 21 29 18 5 16 10 19 3 14 24 9 5 18 21 2 4 30 13 2 18 9 11 30 2 27 5 29 
Beneficio: 4857
d 24 28 21 29 18 5 16 10 19 3 14 24 9 5 2 4 30 11 9 30 2 29 18 
Beneficio: 5204
d 24 28 21 29 18 5 16 10 19 3 14 24 9 18 29 27 11 9 30 11 13 2 4 13 30 
Beneficio: 5857
d 24 28 21 29 18 5 16 10 19 3 14 24 9 18 2 4 2 27 11 30 9 11 21 30 13 
Beneficio: 5574
d 24 28 21 29 18 5 16 10 19 3 14 24 9 18 2 13 30 11 9 2 4 30 2 27 5 29 10 14 
Beneficio: 4570
d 24 28 21 29 18 5 16 10 19 3 14 24 9 18 21 2 30 13 4 2 27 30 9 11 13 
Beneficio: 81
d 24 28 21 29 18 5 16 10 19 3 14 24 9 18 21 28 25 26 15 6 8 7 15 6 22 12 
Beneficio: 5673
d 24 28 21 29 18 5 16 10 19 3 14 24 9 18 5 27 2 4 2 30 11 9 
Beneficio: 5365
d 24 28 21 29 18 5 16 10 19 3 14 24 9 2 4 30 2 27 11 9 29 5 27 18 
Beneficio: 6389
d 24 28 21 29 18 5 16 10 19 3 14 24 9 2 27 11 9 18 2 30 13 11 30 21 28 25 26 7 8 17 22 20 
Beneficio: 4977
d 24 28 21 29 18 5 16 10 19 3 14 24 9 2 27 11 13 30 4 2 30 13 27 9 11 
Beneficio: 3997
d 24 28 21 29 18 5 16 10 19 3 14 24 9 2 30 11 30 13 4 2 18 21 11 27 5 9 
Beneficio: 5656
d 24 28 21 29 18 5 16 10 19 3 14 24 9 2 13 30 11 27 2 30 4 2 27 29 18 9 11 13 30 9 
Beneficio: 7133
d 24 28 21 29 18 5 16 10 19 3 14 24 9 2 13 4 2 27 11 13 30 11 9 5 29 18 
Beneficio: 6217
d 24 28 21 29 18 5 16 10 19 3 14 24 9 2 30 4 2 13 11 9 27 11 30 13 
Beneficio: -1976
d 24 28 21 29 18 5 16 10 19 3 14 24 9 16 18 21 30 11 13 30 27 
Beneficio: 6079
d 24 28 21 29 18 5 16 10 19 3 14 24 9 29 5 27 2 4 13 30 9 11 30 21 18 
Beneficio: 6716
d 24 28 21 29 18 5 16 10 19 3 14 24 9 29 27 2 13 30 11 9 30 4 2 30 13 11 
Beneficio: 3116
d 24 28 21 29 18 5 16 10 19 3 14 24 9 2 4 13 30 2 27 5 29 18 
Beneficio: 4766
d 24 28 21 29 18 5 16 10 19 3 14 24 9 2 30 13 4 2 13 11 9 5 27 11 21 30 
Beneficio: 5457
d 24 28 21 29 18 5 16 10 19 3 14 24 9 2 29 18 21 11 30 4 2 30 9 11 13 30 
Beneficio: 5176
d 24 28 21 29 18 5 16 10 19 3 14 24 9 13 30 21 2 4 30 2 27 11 9 18 
Beneficio: 2053
d 24 28 21 29 18 5 16 10 19 3 14 24 9 13 30 21 28 25 26 7 15 6 22 23 8 
Beneficio: 6371
d 24 28 21 29 18 5 16 10 19 3 14 24 9 13 2 4 30 13 11 27 5 18 9 11 30 21 
Beneficio: 6215
d 24 28 21 29 18 5 16 10 19 3 14 24 9 27 11 9 5 27 2 4 30 13 11 30 2 21 18 
Beneficio: 4818
d 24 28 21 29 18 5 16 10 19 3 14 24 9 27 11 30 13 4 2 21 18 9 11 13 
Beneficio: 4796
d 24 28 21 29 18 5 16 10 19 3 14 24 9 27 2 13 30 4 2 5 27 11 30 9 11 13 
Beneficio: 5482
d 24 28 21 29 18 5 16 10 19 3 14 24 9 18 2 4 13 11 9 2 27 11 21 
Beneficio: 3228
d 24 28 21 29 18 5 16 10 19 3 14 24 9 5 27 11 9 30 21 28 25 26 15 7 8 17 22 23 7 6 
Beneficio: 4543
d 24 28 21 29 18 5 16 10 19 3 14 24 9 5 27 4 2 21 30 11 27 
Beneficio: -2411
d 24 28 21 29 18 5 16 10 19 3 14 24 9 27 11 13 30 11 21 28 25 26 22 6 7 
Beneficio: 3984
d 24 28 21 29 18 5 16 10 19 3 14 24 9 27 2 13 4 2 21 30 13 
Beneficio: 5406
d 24 28 21 29 18 5 16 10 19 3 14 24 9 29 2 30 11 30 4 2 9 11 13 
Beneficio: 3173
d 24 28 21 29 18 5 16 10 19 3 14 24 9 30 4 2 9 27 11 21 
Beneficio: 2703
d 24 28 21 29 18 5 16 10 19 3 14 24 18 9 11 30 13 11 27 2 21 28 25 26 22 6 7 8 17 
Beneficio: 2138
d 24 28 21 29 18 5 16 10 19 3 14 24 18 9 11 30 21 28 25 26 15 17 8 7 23 17 22 6 26 
Beneficio: 5620
d 24 28 21 29 18 5 16 10 19 3 14 24 18 9 11 27 2 4 30 13 11 30 9 2 18 16 29 
Beneficio: -1397
d 24 28 21 29 18 5 16 10 19 3 14 24 18 9 11 27 2 21 28 25 26 6 17 7 
Beneficio: 5666
d 24 28 21 29 18 5 16 10 19 3 14 24 18 9 11 13 30 9 2 4 30 11 30 21 2 13 
Beneficio: 5150
d 24 28 21 29 18 5 16 10 19 3 14 24 18 9 11 30 13 4 2 9 29 5 27 11 13 30 
Beneficio: 5716
d 24 28 21 29 18 5 16 10 19 3 14 24 18 9 30 11 9 5 2 4 30 13 11 27 29 16 
Beneficio: 3828
d 24 28 21 29 18 5 16 10 19 3 14 24 18 9 30 11 2 4 30 13 11 27 29 18 21 2 
Beneficio: 4169
d 24 28 21 29 18 5 16 10 19 3 14 24 18 9 30 13 2 4 13 11 21 2 27 
Beneficio: 5605
d 24 28 21 29 18 5 16 10 19 3 14 24 18 9 30 4 2 27 11 13 30 11 9 16 3 19 14 10 
Beneficio: 7013
d 24 28 21 29 18 5 16 10 19 3 14 24 18 9 5 27 11 13 30 11 21 28 25 26 7 8 17 22 23 
Beneficio: 3135
d 24 28 21 29 18 5 16 10 19 3 14 24 18 9 5 27 2 30 4 2 9 30 13 
Beneficio: 5754
d 24 28 21 29 18 5 16 10 19 3 14 24 18 9 2 27 11 9 5 27 4 2 13 11 30 21 
Beneficio: 5366
d 24 28 21 29 18 5 16 10 19 3 14 24 18 9 2 13 30 4 2 30 11 9 13 11 21 
Beneficio: 5765
d 24 28 21 29 18 5 16 10 19 3 14 24 18 9 2 30 4 2 27 5 9 30 13 11 9 16 
Beneficio: 2880
d 24 28 21 29 18 5 16 10 19 3 14 24 18 9 13 11 27 2 30 4 2 27 
Beneficio: 4586
d 24 28 21 29 18 5 16 10 19 3 14 24 18 9 5 2 4 13 11 9 30 
Beneficio: 4766
d 24 28 21 29 18 5 16 10 19 3 14 24 18 29 5 27 11 9 18 21 30 13 4 2 13 30 9 16 
Beneficio: 4567
d 24 28 21 29 18 5 16 10 19 3 14 24 18 29 5 27 2 9 11 13 30 4 2 18 21 28 
Beneficio: 5715
d 24 28 21 29 18 5 16 10 19 3 14 24 18 29 5 9 2 13 30 11 30 4 2 18 9 11 13 
Beneficio: 2242
d 24 28 21 29 18 5 16 10 19 3 14 24 18 29 27 11 9 2 30 21 28 25 26 7 6 22 17 15 
Beneficio: 3238
d 24 28 21 29 18 5 16 10 19 3 14 24 18 29 27 5 9 2 30 4 2 27 11 13 30 9 18 
Beneficio: 4784
d 24 28 21 29 18 5 16 10 19 3 14 24 18 29 27 9 13 30 4 2 30 13 11 9 5 27 
Beneficio: 5600
d 24 28 21 29 18 5 16 10 19 3 14 24 18 29 9 11 13 30 11 27 2 13 4 2 9 5 27 
Beneficio: 5751
d 24 28 21 29 18 5 16 10 19 3 14 24 18 29 9 13 11 27 2 4 30 2 27 5 9 11 30 13 
Beneficio: 6375
d 24 28 21 29 18 5 16 10 19 3 14 24 18 29 9 11 27 2 13 30 4 2 
Beneficio: 5492
d 24 28 21 29 18 5 16 10 19 3 14 24 18 29 16 9 30 13 11 30 4 2 27 11 9 18 2 13 
Beneficio: 6170
d 24 28 21 29 18 5 16 10 19 3 14 24 18 2 4 13 11 9 5 27 11 30 2 21 
Beneficio: 6213
d 24 28 21 29 18 5 16 10 19 3 14 24 18 2 27 11 30 13 2 21 28 25 26 7 8 17 22 23 7 6 
Beneficio: -187
d 24 28 21 29 18 5 16 10 19 3 14 24 18 2 27 11 13 30 21 28 25 6 15 7 8 6 7 
Beneficio: 6629
d 24 28 21 29 18 5 16 10 19 3 14 24 18 2 27 9 11 30 4 2 30 13 11 27 5 9 18 29 
Beneficio: 5587
d 24 28 21 29 18 5 16 10 19 3 14 24 18 2 30 11 30 4 2 13 11 9 27 29 18 
Beneficio: 4741
d 24 28 21 29 18 5 16 10 19 3 14 24 18 2 30 4 2 27 5 9 30 13 11 9 18 21 
Beneficio: 3001
d 24 28 21 29 18 5 16 10 19 3 14 24 18 2 13 30 4 2 11 13 30 9 5 27 29 
Beneficio: 2864
d 24 28 21 29 18 5 16 10 19 3 14 24 18 2 13 4 2 9 13 11 27 29 5 
Beneficio: 2602
d 24 28 21 29 18 5 16 10 19 3 14 24 18 2 9 11 30 21 28 25 26 15 7 8 17 22 20 12 
Beneficio: 4054
d 24 28 21 29 18 5 16 10 19 3 14 24 18 2 27 11 30 4 2 13 30 21 11 
Beneficio: -62
d 24 28 21 29 18 5 16 10 19 3 14 24 18 2 5 9 30 11 9 29 27 11 30 13 
Beneficio: 3526
d 24 28 21 29 18 5 16 10 19 3 14 24 18 21 2 30 11 27 2 9 11 13 30 21 28 25 26 7 
Beneficio: 5624
d 24 28 21 29 18 5 16 10 19 3 14 24 18 21 2 27 11 13 30 11 9 30 4 2 18 5 29 
Beneficio: 6125
d 24 28 21 29 18 5 16 10 19 3 14 24 18 21 30 13 11 27 5 9 2 4 30 11 9 
Beneficio: 5953
d 24 28 21 29 18 5 16 10 19 3 14 24 18 21 30 9 11 27 29 9 2 4 30 11 13 30 2 27 
Beneficio: -927
d 24 28 21 29 18 5 16 10 19 3 14 24 18 21 11 30 13 11 27 9 5 2 
Beneficio: 3800
d 24 28 21 29 18 5 16 10 19 3 14 24 18 21 11 13 30 4 2 9 18 27 11 30 21 
Beneficio: 395
d 24 28 21 29 18 5 16 10 19 3 14 24 18 21 28 25 26 15 7 8 22 6 7 
Beneficio: 4744
d 24 28 21 29 18 5 16 10 19 3 14 24 18 21 9 30 13 11 9 5 29 27 2 4 30 13 
Beneficio: 5112
d 24 28 21 29 18 5 16 10 19 3 14 24 18 5 27 11 30 2 13 4 2 18 9 30 13 
Beneficio: 4609
d 24 28 21 29 18 5 16 10 19 3 14 24 18 5 27 2 30 4 2 9 30 11 9 21 
Beneficio: 6273
d 24 28 21 29 18 5 16 10 19 3 14 24 18 5 27 13 11 30 4 2 13 30 9 11 27 2 
Beneficio: 4030
d 24 28 21 29 18 5 16 10 19 3 14 24 18 5 9 2 13 11 30 4 2 27 11 13 30 9 16 
Beneficio: -1614
d 24 28 21 29 18 5 16 10 19 3 14 24 18 5 29 21 9 11 27 2 
Beneficio: 3847
d 24 28 21 29 18 5 16 10 19 3 14 24 18 9 11 30 13 11 21 28 25 26 15 6 8 7 23 22 17 
Beneficio: 5569
d 24 28 21 29 18 5 16 10 19 3 14 24 18 9 30 11 30 2 13 4 2 27 11 9 27 5 
Beneficio: 4931
d 24 28 21 29 18 5 16 10 19 3 14 24 18 9 2 4 27 5 9 11 13 30 
Beneficio: 610
d 24 28 21 29 18 5 16 10 19 3 14 24 18 9 29 5 27 11 13 30 11 9 30 21 2 
Beneficio: 4879
d 24 28 21 29 18 5 16 10 19 3 14 24 18 27 5 29 16 9 30 4 2 30 13 11 9 
Beneficio: 6013
d 24 28 21 29 18 5 16 10 19 3 14 24 18 27 9 11 13 30 11 27 2 4 30 13 2 
Beneficio: 943
d 24 28 21 29 18 5 16 10 19 3 14 24 18 16 29 5 27 11 9 2 30 13 11 30 
Beneficio: 111
d 24 28 21 29 18 5 16 10 19 3 14 24 18 27 9 2 30 11 9 13 30 
Beneficio: 1377
d 24 28 21 29 18 5 16 10 19 3 14 24 29 18 9 11 13 30 21 28 25 26 15 7 8 6 7 23 
Beneficio: 6132
d 24 28 21 29 18 5 16 10 19 3 14 24 29 18 9 2 13 30 4 2 27 5 9 11 13 30 11 
Beneficio: 6289
d 24 28 21 29 18 5 16 10 19 3 14 24 29 18 2 27 9 11 13 30 11 27 5 9 30 4 2 30 13 
Beneficio: 5187
d 24 28 21 29 18 5 16 10 19 3 14 24 29 18 21 2 27 11 30 4 2 9 30 11 9 
Beneficio: 5850
d 24 28 21 29 18 5 16 10 19 3 14 24 29 18 21 9 11 13 30 4 2 27 5 9 30 11 
Beneficio: 1232
d 24 28 21 29 18 5 16 10 19 3 14 24 29 18 9 5 27 2 13 30 11 9 30 13 11 27 
Beneficio: 6241
d 24 28 21 29 18 5 16 10 19 3 14 24 29 5 27 11 9 18 2 4 30 9 27 
Beneficio: 6361
d 24 28 21 29 18 5 16 10 19 3 14 24 29 5 27 11 13 2 4 30 2 18 9 11 30 21 
Beneficio: 5534
d 24 28 21 29 18 5 16 10 19 3 14 24 29 5 27 2 21 18 9 11 13 4 2 30 11 30 13 
Beneficio: 3990
d 24 28 21 29 18 5 16 10 19 3 14 24 29 5 27 13 2 4 30 2 27 11 30 13 9 
Beneficio: 5799
d 24 28 21 29 18 5 16 10 19 3 14 24 29 5 9 30 2 4 30 11 27 29 18 9 11 30 13 2 
Beneficio: 5537
d 24 28 21 29 18 5 16 10 19 3 14 24 29 5 18 9 11 30 4 2 21 11 27 29 16 
Beneficio: 5031
d 24 28 21 29 18 5 16 10 19 3 14 24 29 5 9 11 13 30 2 4 27 
Beneficio: 5472
d 24 28 21 29 18 5 16 10 19 3 14 24 29 27 11 9 2 4 30 9 16 18 
Beneficio: 4441
d 24 28 21 29 18 5 16 10 19 3 14 24 29 27 11 13 30 4 2 27 5 9 30 11 21 
Beneficio: 5699
d 24 28 21 29 18 5 16 10 19 3 14 24 29 27 5 9 30 4 2 9 11 13 30 11 27 2 21 18 29 
Beneficio: 1976
d 24 28 21 29 18 5 16 10 19 3 14 24 29 27 2 30 13 11 30 9 11 2 
Beneficio: -1128
d 24 28 21 29 18 5 16 10 19 3 14 24 29 27 2 5 18 21 30 13 11 9 30 13 
Beneficio: 4373
d 24 28 21 29 18 5 16 10 19 3 14 24 29 27 13 30 4 2 30 11 27 2 9 5 
Beneficio: 2838
d 24 28 21 29 18 5 16 10 19 3 14 24 29 16 9 5 27 2 4 13 11 
Beneficio: 4847
d 24 28 21 29 18 5 16 10 19 3 14 24 29 9 11 13 30 2 4 30 13 2 27 
Beneficio: 4741
d 24 28 21 29 18 5 16 10 19 3 14 24 29 9 5 27 11 9 27 2 4 13 2 
Beneficio: -2534
d 24 28 21 29 18 5 16 10 19 3 14 24 29 9 16 18 2 13 30 11 
Beneficio: 5534
d 24 28 21 29 18 5 16 10 19 3 14 24 29 2 4 30 13 11 30 11 9 29 
Beneficio: 6030
d 24 28 21 29 18 5 16 10 19 3 14 24 29 2 18 5 27 11 13 4 2 30 11 9 
Beneficio: 3659
d 24 28 21 29 18 5 16 10 19 3 14 24 29 9 5 27 2 21 30 4 2 30 13 11 30 
Beneficio: 5864
d 24 28 21 29 18 5 16 10 19 3 14 24 29 5 27 4 2 27 11 30 13 11 9 18 
Beneficio: -773
d 24 28 21 29 18 5 16 10 19 3 14 24 29 27 2 13 30 11 27 5 18 9 11 13 30 9 
Beneficio: 1506
d 24 28 21 29 18 5 16 10 19 3 14 24 16 9 30 13 11 30 13 2 27 11 9 5 27 29 
Beneficio: 5449
d 24 28 21 29 18 5 16 10 19 3 14 24 16 9 2 4 30 11 9 5 27 2 30 21 
Beneficio: 2917
d 24 28 21 29 18 5 16 10 19 3 14 24 16 29 5 27 11 30 2 4 30 9 5 18 
Beneficio: 5553
d 24 28 21 29 18 5 16 10 19 3 14 24 16 29 2 30 13 9 11 27 2 4 30 11 13 30 
Beneficio: -673
d 24 28 21 29 18 5 16 10 19 3 14 24 16 18 21 2 30 13 11 30 13 9 11 27 29 
Beneficio: 5522
d 24 28 21 29 18 5 16 10 19 3 14 24 21 2 27 5 9 11 13 2 4 13 30 11 30 
Beneficio: 5493
d 24 28 21 29 18 5 16 10 19 3 14 24 21 2 9 11 30 4 2 9 30 13 11 21 
Beneficio: 3983
d 24 28 21 29 18 5 16 10 19 3 14 24 21 30 13 2 4 30 11 27 2 30 13 9 18 
Beneficio: 6502
d 24 28 21 29 18 5 16 10 19 3 14 24 21 30 4 2 11 30 13 9 11 27 
Beneficio: 3779
d 24 28 21 29 18 5 16 10 19 3 14 24 21 18 2 27 11 30 4 2 27 5 9 13 
Beneficio: 5791
d 24 28 21 29 18 5 16 10 19 3 14 24 21 11 30 13 2 27 11 9 30 2 4 27 
######### Overtime ############
Mejor solucion encontrada!
Beneficio: 14132
d 24 28 25 26 7 8 17 22 23 7 15 26 28 21 2 4 30 11 9 5 16 10 19 3 14 d 
Time taken: 7200.00s
