Evaluando Instancias/D10NoRPP
Solucion inicial: Instancias/D10NoRPP-salida.txt

Beneficio: -119
d 6 7 16 14 12 32 28 29 10 13 17 15 18 
Beneficio: -161
d 6 7 16 14 16 11 17 15 18 13 10 28 32 29 36 35 34 33 30 
Beneficio: -109
d 6 7 16 14 16 11 17 15 18 13 10 28 32 12 3 23 24 26 4 9 2 
Beneficio: -167
d 6 7 16 14 16 11 17 15 18 13 10 29 36 33 
Beneficio: -109
d 6 7 16 14 11 17 18 13 10 31 12 3 23 24 4 9 2 20 27 20 
Beneficio: -152
d 6 7 16 14 11 17 15 13 10 28 32 31 12 3 
Beneficio: -119
d 6 7 16 11 17 15 13 10 29 32 12 3 23 24 4 9 2 20 27 22 26 24 
Beneficio: -135
d 6 7 16 11 17 15 18 13 10 29 32 28 36 35 33 30 35 34 
Beneficio: -189
d 6 7 16 11 14 12 31 32 29 28 10 13 18 
Beneficio: -82
d 6 7 16 14 12 31 32 28 10 29 36 33 35 34 30 33 35 30 
Beneficio: -176
d 6 7 16 14 11 17 18 13 10 31 12 3 23 24 4 
Beneficio: -173
d 6 7 16 11 17 18 13 10 29 32 31 12 3 23 24 
Beneficio: -87
d 6 7 16 15 18 17 11 14 12 32 29 10 28 36 35 33 34 30 33 
Beneficio: -126
d 6 7 16 14 16 11 17 15 13 10 29 32 12 3 23 24 26 4 9 2 20 
Beneficio: -180
d 6 7 16 14 11 17 18 13 10 28 36 35 34 33 
Beneficio: -126
d 6 7 16 11 14 12 31 32 28 10 29 36 33 35 34 30 
Beneficio: -149
d 6 7 16 11 17 15 18 13 10 29 32 28 36 35 30 34 
Beneficio: -169
d 6 7 5 8 3 12 32 29 10 13 18 15 17 11 16 14 
Beneficio: -95
d 6 7 16 14 12 32 29 28 10 13 18 11 17 
Beneficio: -140
d 6 7 16 14 16 11 17 18 15 13 10 28 36 33 35 34 30 33 35 
Beneficio: -140
d 6 7 16 14 16 11 17 18 15 13 10 28 29 32 12 3 23 24 4 9 2 
Beneficio: -128
d 6 7 16 14 11 17 15 18 13 10 28 29 32 31 12 3 23 24 4 9 2 27 20 
Beneficio: -178
d 6 7 16 14 11 17 18 15 13 10 28 32 29 36 33 34 
Beneficio: -177
d 6 7 16 11 17 15 18 13 10 28 36 29 32 12 3 23 24 4 8 
Beneficio: -126
d 6 7 16 11 17 18 13 10 29 32 31 12 3 23 24 4 9 2 27 20 27 22 26 
Beneficio: -134
d 6 7 16 11 17 13 10 29 32 12 3 23 24 26 4 9 2 20 27 22 
Beneficio: -193
d 6 7 16 11 18 17 13 10 28 32 12 3 23 24 4 
Beneficio: -129
d 6 7 16 14 11 17 15 18 13 10 28 32 29 36 35 33 34 30 33 35 34 
Beneficio: -175
d 6 7 16 14 11 17 15 18 13 10 29 32 12 3 23 24 4 9 27 
Beneficio: -113
d 6 7 16 15 17 11 14 12 3 23 24 4 9 2 20 
Beneficio: -92
d 6 7 16 14 12 31 32 28 36 29 10 13 15 17 
Beneficio: -166
d 6 7 16 14 16 15 17 18 13 10 28 32 12 3 23 24 26 4 9 27 20 
Beneficio: -137
d 6 7 16 11 17 18 13 10 29 28 32 31 12 3 23 24 26 20 27 2 9 
Beneficio: -129
d 6 7 16 14 12 3 23 31 32 29 10 28 36 
Beneficio: -123
d 6 5 7 16 14 12 32 29 36 28 10 13 18 17 11 
Beneficio: -60
d 6 5 8 4 9 2 20 27 22 23 3 12 14 16 11 18 17 
Beneficio: -130
d 6 5 8 3 12 14 16 15 17 11 18 13 
Beneficio: -53
d 6 8 4 9 2 27 20 27 22 26 24 23 3 12 14 16 11 17 15 13 10 28 29 32 
Beneficio: -131
d 6 8 4 9 2 27 20 27 22 26 24 23 3 12 32 28 29 10 13 18 17 11 
Beneficio: -72
d 6 8 4 9 2 27 20 26 24 23 3 12 14 11 17 15 18 13 10 28 29 32 31 
Beneficio: -127
d 6 8 4 9 2 27 20 26 4 24 23 3 12 32 28 10 13 15 18 17 11 
Beneficio: -46
d 6 8 4 9 2 27 20 26 24 23 3 12 14 16 11 18 15 17 13 
Beneficio: -87
d 6 8 4 9 2 27 20 26 24 23 3 12 14 11 17 15 13 10 28 32 31 
Beneficio: -79
d 6 8 4 9 2 27 20 26 24 23 3 12 14 11 17 15 18 13 10 28 29 32 
Beneficio: -89
d 6 8 4 9 2 27 9 4 24 23 3 12 32 28 10 13 18 17 11 16 14 12 31 32 29 36 
Beneficio: -73
d 6 8 4 9 2 27 22 26 24 23 31 12 14 16 15 17 18 13 10 28 32 31 
Beneficio: -42
d 6 8 4 9 2 27 22 26 24 23 3 12 14 11 17 15 18 13 10 28 36 33 35 34 30 33 
Beneficio: -78
d 6 8 4 9 2 27 22 23 3 12 14 16 14 11 17 18 15 13 10 28 29 
Beneficio: -122
d 6 8 4 9 2 20 27 20 26 4 24 23 3 12 32 29 36 28 10 13 18 15 17 11 14 
Beneficio: -49
d 6 8 4 9 2 20 27 9 4 24 23 3 12 14 16 11 17 15 18 13 10 29 28 
Beneficio: -72
d 6 8 4 9 2 20 27 22 26 4 24 23 31 12 14 16 11 17 18 13 
Beneficio: -96
d 6 8 4 9 2 20 27 22 23 3 12 32 28 36 35 30 33 35 34 
Beneficio: -109
d 6 8 4 9 2 20 27 22 26 24 23 3 12 31 32 29 36 33 30 34 33 35 
Beneficio: -50
d 6 8 4 9 2 20 26 24 23 3 12 14 16 11 17 15 18 13 10 28 32 29 36 33 30 
Beneficio: -80
d 6 8 4 9 2 20 26 22 23 3 12 32 29 10 13 15 18 17 11 16 14 12 32 28 
Beneficio: -68
d 6 8 4 9 2 27 20 27 9 24 23 3 12 14 16 11 18 
Beneficio: -47
d 6 8 4 9 2 27 20 27 22 23 3 12 14 16 11 17 15 18 13 10 28 32 29 
Beneficio: -131
d 6 8 4 9 2 27 20 26 24 23 31 12 32 28 36 33 35 
Beneficio: -71
d 6 8 4 9 2 27 20 26 24 23 3 12 14 16 11 17 15 18 13 10 29 
Beneficio: -147
d 6 8 4 9 2 27 20 26 24 23 3 12 32 28 10 13 18 15 17 11 16 
Beneficio: -100
d 6 8 4 9 2 27 22 26 24 23 3 12 32 29 10 28 36 33 30 34 33 
Beneficio: -82
d 6 8 4 9 2 27 22 23 3 12 14 11 17 15 18 13 10 28 32 12 31 
Beneficio: -59
d 6 8 4 9 2 20 27 9 4 24 23 3 12 14 16 11 17 15 18 13 10 28 32 12 31 
Beneficio: -103
d 6 8 4 9 2 20 27 22 26 4 24 23 3 12 31 32 29 36 35 33 30 34 
Beneficio: -84
d 6 8 4 9 2 20 27 22 26 24 23 3 12 14 11 17 15 13 10 28 36 29 
Beneficio: -68
d 6 8 4 9 2 20 26 24 23 31 12 14 16 11 17 18 13 10 29 32 
Beneficio: -83
d 6 8 4 9 2 9 27 20 26 24 23 3 12 14 11 17 18 
Beneficio: -78
d 6 8 4 9 2 9 4 24 26 22 23 3 12 14 16 11 17 18 13 10 28 32 
Beneficio: -95
d 6 8 4 9 2 3 12 14 16 15 13 
Beneficio: -67
d 6 8 4 9 27 20 27 2 9 4 24 23 31 12 14 16 11 17 15 18 13 10 28 32 29 
Beneficio: -106
d 6 8 4 9 27 20 27 22 23 3 12 14 16 11 17 13 
Beneficio: -98
d 6 8 4 9 27 20 2 9 4 24 23 3 12 31 32 29 36 35 30 34 33 30 
Beneficio: -175
d 6 8 4 9 27 20 26 24 23 31 10 29 32 28 
Beneficio: -86
d 6 8 4 9 27 20 2 9 24 23 3 12 14 16 11 17 18 13 10 28 32 
Beneficio: -97
d 6 8 4 9 27 2 9 4 24 23 3 12 31 32 28 36 35 34 30 33 34 
Beneficio: -138
d 6 8 4 9 27 2 9 24 23 31 32 29 36 35 34 30 
Beneficio: -150
d 6 8 4 9 27 2 9 24 23 3 12 32 28 10 13 17 18 
Beneficio: -180
d 6 8 4 9 27 22 26 24 23 3 12 31 10 13 15 17 11 
Beneficio: -105
d 6 8 4 9 2 27 20 26 24 23 31 32 12 14 16 14 11 17 18 13 
Beneficio: -121
d 6 8 4 9 2 20 27 22 26 24 23 3 12 14 11 17 15 
Beneficio: -182
d 6 8 4 9 2 27 22 26 24 23 3 12 32 28 10 13 18 15 17 11 
Beneficio: -104
d 6 8 4 9 24 26 20 27 2 3 12 14 16 15 17 18 
Beneficio: -116
d 6 8 4 9 24 23 3 12 14 16 11 17 13 10 28 36 29 32 
Beneficio: -87
d 6 8 4 9 24 23 3 12 14 16 14 11 17 18 13 10 29 32 28 36 33 30 35 34 
Beneficio: -164
d 6 8 4 9 27 20 26 24 23 3 12 31 32 28 10 13 18 17 11 16 14 
Beneficio: -74
d 6 8 4 24 26 22 23 3 12 14 16 14 11 17 18 13 10 28 36 35 33 34 30 33 
Beneficio: -125
d 6 8 4 24 26 22 23 3 12 14 16 11 17 18 15 13 10 28 36 
Beneficio: -138
d 6 8 4 24 26 20 27 20 2 3 12 32 29 10 
Beneficio: -150
d 6 8 4 24 26 20 27 22 23 3 12 32 28 36 
Beneficio: -80
d 6 8 4 24 23 3 12 14 16 14 11 17 15 18 13 10 28 32 29 36 35 30 33 35 34 
Beneficio: -127
d 6 8 4 24 23 3 12 14 11 17 18 13 10 31 32 29 36 28 
Beneficio: -120
d 6 8 4 24 23 3 12 14 16 11 17 13 10 29 36 33 35 34 
Beneficio: -183
d 6 8 4 24 23 3 12 32 29 10 28 36 33 34 21 
Beneficio: -158
d 6 8 4 24 23 31 10 28 36 33 30 34 35 
Beneficio: -180
d 6 8 4 24 26 22 23 3 12 32 28 29 10 13 18 15 17 11 16 14 
Beneficio: -129
d 6 8 4 24 23 3 12 32 31 10 29 28 36 33 30 34 33 
Beneficio: -113
d 6 8 4 24 9 2 27 22 23 3 12 31 32 28 
Beneficio: -71
d 6 8 4 26 24 23 3 12 14 16 14 11 17 15 13 10 28 32 29 36 35 33 30 35 34 
Beneficio: -104
d 6 8 4 26 24 23 3 12 32 29 10 13 18 17 11 16 14 12 31 32 28 36 33 35 34 30 
Beneficio: -141
d 6 8 4 26 24 23 3 12 31 32 28 10 29 36 35 33 34 30 33 34 
Beneficio: -128
d 6 8 4 26 24 23 31 12 14 16 15 17 18 13 10 29 36 
Beneficio: -130
d 6 8 4 26 24 23 3 12 14 11 17 18 15 13 10 29 
Beneficio: -133
d 6 8 4 26 24 9 2 27 22 23 3 12 14 11 17 18 15 
Beneficio: -120
d 6 8 4 26 22 27 20 2 9 4 24 23 3 12 31 32 29 10 28 36 35 30 34 33 
Beneficio: -129
d 6 8 4 26 22 27 2 9 24 23 3 12 32 28 36 33 34 35 
Beneficio: -128
d 6 8 4 26 22 23 3 12 32 28 29 36 35 33 30 34 
Beneficio: -61
d 6 8 4 26 22 27 20 2 9 4 24 23 3 12 14 16 14 11 17 15 13 10 28 
Beneficio: -112
d 6 8 4 26 22 23 3 12 14 16 11 17 15 18 13 10 28 36 29 32 31 
Beneficio: -192
d 6 8 4 26 24 23 3 12 31 32 29 28 10 13 15 18 17 
Beneficio: -93
d 6 8 4 26 24 23 3 12 32 29 10 13 15 17 11 14 16 14 12 31 32 28 10 
Beneficio: -122
d 6 8 4 26 20 27 20 2 9 4 24 23 3 12 31 32 29 10 13 18 17 11 16 14 
Beneficio: -56
d 6 8 4 26 20 27 2 9 4 24 23 3 12 14 16 11 17 13 10 29 36 
Beneficio: -57
d 6 8 4 26 20 27 2 9 4 24 23 3 12 14 11 17 18 13 
Beneficio: -67
d 6 8 4 26 20 27 2 9 4 24 23 3 12 32 29 10 13 18 15 17 11 16 14 12 
Beneficio: -76
d 6 8 4 26 20 2 9 4 24 23 31 12 14 16 11 17 15 18 13 10 29 32 12 
Beneficio: -135
d 6 8 4 24 26 22 23 3 12 32 29 36 35 30 33 35 
Beneficio: -100
d 6 8 4 24 26 20 27 2 9 4 26 22 23 3 12 32 29 10 13 18 17 11 
Beneficio: -77
d 6 8 4 24 23 3 12 14 16 14 11 17 15 18 13 10 28 36 33 35 30 33 
Beneficio: -180
d 6 8 4 24 23 3 12 32 29 28 10 13 18 15 17 
Beneficio: -122
d 6 8 4 24 23 3 12 14 11 17 15 13 10 28 32 29 
Beneficio: -183
d 6 8 4 24 26 22 23 3 12 32 29 36 28 10 13 18 15 17 11 14 
Beneficio: -182
d 6 8 4 24 23 3 12 32 29 36 28 10 13 15 18 17 11 16 
Beneficio: -76
d 6 8 4 9 2 27 20 27 22 26 24 23 3 12 32 29 10 13 15 18 17 11 16 14 12 
Beneficio: -135
d 6 8 4 9 2 27 20 26 24 23 3 12 32 28 10 13 15 17 
Beneficio: -106
d 6 8 4 9 2 20 27 20 26 24 23 3 12 32 29 10 13 18 15 17 11 16 14 16 
Beneficio: -59
d 6 8 4 9 2 20 26 24 23 3 12 14 16 15 17 18 13 10 28 
Beneficio: -124
d 6 8 4 9 2 27 20 26 22 23 3 12 32 29 36 33 
Beneficio: -63
d 6 8 4 9 2 20 27 20 26 22 23 3 12 14 16 11 17 15 18 
Beneficio: -82
d 6 8 4 9 2 9 24 23 3 12 14 16 11 17 15 18 13 10 28 32 12 31 
Beneficio: -192
d 6 8 4 9 27 20 26 24 23 3 12 32 29 10 13 18 15 16 11 
Beneficio: -124
d 6 8 4 9 2 27 20 26 24 23 3 12 32 29 10 13 18 15 17 11 16 14 12 
Beneficio: -180
d 6 8 4 9 24 26 20 27 22 23 31 12 3 
Beneficio: -112
d 6 8 4 26 24 23 3 12 14 16 11 17 15 13 10 28 32 29 36 35 
Beneficio: -148
d 6 8 4 26 22 23 3 12 32 29 36 35 34 30 33 34 
Beneficio: -149
d 6 8 3 23 22 27 9 2 27 20 26 4 24 
Beneficio: -72
d 6 8 3 12 14 16 11 17 15 18 13 10 29 36 35 30 33 35 34 
Beneficio: -65
d 6 8 3 12 14 16 11 17 18 13 10 28 32 29 36 33 30 34 35 
Beneficio: -144
d 6 8 3 12 32 29 28 36 35 33 34 30 
Beneficio: -176
d 6 8 3 12 14 16 15 17 11 18 13 
Beneficio: -98
d 6 8 3 23 24 26 22 27 2 9 27 20 
Beneficio: -112
d 6 8 3 12 14 16 14 11 17 15 18 13 10 28 32 29 36 33 30 35 
Beneficio: -121
d 6 8 3 12 14 11 17 18 15 13 10 28 32 29 36 35 30 
Beneficio: -155
d 6 8 3 12 31 10 28 32 29 36 33 35 34 30 33 34 
Beneficio: -158
d 6 8 3 12 32 29 28 10 13 18 15 17 11 16 14 
Beneficio: -114
d 6 8 4 9 2 20 27 22 26 24 23 3 12 32 29 10 13 18 15 17 11 
Beneficio: -83
d 6 8 4 9 2 20 27 22 26 24 23 3 12 14 16 11 17 15 18 13 10 29 
Beneficio: -187
d 6 8 4 9 2 20 26 24 23 3 12 32 29 10 
Beneficio: -122
d 6 8 4 24 23 3 12 14 16 15 18 17 11 
Beneficio: -70
d 6 8 4 26 22 27 20 2 9 24 23 3 12 14 16 11 17 15 
Beneficio: -111
d 6 8 4 24 23 3 12 14 16 14 11 17 18 15 13 10 
Beneficio: -96
d 6 8 4 26 24 23 3 12 14 16 11 17 15 18 13 10 29 28 
Beneficio: -139
d 6 8 4 9 2 27 20 27 22 23 3 12 32 28 36 29 10 
Beneficio: -89
d 6 8 4 9 2 27 22 26 4 24 23 3 12 14 11 17 18 
Beneficio: -59
d 6 8 4 9 2 20 26 24 23 3 12 14 16 11 17 15 18 13 
Beneficio: -79
d 6 8 4 9 2 27 22 26 24 23 3 12 14 11 17 15 18 13 
Beneficio: -71
d 6 8 4 9 2 9 24 23 3 12 14 16 14 11 17 15 13 10 29 32 31 
Beneficio: -84
d 6 8 4 9 27 2 9 24 23 3 12 31 32 28 10 13 18 17 11 16 14 12 
Beneficio: -171
d 6 8 4 9 24 23 3 12 32 29 10 13 18 17 11 14 16 
Beneficio: -127
d 6 8 4 24 23 3 12 14 16 11 18 17 15 13 10 29 36 33 
Beneficio: -165
d 6 8 4 24 23 3 12 32 28 10 13 18 17 15 16 11 
Beneficio: -184
d 6 8 4 26 24 23 31 12 32 28 10 13 15 17 18 
Beneficio: -122
d 6 8 4 26 22 23 3 12 14 16 14 11 17 15 13 18 
Beneficio: -191
d 6 8 4 26 20 2 27 22 23 3 12 31 32 29 36 28 
Beneficio: -105
d 6 8 4 24 26 20 27 22 23 3 12 14 16 11 18 15 
Beneficio: -123
d 6 8 4 9 27 20 27 22 26 24 23 3 12 14 11 18 
Beneficio: -120
d 6 8 3 12 14 16 11 17 18 13 10 29 32 28 36 33 35 34 30 
Beneficio: -119
d 6 8 3 12 14 16 11 18 13 10 29 32 28 36 33 
Beneficio: -91
d 6 8 4 24 23 3 12 14 11 17 18 13 10 29 36 35 34 30 33 
Beneficio: -69
d 7 6 8 4 9 2 27 20 27 9 4 24 23 31 12 14 16 11 17 
Beneficio: -90
d 7 6 8 4 9 2 27 20 26 24 23 3 12 32 28 10 13 18 15 17 
Beneficio: -107
d 7 6 8 4 9 2 27 20 26 24 23 3 12 32 28 29 10 13 18 15 17 11 16 
Beneficio: -36
d 7 6 8 4 9 2 27 22 26 24 23 3 12 14 16 11 17 18 13 10 28 32 29 36 33 30 34 
Beneficio: -88
d 7 6 8 4 9 2 27 9 24 23 3 12 14 16 11 17 13 18 15 
Beneficio: -80
d 7 6 8 4 9 2 20 27 22 26 4 24 23 31 32 12 14 16 11 17 15 18 
Beneficio: -80
d 7 6 8 4 9 2 20 26 24 23 3 12 14 11 17 13 10 29 28 
Beneficio: -135
d 7 6 8 4 9 2 27 20 27 22 26 4 24 23 31 32 28 10 13 18 15 
Beneficio: -104
d 7 6 8 4 9 2 27 20 26 24 23 3 12 32 29 36 35 33 30 
Beneficio: -72
d 7 6 8 4 9 2 27 22 23 31 12 14 16 11 17 15 18 13 10 28 32 
Beneficio: -96
d 7 6 8 4 9 2 20 27 22 23 31 12 32 28 36 33 34 30 33 35 
Beneficio: -127
d 7 6 8 4 9 2 9 4 24 23 3 12 32 28 29 10 13 
Beneficio: -102
d 7 6 8 4 9 27 20 27 22 26 24 23 3 12 14 16 11 17 18 15 13 
Beneficio: -121
d 7 6 8 4 9 27 20 26 22 23 3 12 14 16 15 18 13 10 29 32 31 
Beneficio: -81
d 7 6 8 4 9 27 2 9 24 26 22 23 3 12 14 16 11 17 15 18 13 
Beneficio: -151
d 7 6 8 4 9 2 27 20 26 24 23 3 12 32 29 10 28 36 
Beneficio: -178
d 7 6 8 4 9 24 26 22 27 20 2 3 12 32 28 10 
Beneficio: -116
d 7 6 8 4 9 24 23 3 12 14 11 17 15 18 13 10 29 32 31 12 
Beneficio: -99
d 7 6 8 4 24 26 22 23 3 12 14 11 17 18 
Beneficio: -120
d 7 6 8 4 24 23 3 12 14 16 14 11 18 13 10 28 36 35 34 33 
Beneficio: -178
d 7 6 8 4 24 23 3 12 32 28 10 13 17 11 14 16 
Beneficio: -123
d 7 6 8 4 24 26 22 23 3 12 32 29 10 13 18 15 17 11 14 12 
Beneficio: -80
d 7 6 8 4 24 9 2 27 20 26 22 23 3 12 14 11 16 
Beneficio: -69
d 7 6 8 4 26 24 23 3 12 14 16 11 17 15 18 13 10 29 36 35 34 33 30 
Beneficio: -151
d 7 6 8 4 26 24 23 3 12 32 28 36 33 34 30 33 34 30 
Beneficio: -134
d 7 6 8 4 26 22 27 2 9 4 24 23 3 12 32 29 10 13 18 17 11 14 16 14 
Beneficio: -140
d 7 6 8 4 26 22 23 3 12 32 29 10 28 36 35 33 30 34 35 
Beneficio: -191
d 7 6 8 4 26 24 23 3 12 32 29 10 13 18 11 16 14 
Beneficio: -78
d 7 6 8 4 26 20 27 2 9 4 24 23 3 12 14 16 11 17 18 15 13 10 28 36 
Beneficio: -83
d 7 6 8 4 24 26 22 23 3 12 14 16 11 17 15 18 13 10 
Beneficio: -118
d 7 6 8 4 24 23 3 12 14 16 11 17 13 10 29 32 28 36 35 33 
Beneficio: -162
d 7 6 8 4 24 23 31 12 32 29 10 28 36 35 33 34 30 
Beneficio: -138
d 7 6 8 4 9 2 27 20 26 24 23 31 32 29 10 13 18 17 
Beneficio: -124
d 7 6 8 4 9 2 27 20 27 9 24 23 3 12 32 29 10 13 18 15 17 11 14 
Beneficio: -161
d 7 6 8 4 9 27 20 27 22 26 24 23 3 12 32 29 10 13 18 17 11 16 14 
Beneficio: -119
d 7 6 8 4 9 27 20 26 24 23 31 32 12 14 16 11 17 18 15 
Beneficio: -111
d 7 6 8 3 23 22 26 4 9 2 20 27 9 4 
Beneficio: -79
d 7 6 8 3 12 14 11 17 15 18 13 10 29 28 36 33 35 34 30 33 34 
Beneficio: -83
d 7 6 8 3 12 14 11 17 15 13 10 28 32 29 36 33 30 34 35 33 
Beneficio: -89
d 7 6 8 3 12 14 16 15 18 13 10 28 36 33 30 
Beneficio: -62
d 7 6 8 4 9 2 27 20 27 22 23 3 12 14 16 11 17 15 18 13 10 29 32 28 
Beneficio: -122
d 7 6 8 4 24 26 22 23 3 12 14 11 17 15 18 13 
Beneficio: -188
d 7 6 8 4 24 23 3 12 31 32 28 10 13 17 15 18 
Beneficio: -69
d 7 6 8 4 9 2 20 27 20 26 4 24 23 3 12 14 11 16 
Beneficio: -71
d 7 6 8 4 9 27 20 2 9 4 24 26 22 23 3 12 14 16 11 17 18 15 
Beneficio: -76
d 7 6 8 4 24 23 3 12 14 16 11 17 15 18 13 10 28 32 29 36 35 34 30 33 34 
Beneficio: -130
d 7 6 8 4 26 24 23 3 12 14 11 17 18 13 10 29 32 28 36 35 33 
Beneficio: -69
d 7 6 8 4 9 27 20 27 2 9 24 23 3 12 14 16 11 
Beneficio: -115
d 7 6 8 3 12 14 16 11 17 18 13 10 28 32 31 12 
Beneficio: -57
d 7 6 8 4 9 2 27 20 27 9 24 23 3 12 14 16 14 11 17 18 15 
Beneficio: -136
d 7 6 8 4 9 2 27 20 26 24 23 31 32 29 36 28 10 
Beneficio: -110
d 7 6 8 4 9 2 27 20 26 24 23 3 12 31 32 28 36 33 34 30 33 35 30 
Beneficio: -81
d 7 6 8 4 9 2 27 22 26 24 23 3 12 14 16 11 17 15 18 13 10 28 29 32 
Beneficio: -75
d 7 6 8 4 9 2 20 27 20 26 24 23 3 12 14 16 11 17 18 13 
Beneficio: -115
d 7 6 8 4 9 2 20 27 22 26 24 23 3 12 32 28 36 35 
Beneficio: -143
d 7 6 8 4 9 2 20 26 24 23 31 12 14 16 11 
Beneficio: -69
d 7 6 8 4 9 2 27 20 27 22 23 3 12 14 16 11 17 13 18 15 
Beneficio: -140
d 7 6 8 4 9 2 27 20 26 24 23 3 12 31 32 28 10 13 18 17 11 
Beneficio: -99
d 7 6 8 4 9 2 20 27 20 26 24 23 3 12 32 28 10 13 18 15 17 11 
Beneficio: -84
d 7 6 8 4 9 2 20 27 22 26 24 23 31 12 14 16 11 18 17 
Beneficio: -122
d 7 6 8 4 9 2 9 4 26 24 23 3 12 31 32 28 10 13 
Beneficio: -169
d 7 6 8 4 9 27 20 27 22 23 3 12 31 32 28 10 13 18 17 11 14 
Beneficio: -109
d 7 6 8 4 9 27 20 26 24 23 3 12 14 11 17 18 13 
Beneficio: -115
d 7 6 8 4 9 27 2 20 26 24 23 3 12 14 16 11 17 18 15 13 
Beneficio: -126
d 7 6 8 4 9 2 27 20 26 24 23 3 12 14 16 11 17 18 13 15 
Beneficio: -147
d 7 6 8 4 9 24 23 3 12 32 28 10 13 15 17 11 16 14 16 
Beneficio: -116
d 7 6 8 4 9 27 20 26 24 23 3 12 14 16 14 11 18 15 17 
Beneficio: -136
d 7 6 8 4 24 26 22 23 3 12 14 16 15 13 10 29 
Beneficio: -82
d 7 6 8 4 24 23 3 12 14 16 11 17 18 13 10 29 28 36 33 30 34 33 35 
Beneficio: -71
d 7 6 8 4 24 23 3 12 14 16 14 11 17 15 18 13 10 29 32 28 36 33 30 34 35 
Beneficio: -176
d 7 6 8 4 24 26 22 23 31 12 3 
Beneficio: -80
d 7 6 8 4 26 24 23 3 12 14 16 11 17 18 13 10 28 32 29 36 35 33 34 30 33 
Beneficio: -170
d 7 6 8 4 26 24 23 3 12 32 28 10 13 15 17 18 
Beneficio: -135
d 7 6 8 4 26 24 23 3 12 14 11 16 15 18 13 17 
Beneficio: -98
d 7 6 8 4 26 22 23 3 12 14 16 14 11 18 13 
Beneficio: -121
d 7 6 8 4 26 22 23 31 32 12 14 16 11 17 15 18 13 10 
Beneficio: -128
d 7 6 8 4 26 20 27 20 2 9 4 24 26 22 23 3 12 31 32 29 10 
Beneficio: -64
d 7 6 8 4 26 20 27 9 2 27 22 23 3 12 14 11 17 15 18 13 10 29 
Beneficio: -184
d 7 6 8 4 24 26 22 23 3 12 32 28 10 13 15 18 
Beneficio: -169
d 7 6 8 4 24 23 3 12 32 29 28 10 13 18 15 17 11 14 16 14 
Beneficio: -133
d 7 6 8 4 24 26 22 23 3 12 14 11 17 15 13 10 28 
Beneficio: -40
d 7 6 8 4 9 2 27 20 26 24 23 3 12 14 16 11 17 15 13 10 29 32 
Beneficio: -112
d 7 6 8 4 9 2 27 20 26 24 23 3 12 32 29 10 13 18 15 
Beneficio: -178
d 7 6 8 4 9 27 20 26 24 23 3 12 32 29 10 13 18 15 17 
Beneficio: -149
d 7 6 8 4 26 24 23 3 12 32 28 10 29 36 33 35 30 33 34 30 
Beneficio: -133
d 7 6 8 3 23 31 12 14 11 17 18 13 10 28 36 33 34 35 
Beneficio: -117
d 7 6 8 3 12 14 11 17 18 13 10 28 36 33 34 30 
Beneficio: -178
d 7 6 8 3 12 14 16 15 18 17 11 
Beneficio: -160
d 7 6 8 3 12 32 29 10 28 36 33 34 30 25 21 
Beneficio: -64
d 7 6 8 4 9 2 27 22 26 24 23 3 12 14 11 17 15 
Beneficio: -181
d 7 6 8 4 24 23 3 12 31 32 29 36 28 10 13 18 15 17 11 16 14 16 
Beneficio: -67
d 7 6 8 4 9 2 27 22 23 3 12 14 16 11 17 18 13 10 29 
Beneficio: -132
d 7 6 8 4 9 2 20 27 22 26 24 23 3 12 32 29 10 13 18 15 17 11 16 14 16 
Beneficio: -146
d 7 6 8 4 9 27 2 9 24 23 3 12 32 28 29 10 13 18 17 11 
Beneficio: -125
d 7 6 8 4 24 26 22 23 3 12 14 11 16 15 17 
Beneficio: -57
d 7 6 8 4 26 20 27 2 9 4 24 23 3 12 14 16 11 17 15 18 13 10 29 32 12 
Beneficio: -109
d 7 6 8 4 26 24 23 3 12 14 16 14 11 17 18 
Beneficio: -169
d 7 6 8 4 24 23 3 12 32 29 10 13 15 17 11 16 14 
Beneficio: -119
d 7 5 6 8 4 24 23 31 10 29 32 12 14 16 11 
Beneficio: -113
d 7 5 8 4 24 23 3 12 14 16 14 11 17 18 15 13 10 28 32 29 
Beneficio: -117
d 7 16 14 12 32 28 36 29 10 13 17 11 18 15 
Beneficio: -118
d 7 16 14 16 11 17 15 18 13 10 28 32 29 36 33 34 30 33 
Beneficio: -128
d 7 16 14 16 11 17 15 13 10 28 29 32 12 3 23 24 4 9 2 27 20 
Beneficio: -133
d 7 16 14 16 15 17 18 13 10 29 36 35 34 33 30 
Beneficio: -167
d 7 16 14 11 17 18 13 10 29 32 12 3 23 24 26 4 9 27 20 
Beneficio: -152
d 7 16 11 17 15 18 13 10 29 36 28 32 
Beneficio: -182
d 7 16 11 17 18 13 10 29 28 32 12 3 23 24 4 26 20 
Beneficio: -96
d 7 16 11 14 12 32 28 36 33 35 30 34 
Beneficio: -175
d 7 16 11 18 15 13 10 31 32 29 36 
Beneficio: -176
d 7 16 14 11 17 15 18 13 10 28 36 29 
Beneficio: -169
d 7 16 11 17 15 18 13 10 28 29 32 12 3 23 24 26 
Beneficio: -133
d 7 16 15 18 17 11 14 12 3 8 4 9 27 22 
Beneficio: -128
d 7 16 14 16 11 17 15 13 10 29 32 31 12 3 
Beneficio: -171
d 7 16 11 17 15 18 13 10 29 32 12 3 23 24 9 4 
Beneficio: -159
d 7 16 11 18 17 15 13 10 28 36 35 34 30 
Beneficio: -79
d 7 16 15 17 11 14 12 3 23 24 4 9 2 27 
Beneficio: -112
d 7 6 8 4 9 2 27 20 27 22 26 4 24 23 3 12 32 29 10 13 15 18 
Beneficio: -99
d 7 6 8 4 9 2 27 20 26 4 24 23 3 12 32 29 36 35 33 30 35 34 
Beneficio: -66
d 7 6 8 4 9 2 27 20 26 24 23 3 12 14 16 11 17 15 18 
Beneficio: -74
d 7 6 8 4 9 2 27 22 26 24 23 3 12 14 16 15 17 
Beneficio: -39
d 7 6 8 4 9 2 20 27 9 24 23 3 12 14 16 15 17 11 
Beneficio: -81
d 7 6 8 4 9 2 20 27 22 23 3 12 14 16 11 17 15 13 10 29 32 28 
Beneficio: -138
d 7 6 8 4 9 2 27 20 27 22 26 24 23 3 12 31 32 29 28 36 
Beneficio: -108
d 7 6 8 4 9 2 27 20 26 24 23 3 12 32 29 10 13 18 17 11 16 14 16 
Beneficio: -122
d 7 6 8 4 9 2 20 27 20 26 24 23 3 12 31 32 28 10 13 18 15 17 11 16 14 
Beneficio: -60
d 7 6 8 4 9 2 20 27 22 26 24 23 31 32 12 14 16 11 17 15 18 13 
Beneficio: -85
d 7 6 8 4 9 2 9 24 26 22 23 31 12 14 16 11 
Beneficio: -79
d 7 6 8 4 9 27 20 2 9 24 23 3 12 14 16 11 17 18 15 13 10 
Beneficio: -94
d 7 6 8 4 9 27 20 26 24 23 3 12 14 16 11 17 15 13 18 
Beneficio: -81
d 7 6 8 4 9 27 22 26 24 23 3 12 14 11 17 15 13 
Beneficio: -108
d 7 6 8 4 9 2 27 22 23 3 12 14 16 11 17 15 18 13 10 28 
Beneficio: -128
d 7 6 8 4 9 24 23 3 12 31 32 28 10 13 18 17 11 14 12 32 
Beneficio: -143
d 7 6 8 4 24 26 22 27 20 19 21 25 
Beneficio: -115
d 7 6 8 4 24 23 3 12 14 16 11 17 15 13 10 29 36 33 34 35 
Beneficio: -124
d 7 6 8 4 24 23 3 12 14 16 11 17 15 18 13 10 29 36 33 35 
Beneficio: -128
d 7 6 8 4 24 26 20 27 2 9 4 26 22 23 3 12 32 28 10 13 18 17 11 14 16 
Beneficio: -105
d 7 6 8 4 26 24 23 3 12 14 16 14 11 17 18 13 10 28 32 29 36 35 34 
Beneficio: -185
d 7 6 8 4 26 24 23 3 12 32 28 10 13 18 15 17 11 14 16 
Beneficio: -48
d 7 6 8 4 26 22 27 20 27 2 9 4 24 23 3 12 14 16 11 17 15 18 13 10 29 
Beneficio: -122
d 7 6 8 4 26 22 23 3 12 14 16 14 11 17 18 15 13 10 28 32 31 
Beneficio: -100
d 7 6 8 4 26 24 23 3 12 14 16 11 17 15 13 18 
Beneficio: -135
d 7 6 8 4 26 20 27 2 9 4 24 23 3 12 31 32 28 10 13 
Beneficio: -124
d 7 6 8 4 26 20 2 3 12 14 16 15 18 17 11 
Beneficio: -120
d 7 6 8 4 24 23 3 12 14 16 11 17 18 15 13 10 28 36 35 34 33 
Beneficio: -152
d 7 6 8 4 24 23 31 32 28 10 29 36 35 30 34 33 30 34 
Beneficio: -112
d 7 6 8 4 9 2 27 20 26 24 23 3 12 32 28 10 
Beneficio: -102
d 7 6 8 4 9 2 27 20 26 24 23 3 12 32 29 36 35 34 33 30 35 
Beneficio: -128
d 7 6 8 4 9 27 2 9 24 23 3 12 32 29 10 13 15 17 11 
Beneficio: -115
d 7 6 8 4 26 24 23 3 12 14 16 11 17 15 18 13 
Beneficio: -104
d 7 6 8 3 12 14 16 14 11 17 15 13 10 29 32 12 31 23 
Beneficio: -138
d 7 6 8 3 12 31 23 24 26 22 27 20 27 2 9 4 
Beneficio: -80
d 7 6 8 3 12 14 16 14 11 17 15 13 10 28 36 35 34 33 30 
Beneficio: -122
d 7 6 8 3 12 14 16 14 11 17 15 18 13 10 29 36 35 
Beneficio: -130
d 7 6 8 4 9 24 26 22 23 3 12 14 11 17 18 15 
Beneficio: -152
d 7 6 8 4 24 23 3 12 32 28 10 13 15 17 11 14 
Beneficio: -75
d 7 6 8 4 9 2 20 27 22 26 24 23 3 12 14 16 11 17 18 13 10 29 
Beneficio: -126
d 7 6 8 4 9 27 2 20 26 24 23 3 12 14 16 14 
Beneficio: -139
d 7 6 8 4 24 9 2 20 27 20 26 22 23 3 12 32 29 
Beneficio: -69
d 7 6 8 4 24 26 20 27 2 9 4 26 22 23 3 12 14 16 11 17 18 
Beneficio: -186
d 7 6 8 3 12 32 28 36 29 10 13 18 15 16 
Beneficio: -72
d 7 6 5 8 4 9 2 27 20 26 24 23 3 12 14 16 14 11 17 15 18 
Beneficio: -74
d 7 6 8 4 9 2 27 20 26 24 23 3 12 14 16 11 17 18 13 10 29 
Beneficio: -83
d 7 6 8 4 9 2 27 20 26 24 23 3 12 14 16 14 11 18 15 13 10 28 
Beneficio: -91
d 7 6 8 4 9 2 27 22 26 24 23 3 12 32 28 10 29 36 35 30 33 34 
Beneficio: -78
d 7 6 8 4 9 2 20 27 20 26 24 23 3 12 14 16 11 17 15 18 
Beneficio: -79
d 7 6 8 4 9 2 20 27 22 26 4 24 23 3 12 31 32 29 36 33 30 34 
Beneficio: -108
d 7 6 8 4 9 2 20 26 4 24 23 31 32 28 36 35 34 30 33 
Beneficio: -63
d 7 6 8 4 9 2 27 20 26 24 23 3 12 14 16 14 11 17 13 10 29 32 12 31 
Beneficio: -117
d 7 6 8 4 9 2 27 22 26 24 23 3 12 31 32 28 36 35 33 30 35 34 33 
Beneficio: -78
d 7 6 8 4 9 2 20 27 22 26 24 23 3 12 14 16 11 17 15 18 13 10 28 32 29 
Beneficio: -81
d 7 6 8 4 9 2 20 26 24 23 3 12 14 11 17 18 
Beneficio: -65
d 7 6 8 4 9 27 20 27 2 9 4 26 22 23 3 12 14 16 11 18 17 15 
Beneficio: -103
d 7 6 8 4 9 27 20 26 24 23 3 12 14 16 14 11 17 15 18 13 10 29 32 31 
Beneficio: -141
d 7 6 8 4 9 27 2 9 24 26 22 23 3 12 32 28 29 10 
Beneficio: -122
d 7 6 8 4 9 2 27 20 26 24 23 3 12 32 29 10 13 18 17 11 16 14 12 31 32 28 10 
Beneficio: -167
d 7 6 8 4 9 24 23 3 12 31 32 29 36 33 
Beneficio: -183
d 7 6 8 4 9 27 22 26 24 23 3 12 32 29 10 28 36 35 33 34 30 
Beneficio: -70
d 7 6 8 4 24 26 20 27 2 9 4 24 23 3 12 14 16 11 18 13 10 29 32 12 
Beneficio: -172
d 7 6 8 4 24 23 3 12 32 28 10 13 15 18 11 16 14 16 
Beneficio: -149
d 7 6 8 4 24 23 31 12 32 29 36 35 30 33 35 
Beneficio: -174
d 7 6 8 4 24 23 3 12 32 29 36 28 10 13 18 15 17 11 16 14 16 
Beneficio: -76
d 7 6 8 4 26 24 23 3 12 31 32 29 10 13 18 15 17 11 14 16 14 12 32 28 29 36 33 30 34 
Beneficio: -121
d 7 6 8 4 26 24 23 3 12 14 16 14 11 17 13 10 28 32 29 36 33 
Beneficio: -139
d 7 6 8 4 26 22 27 2 9 4 24 23 3 12 32 29 10 13 18 17 11 14 16 
Beneficio: -84
d 7 6 8 4 26 22 23 3 12 14 16 11 17 15 18 13 10 28 32 
Beneficio: -59
d 7 6 8 4 26 20 27 20 2 9 4 24 26 22 23 3 12 14 16 11 17 15 18 13 
Beneficio: -104
d 7 6 8 4 26 20 27 22 23 3 12 14 11 17 15 13 10 29 32 31 
Beneficio: -123
d 7 6 8 4 24 26 22 23 3 12 14 11 17 18 13 10 29 32 
Beneficio: -127
d 7 6 8 4 24 23 3 12 14 16 15 13 18 
Beneficio: -179
d 7 6 8 4 24 23 3 12 32 28 10 13 15 18 17 11 14 
Beneficio: -59
d 7 6 8 4 9 2 20 27 22 26 24 23 3 12 14 16 11 18 15 
Beneficio: -78
d 7 6 8 4 9 2 20 26 24 23 3 12 32 28 10 13 18 15 17 11 16 14 12 31 32 29 10 
Beneficio: -106
d 7 6 8 4 9 24 26 20 27 22 23 3 12 14 
Beneficio: -148
d 7 6 8 3 23 22 26 4 9 2 20 19 21 
Beneficio: -82
d 7 6 8 3 12 14 11 17 18 13 10 29 36 33 34 30 33 34 30 
Beneficio: -150
d 7 6 8 3 12 31 32 29 36 35 30 34 33 30 34 
Beneficio: -178
d 7 6 8 3 12 32 29 10 13 15 18 17 11 14 
Beneficio: -70
d 7 6 8 4 9 2 20 27 22 26 4 24 23 3 12 14 16 14 11 17 18 
Beneficio: -111
d 7 6 8 4 26 24 23 3 12 14 16 11 18 17 13 
Beneficio: -60
d 7 6 8 4 9 2 27 20 27 22 26 4 24 23 31 12 14 16 11 17 15 
Beneficio: -114
d 7 6 8 4 9 2 20 27 20 26 24 23 3 12 32 29 10 13 
Beneficio: -139
d 7 6 8 4 24 26 20 27 2 9 4 26 22 23 31 32 28 
Beneficio: -70
d 7 6 8 4 26 22 23 3 12 14 16 11 17 18 13 10 29 36 33 30 34 
Beneficio: -70
d 7 6 8 4 9 2 27 20 26 24 23 3 12 14 16 14 11 17 18 13 10 
Beneficio: -124
d 7 6 8 3 12 14 16 14 11 17 15 18 13 10 29 32 28 
Beneficio: -113
d 7 5 6 8 4 24 23 3 12 14 16 14 11 17 13 10 
Beneficio: -116
d 7 5 8 4 24 23 3 12 14 16 11 17 18 15 13 10 28 
Beneficio: -98
d 7 16 14 12 31 32 28 36 29 10 13 15 17 
Beneficio: -160
d 7 16 14 16 11 17 15 13 10 28 32 12 3 23 24 4 9 27 20 27 2 
Beneficio: -142
d 7 16 14 16 11 17 15 18 13 10 29 28 36 33 34 30 33 35 
Beneficio: -173
d 7 16 14 11 17 15 13 10 29 32 12 31 23 24 26 22 
Beneficio: -150
d 7 16 14 11 17 15 18 13 10 28 32 31 12 
Beneficio: -135
d 7 16 11 17 18 15 13 10 29 28 32 12 3 23 24 4 9 2 20 27 
Beneficio: -132
d 7 16 11 17 18 13 10 29 32 12 3 2 9 27 
Beneficio: -79
d 7 16 11 14 12 32 28 10 29 36 35 30 34 33 30 34 
Beneficio: -158
d 7 16 14 11 17 15 18 13 10 29 32 12 3 23 24 4 9 
Beneficio: -179
d 7 16 11 17 15 18 13 10 29 32 12 3 23 22 26 
Beneficio: -115
d 7 16 15 18 13 10 28 32 29 36 33 30 34 35 
Beneficio: -145
d 7 16 14 16 11 17 18 13 10 29 32 28 36 35 30 34 33 30 
Beneficio: -132
d 7 16 11 17 15 13 10 29 32 12 3 23 24 26 4 9 2 27 
Beneficio: -126
d 7 16 14 12 3 23 31 32 28 29 10 
Beneficio: -130
d 6 7 5 8 3 12 14 11 17 18 13 10 29 32 12 31 
Beneficio: -138
d 6 7 16 14 16 11 17 15 18 13 10 29 32 31 12 3 8 4 9 2 27 
Beneficio: -139
d 6 7 16 11 17 15 18 13 10 29 32 12 3 23 22 26 20 2 9 
Beneficio: -131
d 6 7 16 11 14 12 3 23 24 26 4 9 
Beneficio: -188
d 6 7 16 14 11 17 18 15 13 10 28 29 36 35 
Beneficio: -173
d 6 7 16 14 16 11 17 13 10 28 36 29 32 31 12 3 
Beneficio: -109
d 6 7 16 11 14 12 32 29 10 28 36 33 34 
Beneficio: -173
d 6 7 16 14 16 11 17 15 18 13 10 29 32 31 12 3 23 22 27 2 
Beneficio: -182
d 6 7 16 14 11 17 18 15 13 10 29 36 28 32 12 
Beneficio: -190
d 6 7 16 11 17 18 13 10 31 32 28 29 36 
Beneficio: -181
d 6 7 16 14 11 17 15 18 13 10 29 32 12 31 
Beneficio: -88
d 6 7 16 14 12 31 32 28 29 10 13 15 17 11 
Beneficio: -87
d 6 7 16 14 12 32 28 10 29 36 35 33 34 30 33 
Beneficio: -162
d 6 5 8 4 9 24 26 20 27 20 2 
Beneficio: -63
d 6 8 4 9 2 27 20 26 24 23 3 12 14 16 14 11 17 18 13 10 28 32 
Beneficio: -92
d 6 8 4 9 2 27 20 26 24 23 3 12 14 16 11 17 15 18 13 10 29 36 
Beneficio: -148
d 6 8 4 9 2 27 22 26 24 23 3 12 32 28 36 33 35 30 
Beneficio: -98
d 6 8 4 9 2 20 27 20 26 24 23 3 12 31 32 29 10 28 36 33 30 34 
Beneficio: -122
d 6 8 4 9 2 20 27 22 26 4 24 23 31 12 32 28 10 13 
Beneficio: -76
d 6 8 4 9 2 20 26 4 24 23 3 12 32 28 10 13 15 17 11 16 14 12 32 29 
Beneficio: -68
d 6 8 4 9 2 27 20 26 24 23 3 12 14 11 17 15 18 13 10 28 
Beneficio: -100
d 6 8 4 9 2 27 22 26 24 23 3 12 32 29 36 33 34 30 33 35 34 
Beneficio: -60
d 6 8 4 9 2 20 27 22 26 24 23 3 12 32 28 29 10 13 18 15 17 11 16 14 12 
Beneficio: -122
d 6 8 4 9 2 9 27 20 27 22 26 24 23 3 12 32 28 29 
Beneficio: -55
d 6 8 4 9 27 20 27 2 9 4 26 24 23 31 12 14 16 11 17 15 18 
Beneficio: -143
d 6 8 4 9 27 20 26 24 23 3 12 32 29 10 28 36 33 35 30 33 34 
Beneficio: -84
d 6 8 4 9 27 2 9 24 23 3 12 14 11 17 15 18 
Beneficio: -105
d 6 8 4 9 2 27 20 26 24 23 3 12 14 16 11 17 15 18 13 10 29 
Beneficio: -115
d 6 8 4 9 24 23 3 12 14 16 11 17 15 18 13 10 29 36 35 30 
Beneficio: -183
d 6 8 4 9 27 22 26 24 23 3 12 32 29 28 
Beneficio: -67
d 6 8 4 24 26 20 27 2 9 4 24 23 3 12 32 29 28 10 13 17 11 16 14 12 
Beneficio: -179
d 6 8 4 24 23 3 12 32 28 36 29 10 13 15 18 17 11 16 14 
Beneficio: -191
d 6 8 4 24 23 31 12 32 28 36 29 10 13 18 17 
Beneficio: -188
d 6 8 4 24 23 3 12 32 29 10 13 18 11 
Beneficio: -123
d 6 8 4 26 24 23 3 12 31 32 29 10 13 18 15 17 11 16 14 12 32 28 36 35 30 34 
Beneficio: -127
d 6 8 4 26 24 23 3 12 14 16 14 11 17 15 18 13 10 28 32 29 
Beneficio: -139
d 6 8 4 26 22 27 2 9 4 24 23 3 12 32 29 28 10 13 18 17 11 16 14 16 
Beneficio: -83
d 6 8 4 26 22 23 3 12 14 16 11 17 15 18 13 
Beneficio: -67
d 6 8 4 26 20 27 20 2 9 4 24 26 22 23 31 32 12 14 11 17 15 
Beneficio: -105
d 6 8 4 26 20 27 22 23 3 12 14 16 11 17 15 18 13 10 29 
Beneficio: -121
d 6 8 4 24 26 22 23 3 12 14 16 11 17 15 18 13 10 29 
Beneficio: -126
d 6 8 4 24 23 3 12 14 16 11 18 15 13 10 29 
Beneficio: -131
d 6 8 4 24 23 3 12 32 28 10 29 36 35 34 30 33 34 
Beneficio: -99
d 6 8 4 9 2 20 27 22 26 24 23 3 12 31 32 28 10 29 36 33 30 34 
Beneficio: -134
d 6 8 4 9 2 20 26 24 23 3 12 32 29 28 10 13 18 15 17 11 16 14 16 
Beneficio: -183
d 6 8 4 9 24 26 22 23 3 12 31 32 28 10 13 18 15 17 11 
Beneficio: -113
d 6 8 3 23 24 9 27 2 9 4 26 22 
Beneficio: -91
d 6 8 3 12 14 11 17 18 13 10 28 29 36 33 34 30 33 34 
Beneficio: -133
d 6 8 3 12 31 32 28 10 
Beneficio: -70
d 6 8 3 12 32 29 10 13 18 15 17 11 16 14 12 31 
Beneficio: -61
d 6 8 4 9 2 20 27 22 26 24 23 3 12 14 16 11 17 15 18 
Beneficio: -117
d 6 8 4 26 24 23 3 12 14 16 11 17 15 13 10 28 36 35 33 
Beneficio: -136
d 6 5 8 4 9 2 9 27 
Beneficio: -91
d 6 8 4 9 2 27 22 26 24 23 3 12 14 16 11 17 15 13 10 29 
Beneficio: -193
d 6 8 4 24 26 22 23 3 12 32 28 36 29 10 
Beneficio: -95
d 6 8 4 26 24 9 2 27 22 23 3 12 14 16 15 
Beneficio: -151
d 6 8 4 9 2 27 20 26 24 23 3 12 32 28 10 29 36 
Beneficio: -83
d 6 8 3 12 31 32 29 10 13 18 15 17 11 14 12 32 28 36 33 30 34 33 
Beneficio: -107
d 25 21 22 26 24 23 31 12 14 11 17 18 13 
Beneficio: -111
d 25 21 34 30 33 34 35 36 29 10 13 15 18 17 11 16 14 
Beneficio: -154
d 25 21 34 35 33 36 28 29 32 31 12 3 23 
Beneficio: -132
d 25 21 34 35 36 28 32 12 14 16 11 18 15 
Beneficio: -109
d 25 30 34 35 36 29 32 12 14 11 18 15 
Beneficio: -119
d 25 30 34 35 36 29 32 31 12 14 16 11 18 
Mejor solucion encontrada!
Beneficio: 0
d d 
Time taken: 2996.20s
