Evaluando ./Instances\DEGREE\D11NoRPP
Solucion inicial: ./Instances\DEGREE\D11NoRPP-salida.txt

Beneficio: 100
d 6 8 27 22 26 35 32 31 30 36 29 33 11 14 10 16 17 3 d 6 2 4 5 9 20 
Beneficio: 307
d 6 8 27 22 26 35 32 31 30 36 29 33 11 14 12 10 15 2 9 5 7 8 21 23 25 20 9 4 2 
Beneficio: 220
d 6 8 27 22 26 35 32 31 30 36 29 33 11 13 15 10 16 17 3 d 6 7 5 4 2 9 5 
Beneficio: 179
d 6 8 27 22 26 35 32 31 30 36 29 33 11 13 14 12 16 10 15 2 9 20 24 25 23 21 27 
Beneficio: 143
d 6 8 27 22 26 35 32 31 30 36 29 33 28 11 13 14 11 33 13 15 2 9 5 4 9 20 23 21 
Beneficio: 171
d 6 8 27 22 26 35 32 31 30 36 29 33 11 13 14 10 15 2 4 9 5 9 2 
Beneficio: 4
d 6 8 27 22 26 35 32 31 30 36 29 33 13 14 10 16 12 18 15 2 9 20 
Beneficio: 80
d 6 8 27 22 26 35 32 31 30 36 29 33 28 11 14 10 15 18 3 17 16 12 
Beneficio: 75
d 6 8 27 22 26 35 32 31 30 36 29 28 11 14 10 16 17 4 9 2 4 5 9 
Beneficio: 166
d 6 8 27 22 26 35 32 31 30 36 29 28 11 13 14 10 15 2 9 20 23 5 9 2 4 5 7 
Beneficio: 108
d 6 8 27 22 26 35 32 31 30 36 29 28 33 29 36 28 11 14 10 16 17 18 15 2 4 5 7 6 
Beneficio: 180
d 6 8 27 22 26 35 32 31 30 36 29 28 33 11 14 13 15 10 16 17 3 d 6 7 5 9 20 23 25 
Beneficio: 3
d 6 8 27 22 26 35 32 31 30 36 29 28 33 11 14 10 16 17 3 d 34 
Beneficio: -33
d 6 8 27 22 26 35 32 31 30 36 29 28 33 11 14 10 12 16 3 17 18 
Beneficio: 100
d 6 8 27 22 26 35 32 31 30 36 29 28 33 29 36 28 11 14 10 15 13 11 33 
Beneficio: 270
d 6 8 27 22 26 35 32 31 30 36 29 33 11 14 10 15 2 9 20 24 25 20 23 5 7 6 
Beneficio: 278
d 6 8 27 22 26 35 32 31 30 36 29 33 11 14 12 10 15 2 9 4 5 9 5 7 6 2 
Beneficio: 48
d 6 8 27 22 26 35 32 31 30 36 29 33 11 13 14 10 15 10 16 12 18 17 3 
Beneficio: 20
d 6 8 27 22 26 35 32 31 30 36 29 33 28 11 13 15 2 4 9 2 9 20 
Beneficio: 107
d 6 8 27 22 26 35 32 31 30 36 29 33 11 14 10 15 2 9 2 4 
Beneficio: 81
d 6 8 27 22 26 35 32 31 30 36 29 33 13 15 10 14 11 13 14 12 10 16 17 3 
Beneficio: 96
d 6 8 27 22 26 35 32 31 30 36 29 28 11 14 13 11 33 29 32 35 22 21 23 20 9 2 
Beneficio: 87
d 6 8 27 22 26 35 32 31 30 36 29 28 33 29 32 31 7 5 23 25 24 
Beneficio: 179
d 6 8 27 22 26 35 32 31 30 36 29 28 33 11 13 14 10 15 2 4 9 5 7 8 21 23 20 24 25 
Beneficio: 87
d 6 8 27 22 26 35 32 31 30 36 29 28 33 13 15 10 16 17 18 15 2 9 20 24 
Beneficio: 74
d 6 8 27 22 26 35 32 31 30 36 29 28 33 11 13 14 10 15 2 9 5 7 6 8 
Beneficio: 145
d 6 8 27 22 26 35 32 31 30 36 28 29 33 11 13 15 2 4 9 20 24 25 23 21 8 7 5 
Beneficio: 152
d 6 8 27 22 26 35 32 31 30 36 28 11 33 29 28 33 13 11 14 10 15 2 9 4 2 
Beneficio: -24
d 6 8 27 22 26 35 32 31 30 36 28 33 11 13 15 18 17 16 10 15 
Beneficio: -1
d 6 8 27 22 26 35 32 31 30 36 28 29 33 11 13 14 10 12 16 3 18 
Beneficio: 65
d 6 8 27 22 26 35 32 31 30 36 28 11 33 29 28 33 13 15 10 16 12 
Beneficio: -52
d 6 8 27 22 26 35 32 31 30 36 28 33 13 14 11 14 10 16 3 
Beneficio: -45
d 6 8 27 22 26 35 32 31 30 36 28 33 11 14 12 10 16 17 3 
Beneficio: 118
d 6 8 27 22 26 35 32 31 30 36 29 33 11 13 15 10 16 12 14 11 28 29 32 
Beneficio: 147
d 6 8 27 22 26 35 32 31 30 36 29 33 11 13 14 10 15 2 4 5 9 2 6 7 8 
Beneficio: 107
d 6 8 27 22 26 35 32 31 30 36 29 28 11 14 10 12 16 17 3 d 6 7 5 4 9 2 
Beneficio: 28
d 6 8 27 22 26 35 32 31 30 36 29 28 33 11 14 10 15 2 9 5 
Beneficio: -51
d 6 8 27 22 26 35 32 31 30 36 29 28 11 13 14 11 14 10 16 3 
Beneficio: 181
d 6 8 27 22 26 35 32 31 30 36 29 33 11 13 15 2 6 7 5 4 2 9 20 24 25 23 21 8 
Beneficio: 45
d 6 8 27 22 26 35 32 31 30 36 29 33 13 11 14 13 11 28 29 32 35 22 26 
Beneficio: 18
d 6 8 27 22 26 35 32 31 30 36 29 28 33 11 14 10 12 16 17 3 d 24 20 23 
Beneficio: 233
d 6 8 27 22 26 35 32 31 30 36 28 29 33 11 14 10 15 2 9 5 4 2 9 20 23 25 24 
Beneficio: 8
d 6 8 27 22 26 35 32 31 30 36 28 33 13 11 14 10 15 13 33 
Beneficio: 188
d 6 8 27 22 26 35 32 31 30 36 29 33 11 14 10 15 2 4 9 5 9 2 
Beneficio: 321
d 6 8 27 22 26 35 32 31 34 36 29 33 13 11 14 10 15 2 9 20 24 25 23 21 8 7 5 4 
Beneficio: -72
d 6 8 27 22 26 35 32 31 34 36 29 28 33 11 14 10 12 16 3 
Beneficio: 58
d 6 8 27 22 26 35 32 31 34 36 29 28 11 14 12 16 17 3 
Beneficio: 119
d 6 8 27 22 26 35 32 31 34 36 28 29 33 11 14 10 15 18 12 16 3 
Beneficio: 188
d 6 8 27 22 26 35 32 31 7 5 9 2 15 18 12 16 10 14 11 33 29 36 30 
Beneficio: 206
d 6 8 27 22 26 35 32 31 7 5 4 9 2 15 10 12 14 11 33 29 36 30 31 32 
Beneficio: 12
d 6 8 27 22 26 35 32 31 34 36 29 28 11 33 29 36 28 33 
Beneficio: 309
d 6 8 27 22 26 35 32 29 33 11 14 10 15 13 11 28 29 36 30 35 22 21 23 25 20 9 2 4 9 5 7 8 
Beneficio: 172
d 6 8 27 22 26 35 32 29 33 11 14 10 15 2 6 8 21 23 25 24 20 
Beneficio: 88
d 6 8 27 22 26 35 32 29 33 11 14 10 12 16 17 4 9 5 4 2 15 
Beneficio: 211
d 6 8 27 22 26 35 32 29 33 11 14 10 15 2 9 4 5 7 8 21 23 20 25 24 
Beneficio: 156
d 6 8 27 22 26 35 32 29 33 11 14 10 16 3 d 6 7 5 9 4 2 15 13 
Beneficio: 314
d 6 8 27 22 26 35 32 29 33 11 14 13 15 10 16 17 3 d 24 20 23 5 9 2 4 5 7 
Beneficio: 248
d 6 8 27 22 26 35 32 29 33 11 14 12 16 10 15 2 4 9 2 9 5 7 6 8 21 27 26 
Beneficio: 341
d 6 8 27 22 26 35 32 29 33 11 14 12 16 10 15 2 9 2 6 7 5 9 20 24 25 23 21 8 
Beneficio: 149
d 6 8 27 22 26 35 32 29 33 11 13 14 10 15 2 4 9 2 6 7 5 23 21 8 7 6 
Beneficio: 145
d 6 8 27 22 26 35 32 29 33 11 13 14 12 16 10 15 2 9 20 23 25 24 20 23 
Beneficio: 59
d 6 8 27 22 26 35 32 29 33 11 13 14 10 15 2 4 9 20 23 21 8 7 
Beneficio: 165
d 6 8 27 22 26 35 32 29 33 11 13 14 10 16 17 3 d 6 7 5 9 4 5 23 20 24 
Beneficio: 322
d 6 8 27 22 26 35 32 29 33 11 13 15 10 14 11 28 29 36 30 31 7 5 9 20 24 25 23 21 
Beneficio: 8
d 6 8 27 22 26 35 32 29 33 11 13 15 2 9 4 2 6 8 21 23 
Beneficio: 200
d 6 8 27 22 26 35 32 29 33 28 29 36 34 d 6 7 5 4 2 9 5 23 20 
Beneficio: 299
d 6 8 27 22 26 35 32 29 33 28 11 14 10 15 2 4 5 7 8 21 23 25 19 24 20 9 2 9 4 
Beneficio: 160
d 6 8 27 22 26 35 32 29 33 28 11 14 13 15 2 4 9 5 7 8 21 23 20 25 
Beneficio: 136
d 6 8 27 22 26 35 32 29 33 28 11 13 14 12 16 10 15 2 9 4 2 6 7 5 
Beneficio: 261
d 6 8 27 22 26 35 32 29 33 11 14 10 15 2 9 5 7 8 21 22 26 35 32 31 
Beneficio: 380
d 6 8 27 22 26 35 32 29 33 11 14 10 15 2 4 5 9 2 9 20 24 25 23 21 8 7 5 
Beneficio: 108
d 6 8 27 22 26 35 32 29 33 11 14 12 16 10 15 2 4 9 5 23 25 
Beneficio: 114
d 6 8 27 22 26 35 32 29 33 11 13 15 10 12 16 3 d 6 7 5 
Beneficio: 240
d 6 8 27 22 26 35 32 29 33 11 13 14 10 15 2 9 5 4 9 20 24 25 23 21 8 
Beneficio: 242
d 6 8 27 22 26 35 32 29 33 13 11 14 12 18 15 10 14 13 15 2 9 4 5 9 20 24 
Beneficio: 236
d 6 8 27 22 26 35 32 29 33 13 14 11 14 12 10 15 2 4 9 5 7 8 21 23 25 
Beneficio: 143
d 6 8 27 22 26 35 32 29 33 13 15 2 4 5 7 8 21 23 20 24 
Beneficio: 289
d 6 8 27 22 26 35 32 29 33 13 11 14 10 15 2 9 5 4 9 20 24 25 23 21 22 35 30 36 
Beneficio: 142
d 6 8 27 22 26 35 32 29 33 13 14 12 16 10 15 2 9 4 5 7 8 21 22 35 
Beneficio: 244
d 6 8 27 22 26 35 32 29 33 28 11 13 14 10 15 2 9 5 7 6 8 21 23 25 20 
Beneficio: 240
d 6 8 27 22 26 35 32 29 28 11 14 10 15 2 9 4 5 7 8 21 23 25 24 20 23 21 22 
Beneficio: 61
d 6 8 27 22 26 35 32 29 28 11 14 10 12 18 15 10 14 12 16 3 
Beneficio: 74
d 6 8 27 22 26 35 32 29 28 11 14 10 16 17 3 d 24 25 23 21 8 7 5 4 9 
Beneficio: 158
d 6 8 27 22 26 35 32 29 28 11 14 13 15 2 9 4 5 9 20 24 25 23 21 8 7 
Beneficio: 25
d 6 8 27 22 26 35 32 29 28 11 14 12 18 15 10 16 3 17 
Beneficio: 142
d 6 8 27 22 26 35 32 29 28 11 33 29 36 28 33 11 13 14 12 16 10 15 2 9 20 24 
Beneficio: 88
d 6 8 27 22 26 35 32 29 28 11 33 13 15 2 9 5 4 9 20 24 19 25 23 20 
Beneficio: 223
d 6 8 27 22 26 35 32 29 28 11 13 15 10 14 11 33 29 36 30 31 32 35 22 21 23 20 9 5 4 2 9 2 
Beneficio: 203
d 6 8 27 22 26 35 32 29 28 11 13 14 11 13 15 2 9 5 7 8 21 23 20 24 25 
Beneficio: 65
d 6 8 27 22 26 35 32 29 28 11 13 15 10 12 14 13 33 29 36 34 d 
Beneficio: 86
d 6 8 27 22 26 35 32 29 28 11 14 10 15 2 9 20 
Beneficio: 202
d 6 8 27 22 26 35 32 29 28 33 29 36 28 11 14 10 15 2 4 5 7 8 21 23 25 20 9 2 
Beneficio: 248
d 6 8 27 22 26 35 32 29 28 33 29 28 11 14 10 15 2 9 20 25 23 21 8 7 5 9 
Beneficio: 150
d 6 8 27 22 26 35 32 29 28 33 29 33 11 14 10 16 17 3 d 6 7 5 4 9 2 4 
Beneficio: 151
d 6 8 27 22 26 35 32 29 28 33 11 14 10 12 18 15 10 16 17 3 d 6 2 9 5 4 
Beneficio: 146
d 6 8 27 22 26 35 32 29 28 33 11 14 13 15 10 14 12 16 17 3 d 6 7 5 4 9 2 
Beneficio: 183
d 6 8 27 22 26 35 32 29 28 33 11 13 14 11 14 10 15 2 4 5 9 20 24 19 25 23 21 22 
Beneficio: 108
d 6 8 27 22 26 35 32 29 28 33 11 13 14 10 15 2 4 9 2 9 20 24 25 23 
Beneficio: 136
d 6 8 27 22 26 35 32 29 28 33 11 14 10 16 17 4 5 9 2 4 9 5 7 
Beneficio: 102
d 6 8 27 22 26 35 32 29 28 33 11 13 14 10 15 2 4 5 9 20 23 5 7 6 2 
Beneficio: 42
d 6 8 27 22 26 35 32 29 28 33 13 14 12 10 15 2 9 4 5 7 
Beneficio: 100
d 6 8 27 22 26 35 32 29 28 33 13 15 10 14 11 13 15 2 4 9 5 23 25 
Beneficio: 68
d 6 8 27 22 26 35 32 29 28 33 11 14 10 12 16 17 18 15 2 9 5 23 21 
Beneficio: 129
d 6 8 27 22 26 35 32 29 28 33 13 14 11 33 29 28 11 13 15 2 9 5 4 9 
Beneficio: 140
d 6 8 27 22 26 35 32 29 36 34 d 24 20 9 5 7 6 2 9 4 2 
Beneficio: -118
d 6 8 27 22 26 35 32 29 36 28 11 13 14 10 12 18 3 16 
Beneficio: 32
d 6 8 27 22 26 35 32 29 36 28 33 11 14 10 15 2 4 5 23 21 
Beneficio: 200
d 6 8 27 22 26 35 32 29 36 28 11 33 29 28 33 13 11 14 10 15 2 9 5 4 9 20 
Beneficio: 106
d 6 8 27 22 26 35 32 29 36 28 33 11 14 10 16 3 d 24 20 9 5 4 2 9 4 
Beneficio: -33
d 6 8 27 22 26 35 32 29 36 34 d 3 18 17 16 10 14 11 28 
Beneficio: 79
d 6 8 27 22 26 35 32 29 36 28 33 29 28 11 13 15 10 14 12 18 
Beneficio: 55
d 6 8 27 22 26 35 32 29 36 28 11 14 12 10 15 2 9 20 25 24 
Beneficio: -53
d 6 8 27 22 26 35 32 29 36 28 33 11 14 12 16 17 18 15 
Beneficio: 77
d 6 8 27 22 26 35 32 29 28 11 14 12 16 10 15 2 4 9 20 23 25 24 20 
Beneficio: -114
d 6 8 27 22 26 35 32 29 28 11 33 13 14 10 16 3 17 18 
Beneficio: 2
d 6 8 27 22 26 35 32 29 28 33 11 13 14 11 13 15 2 9 4 5 9 20 
Beneficio: -1
d 6 8 27 22 26 35 32 29 28 33 13 14 10 15 13 11 14 12 16 17 3 
Beneficio: -107
d 6 8 27 22 26 35 32 29 33 11 13 15 18 12 10 16 17 3 
Beneficio: -22
d 6 8 27 22 26 35 32 31 30 36 29 33 11 13 14 10 12 16 17 18 
Beneficio: 112
d 6 8 27 22 26 35 32 31 30 36 29 33 13 15 10 15 2 4 5 7 6 
Beneficio: 220
d 6 8 27 22 26 35 32 31 30 36 29 28 33 29 36 28 11 14 12 16 10 15 2 9 4 5 7 
Beneficio: 176
d 6 8 27 22 26 35 32 31 30 36 29 28 11 14 12 10 15 2 9 5 7 8 21 22 
Beneficio: 136
d 6 8 27 22 26 35 32 31 30 36 29 33 11 14 10 15 2 4 5 9 20 25 23 21 22 
Beneficio: 105
d 6 8 27 22 26 35 32 31 30 36 29 28 11 33 13 14 10 15 2 9 5 23 21 
Beneficio: 111
d 6 8 27 22 26 35 32 31 30 36 29 28 33 11 14 12 10 15 2 9 5 4 9 20 23 
Beneficio: 26
d 6 8 27 22 26 35 32 31 30 36 28 29 33 11 14 10 16 12 18 15 2 4 5 23 
Beneficio: 342
d 6 8 27 22 26 35 32 31 30 36 29 33 11 14 10 15 2 4 9 5 7 8 21 23 25 24 20 9 2 
Beneficio: 18
d 6 8 27 22 26 35 32 31 30 36 29 28 33 11 13 15 10 14 11 13 14 10 12 16 3 17 
Beneficio: 30
d 6 8 27 22 26 35 32 31 30 36 29 28 33 11 14 10 12 18 15 10 16 17 3 18 
Beneficio: 95
d 6 8 27 22 26 35 32 31 34 36 29 33 28 11 14 12 16 10 15 2 4 5 
Beneficio: -49
d 6 8 27 22 26 35 32 31 34 36 28 33 11 14 12 
Beneficio: 81
d 6 8 27 22 26 35 32 30 31 34 36 29 33 11 14 13 33 28 29 
Beneficio: 174
d 6 8 27 22 26 35 32 30 36 29 33 11 14 10 15 18 3 d 6 2 9 5 
Beneficio: 177
d 6 8 27 22 26 35 32 30 36 29 33 11 13 15 18 12 16 10 15 2 4 5 9 20 24 25 23 21 
Beneficio: 16
d 6 8 27 22 26 35 32 30 36 29 33 11 14 12 10 15 18 12 10 
Beneficio: 13
d 6 8 27 22 26 35 32 30 36 29 28 11 14 13 15 10 14 12 16 17 3 d 6 
Beneficio: 33
d 6 8 27 22 26 35 32 30 36 29 28 33 11 14 10 15 13 14 12 16 3 17 
Beneficio: -92
d 6 8 27 22 26 35 32 30 36 29 28 33 11 14 10 16 3 
Beneficio: 128
d 6 8 27 22 26 35 32 30 36 29 33 11 14 10 15 2 9 4 5 9 20 23 21 27 
Beneficio: 21
d 6 8 27 22 26 35 32 30 36 29 33 11 14 10 12 18 17 3 
Beneficio: 57
d 6 8 27 22 26 35 32 30 36 29 28 11 33 29 36 34 d 3 17 16 12 14 10 15 
Beneficio: 14
d 6 8 27 22 26 35 32 30 36 29 28 33 13 11 14 13 15 2 4 9 5 
Beneficio: 44
d 6 8 27 22 26 35 32 30 36 28 29 33 11 14 12 18 17 3 
Beneficio: 107
d 6 8 27 22 26 35 32 30 36 28 29 33 11 13 14 11 13 15 10 14 12 16 17 3 
Beneficio: 37
d 6 8 27 22 26 35 32 30 31 34 36 29 33 11 13 15 10 14 12 16 3 
Beneficio: 131
d 6 8 27 22 26 35 32 30 36 29 33 11 13 15 10 14 11 13 14 10 16 
Beneficio: 22
d 6 8 27 22 26 35 32 30 36 29 28 11 13 15 2 9 2 4 5 9 4 
Beneficio: 68
d 6 8 27 22 26 35 32 30 36 29 33 11 14 12 10 15 2 6 7 8 
Beneficio: 163
d 6 8 27 22 26 35 32 30 36 29 28 33 11 14 10 15 2 9 5 7 8 21 23 25 
Beneficio: 4
d 6 8 27 22 26 35 32 30 36 28 33 11 14 13 33 29 36 28 11 
Beneficio: 247
d 6 8 27 22 26 35 32 29 33 11 14 12 16 17 3 d 6 7 5 9 2 9 20 24 
Beneficio: 264
d 6 8 27 22 26 35 32 29 33 28 11 14 10 15 2 4 5 7 6 8 21 23 25 24 20 
Beneficio: 65
d 6 8 27 22 26 35 32 29 33 13 14 10 15 18 12 16 10 14 11 28 33 13 
Beneficio: -6
d 6 8 27 22 26 35 32 29 28 11 14 12 16 17 3 18 15 2 9 20 
Beneficio: 120
d 6 8 27 22 26 35 32 29 28 33 29 28 11 13 14 12 16 10 15 2 4 5 7 6 
Beneficio: -53
d 6 8 27 22 26 35 32 29 28 33 13 11 14 10 
Beneficio: 104
d 6 8 27 22 26 35 32 29 36 28 33 11 14 10 15 2 4 5 7 6 
Beneficio: 21
d 6 8 27 22 26 35 32 29 33 28 11 14 10 15 13 33 11 
Beneficio: 193
d 6 8 27 22 26 35 30 31 32 29 33 11 14 12 16 10 15 2 9 5 7 6 2 4 5 
Beneficio: 119
d 6 8 27 22 26 35 30 31 32 29 33 11 28 29 36 30 32 35 22 26 27 21 23 20 9 4 5 9 2 
Beneficio: 272
d 6 8 27 22 26 35 30 31 32 29 33 11 14 12 16 10 15 2 9 5 4 9 20 24 25 23 
Beneficio: 63
d 6 8 27 22 26 35 30 31 32 29 33 13 15 10 16 12 14 11 33 29 36 30 
Beneficio: 83
d 6 8 27 22 26 35 30 31 32 29 28 11 33 29 28 33 13 14 10 12 18 15 10 14 11 
Beneficio: 84
d 6 8 27 22 26 35 30 31 32 29 28 33 29 28 11 13 14 11 13 15 10 12 16 17 18 
Beneficio: 28
d 6 8 27 22 26 35 30 31 32 29 28 33 11 13 14 12 10 15 2 9 4 
Beneficio: -48
d 6 8 27 22 26 35 30 31 32 29 36 28 33 11 13 15 10 12 16 17 18 
Beneficio: -9
d 6 8 27 22 26 35 30 31 32 29 28 11 14 10 15 13 14 10 12 16 3 17 18 
Beneficio: 117
d 6 8 27 22 26 35 30 31 32 29 33 28 11 14 10 15 2 4 9 20 25 23 21 22 35 32 
Beneficio: 4
d 6 8 27 22 26 35 30 31 32 29 33 11 14 10 16 3 18 15 2 4 5 
Beneficio: 152
d 6 8 27 22 26 35 30 31 32 29 28 11 14 10 15 2 9 5 4 9 20 25 23 21 27 26 22 
Beneficio: 70
d 6 8 27 22 26 35 30 31 32 29 36 28 11 14 10 15 10 14 13 11 33 29 28 33 
Beneficio: 19
d 6 8 27 22 26 35 30 31 34 36 29 28 33 11 14 13 15 2 4 9 5 
Beneficio: 41
d 6 8 27 22 26 35 30 36 34 31 32 29 33 28 11 14 10 16 17 3 18 
Beneficio: 96
d 6 8 27 22 26 35 30 36 29 33 11 14 10 15 13 11 28 29 32 30 
Beneficio: 63
d 6 8 27 22 26 35 30 36 29 33 11 13 15 10 14 11 13 15 2 4 5 9 
Beneficio: 118
d 6 8 27 22 26 35 30 36 29 33 28 29 32 35 22 21 23 5 9 4 2 15 10 16 3 17 
Beneficio: 272
d 6 8 27 22 26 35 30 36 29 33 11 14 12 10 15 2 9 5 4 9 20 24 25 23 21 
Beneficio: 2
d 6 8 27 22 26 35 30 36 29 33 13 11 14 13 15 18 3 
Beneficio: 158
d 6 8 27 22 26 35 30 36 29 28 11 14 13 11 33 29 32 35 22 21 23 20 9 2 4 5 7 8 21 27 
Beneficio: 67
d 6 8 27 22 26 35 30 36 29 28 11 13 14 11 33 29 32 31 30 35 22 21 23 25 20 
Beneficio: 134
d 6 8 27 22 26 35 30 36 29 28 33 11 14 10 15 2 4 5 7 6 8 21 23 25 
Beneficio: 82
d 6 8 27 22 26 35 30 36 29 28 33 13 15 10 16 12 14 11 28 29 33 11 
Beneficio: -58
d 6 8 27 22 26 35 30 36 29 28 33 11 14 12 16 17 3 18 15 
Beneficio: 36
d 6 8 27 22 26 35 30 36 29 33 11 14 13 11 28 29 32 35 22 21 23 20 9 2 6 
Beneficio: 81
d 6 8 27 22 26 35 30 36 29 33 11 28 29 32 35 22 21 8 7 6 2 9 5 4 2 
Beneficio: 12
d 6 8 27 22 26 35 30 36 29 33 11 13 15 10 14 12 18 17 
Beneficio: 32
d 6 8 27 22 26 35 30 36 29 28 11 14 10 15 2 4 5 23 21 22 35 30 31 32 
Beneficio: 36
d 6 8 27 22 26 35 30 36 29 28 11 33 29 36 28 33 13 15 10 
Beneficio: 45
d 6 8 27 22 26 35 30 36 29 28 33 13 11 14 10 15 2 4 9 2 6 7 
Beneficio: 81
d 6 8 27 22 26 35 30 36 28 29 33 11 14 10 15 13 14 12 10 16 17 3 d 
Beneficio: -69
d 6 8 27 22 26 35 30 36 28 11 14 10 15 13 14 12 10 16 
Beneficio: 19
d 6 8 27 22 26 35 30 36 28 29 33 11 13 14 10 15 2 9 20 
Beneficio: 171
d 6 8 27 22 26 35 30 36 28 33 11 14 10 15 2 4 5 7 6 2 9 20 24 
Beneficio: 21
d 6 8 27 22 26 35 30 32 29 33 11 13 14 12 16 10 15 2 4 5 9 
Beneficio: 64
d 6 8 27 22 26 35 30 32 29 33 13 11 14 13 15 2 9 4 5 23 25 
Beneficio: 280
d 6 8 27 22 26 35 30 32 29 28 33 11 14 10 15 2 9 20 24 25 23 21 8 7 5 9 4 5 
Beneficio: -15
d 6 8 27 22 26 35 30 32 29 36 28 33 11 13 15 10 14 13 11 14 
Beneficio: 230
d 6 8 27 22 26 35 30 31 32 29 33 11 14 10 15 2 4 5 9 20 25 23 5 7 6 8 
Beneficio: 66
d 6 8 27 22 26 35 30 31 32 29 33 13 14 11 13 15 10 12 16 17 3 
Beneficio: 96
d 6 8 27 22 26 35 30 31 32 29 28 33 11 13 14 11 13 15 2 9 5 7 
Beneficio: 149
d 6 8 27 22 26 35 30 31 32 29 33 11 14 10 15 2 9 20 25 23 21 8 7 5 
Beneficio: 0
d 6 8 27 22 26 35 30 31 32 29 28 33 11 13 14 11 13 15 10 12 14 
Beneficio: 174
d 6 8 27 22 26 35 30 32 29 33 11 14 12 16 10 15 2 9 5 4 9 20 23 
Beneficio: -69
d 6 8 27 22 26 35 30 32 29 36 28 11 14 10 15 13 14 
Beneficio: 76
d 6 8 27 22 26 35 32 31 30 36 29 33 11 13 14 10 15 13 11 14 12 10 16 
Beneficio: 6
d 6 8 27 22 26 35 32 31 30 36 29 28 33 11 13 15 2 4 5 9 20 23 25 
Beneficio: 11
d 6 8 27 22 26 35 32 31 30 36 29 33 13 14 10 15 10 12 
Beneficio: 223
d 6 8 27 22 26 35 32 31 30 36 28 29 33 11 14 10 15 2 9 2 4 5 7 8 
Beneficio: 109
d 6 8 27 22 26 35 32 31 30 36 29 33 11 14 10 12 18 15 2 9 20 24 
Beneficio: -37
d 6 8 27 22 26 35 32 31 34 36 29 28 33 11 14 10 12 18 
Beneficio: 71
d 6 8 27 22 26 35 32 29 33 11 14 13 15 10 12 16 17 3 d 
Beneficio: 113
d 6 8 27 22 26 35 32 29 33 28 11 14 13 15 2 4 9 5 4 9 20 24 
Beneficio: 230
d 6 8 27 22 26 35 32 29 33 13 11 14 10 15 2 4 9 2 9 5 7 6 8 21 
Beneficio: 139
d 6 8 27 22 26 35 32 29 28 11 33 13 14 10 15 2 9 5 4 9 20 24 
Beneficio: 144
d 6 8 27 22 26 35 32 29 28 33 11 13 14 11 13 15 2 9 5 4 9 20 24 25 23 21 27 
Beneficio: -48
d 6 8 27 22 26 35 32 29 36 28 11 33 29 28 33 13 14 10 16 17 3 
Beneficio: -66
d 6 8 27 22 26 35 32 29 28 11 33 29 28 33 11 13 14 10 12 16 
Beneficio: -65
d 6 8 27 22 26 35 32 31 30 36 29 33 11 13 15 18 12 14 10 16 17 
Beneficio: 143
d 6 8 27 22 26 35 32 30 36 29 33 11 14 10 15 2 9 20 23 21 8 7 5 
Beneficio: -49
d 6 8 27 22 26 35 32 30 36 29 28 33 11 13 15 18 12 16 10 15 
Beneficio: -44
d 6 8 27 22 26 35 32 29 33 11 13 14 10 12 16 17 3 
Beneficio: 168
d 6 8 27 22 26 35 30 31 32 29 33 11 13 14 11 13 15 18 12 16 10 15 2 9 5 
Beneficio: 100
d 6 8 27 22 26 35 30 31 32 29 28 33 29 33 11 14 13 15 2 4 5 7 
Beneficio: -57
d 6 8 27 22 26 35 30 31 32 29 36 28 33 11 13 14 10 15 18 
Beneficio: 194
d 6 8 27 22 26 35 30 36 29 33 11 14 10 15 2 4 5 9 20 24 25 20 
Beneficio: 70
d 6 8 27 22 26 35 30 36 29 28 11 14 13 15 2 9 2 4 5 7 
Beneficio: 22
d 6 8 27 22 26 35 30 36 29 33 11 13 14 10 12 18 15 2 4 5 7 6 
Beneficio: 186
d 6 8 27 22 26 35 30 36 29 28 11 14 10 15 2 9 5 7 6 d 
Beneficio: 224
d 6 8 27 22 26 35 30 32 29 33 11 14 10 15 2 9 5 9 20 24 19 
Beneficio: -105
d 6 8 27 22 26 35 30 31 32 29 28 11 33 13 14 12 16 17 3 
Beneficio: 27
d 6 8 27 22 26 35 30 36 28 29 33 11 13 15 10 14 
Beneficio: 219
d 6 8 27 22 26 27 21 23 25 20 9 5 4 9 2 15 10 14 11 33 29 36 28 11 
Beneficio: 150
d 6 8 27 22 26 27 21 23 25 20 9 2 15 10 14 13 11 28 29 33 11 14 12 10 16 
Beneficio: 114
d 6 8 27 22 26 27 21 23 25 20 9 4 5 9 2 15 13 11 33 29 36 34 
Beneficio: 163
d 6 8 27 22 26 27 21 23 25 24 20 9 2 4 5 7 6 d 3 17 16 10 14 11 28 29 32 31 
Beneficio: 251
d 6 8 27 22 26 27 21 23 25 24 20 9 4 5 9 2 15 13 11 33 29 28 11 14 10 16 17 
Beneficio: 153
d 6 8 27 22 26 27 21 23 25 19 24 20 9 2 15 10 14 13 33 29 36 30 31 32 
Beneficio: 229
d 6 8 27 22 26 27 21 23 25 24 20 9 2 4 5 7 6 2 15 10 14 13 11 33 29 36 
Beneficio: 288
d 6 8 27 22 26 27 21 23 25 24 20 9 4 5 9 2 15 10 14 11 13 33 29 28 11 13 
Beneficio: 234
d 6 8 27 22 26 27 21 23 20 24 25 23 5 9 4 2 15 10 14 11 33 29 36 30 31 32 35 26 22 
Beneficio: 156
d 6 8 27 22 26 27 21 23 20 9 5 4 2 15 10 14 11 28 29 33 11 13 15 18 17 16 10 
Beneficio: 92
d 6 8 27 22 26 27 21 23 20 9 2 4 5 7 8 21 22 26 35 32 29 28 33 11 14 10 12 16 17 3 
Beneficio: 61
d 6 8 27 22 26 27 21 23 20 9 2 15 18 17 16 10 14 11 28 29 33 28 29 
Beneficio: 11
d 6 8 27 22 26 27 21 23 20 9 4 2 15 13 11 14 13 11 33 29 32 31 
Beneficio: 65
d 6 8 27 22 26 27 21 23 20 9 5 4 2 15 10 14 13 11 14 12 18 17 16 
Beneficio: 130
d 6 8 27 22 26 27 21 23 20 9 2 15 10 12 14 13 11 33 29 28 11 14 10 16 17 3 
Beneficio: 31
d 6 8 27 22 26 27 21 23 5 7 31 32 29 28 33 11 14 10 12 16 17 3 
Beneficio: 198
d 6 8 27 22 26 27 21 23 5 9 4 2 9 2 15 10 14 13 11 33 29 28 11 14 
Beneficio: 162
d 6 8 27 22 26 27 21 23 5 4 9 5 7 6 2 15 10 14 13 11 33 29 
Beneficio: -3
d 6 8 27 22 26 27 21 23 20 9 4 2 15 10 16 12 14 11 28 29 36 
Beneficio: 154
d 6 8 27 22 26 27 21 23 25 24 20 9 2 9 5 7 31 30 32 35 22 
Beneficio: 144
d 6 8 27 22 26 27 21 23 20 9 5 7 8 21 22 26 35 30 36 29 33 11 14 10 12 
Beneficio: 61
d 6 8 27 22 26 27 21 23 20 9 5 4 9 2 15 13 33 29 36 30 31 
Beneficio: 96
d 6 8 27 22 26 27 21 23 25 20 24 d 3 16 10 14 11 33 29 28 11 
Beneficio: 97
d 6 8 27 22 26 27 21 23 25 20 9 4 2 9 2 15 10 14 13 11 33 29 32 31 
Beneficio: 276
d 6 8 27 22 26 27 21 23 25 24 20 9 4 5 9 2 15 10 14 11 13 33 29 32 35 26 22 
Beneficio: 139
d 6 8 27 22 26 27 21 23 25 24 20 23 5 9 4 2 15 10 14 13 11 14 10 16 
Beneficio: 154
d 6 8 27 22 26 27 21 23 20 9 2 4 5 7 6 8 21 22 35 32 31 30 36 29 33 28 11 14 10 16 17 
Beneficio: 30
d 6 8 27 22 26 27 21 23 20 24 d 3 17 16 10 14 13 11 33 28 29 33 
Beneficio: 269
d 6 8 27 22 26 27 21 23 5 9 2 4 5 7 6 2 15 10 14 11 33 29 28 11 33 
Beneficio: 231
d 6 8 27 22 26 27 21 23 25 20 9 5 7 8 21 22 35 32 31 30 36 29 33 11 14 10 15 
Beneficio: 90
d 6 8 27 22 26 27 21 23 20 9 4 5 7 31 32 30 36 29 33 11 14 
Beneficio: 82
d 6 8 27 22 26 35 32 31 30 36 29 33 13 14 12 10 15 2 9 4 5 
Beneficio: -22
d 6 8 27 22 26 35 32 31 30 36 29 28 11 13 14 10 15 10 12 16 17 3 
Beneficio: 14
d 6 8 27 22 26 35 32 31 30 36 29 28 33 11 13 15 10 16 17 3 
Beneficio: 73
d 6 8 27 22 26 35 32 29 33 11 14 10 12 16 17 3 18 15 2 9 4 5 
Beneficio: 288
d 6 8 27 22 26 35 32 29 33 11 14 10 15 2 9 5 4 9 20 24 25 23 21 22 
Beneficio: -75
d 6 8 27 22 26 35 32 29 28 11 33 13 14 10 16 12 18 15 
Beneficio: -101
d 6 8 27 22 26 35 32 29 28 33 13 14 10 12 16 17 
Beneficio: 34
d 6 8 27 22 26 35 32 29 33 11 13 14 10 15 2 4 5 7 8 21 
Beneficio: 96
d 6 8 27 22 26 35 32 30 36 29 33 11 13 14 10 15 2 4 5 9 20 23 21 8 
Beneficio: 89
d 6 8 27 22 26 35 32 30 36 28 11 13 15 10 14 11 33 29 36 34 
Beneficio: 9
d 6 8 27 22 26 35 30 31 32 29 28 33 11 13 15 10 14 11 13 14 10 12 18 
Beneficio: 70
d 6 8 27 22 26 35 30 36 29 28 11 13 15 10 14 11 33 29 32 
Beneficio: 138
d 6 8 27 22 26 35 30 31 32 29 28 33 13 11 14 10 15 2 9 5 4 2 
Beneficio: 57
d 6 8 27 22 26 35 32 29 28 11 14 10 15 13 33 29 36 
Beneficio: 150
d 6 8 27 22 26 19 24 20 9 5 7 8 21 22 35 32 29 33 28 11 13 14 10 16 17 3 
Beneficio: 122
d 6 8 27 22 26 19 24 20 9 2 15 10 14 11 13 14 12 18 
Beneficio: 114
d 6 8 27 22 26 19 24 20 25 23 21 22 26 35 32 29 33 28 11 14 13 
Beneficio: 247
d 6 8 27 22 26 19 25 23 5 9 2 15 10 14 11 33 29 28 36 34 
Beneficio: 131
d 6 8 27 22 26 19 24 20 9 2 4 5 7 6 d 3 17 16 10 14 11 33 
Beneficio: 108
d 6 8 27 22 26 19 24 20 25 23 21 8 6 7 5 4 2 15 10 14 13 11 28 
Beneficio: 60
d 6 8 27 22 26 35 32 31 30 36 34 d 6 7 5 4 2 15 13 14 10 15 18 
Beneficio: 102
d 6 8 27 22 26 35 32 31 30 36 29 33 11 14 10 12 16 17 3 d 6 7 5 23 21 27 26 
Beneficio: 275
d 6 8 27 22 26 35 32 31 30 36 29 33 11 14 12 10 15 2 9 4 5 9 5 7 8 21 
Beneficio: 198
d 6 8 27 22 26 35 32 31 30 36 29 33 11 13 15 10 14 11 13 14 10 16 17 3 18 15 2 9 5 4 2 
Beneficio: 77
d 6 8 27 22 26 35 32 31 30 36 29 33 11 13 15 10 14 11 14 10 16 12 18 
Beneficio: 102
d 6 8 27 22 26 35 32 31 30 36 29 33 28 11 13 14 10 15 2 9 20 23 21 8 6 7 
Beneficio: 151
d 6 8 27 22 26 35 32 31 30 36 29 33 11 13 14 10 12 18 15 2 9 5 7 6 8 
Beneficio: 259
d 6 8 27 22 26 35 32 31 30 36 29 33 13 14 10 15 2 4 9 5 7 8 21 23 20 24 25 23 
Beneficio: 154
d 6 8 27 22 26 35 32 31 30 36 29 33 28 11 14 13 15 10 
Beneficio: 95
d 6 8 27 22 26 35 32 31 30 36 29 28 11 14 13 11 33 29 32 35 22 27 21 23 5 4 2 9 20 
Beneficio: 194
d 6 8 27 22 26 35 32 31 30 36 29 28 11 13 14 10 15 2 6 7 5 4 2 9 20 24 25 23 21 22 26 
Beneficio: 101
d 6 8 27 22 26 35 32 31 30 36 29 28 33 29 36 28 11 13 15 10 16 12 14 11 13 14 
Beneficio: 174
d 6 8 27 22 26 35 32 31 30 36 29 28 33 11 14 13 15 2 9 4 5 9 20 25 23 5 7 6 
Beneficio: -35
d 6 8 27 22 26 35 32 31 30 36 29 28 33 11 14 10 16 17 4 
Beneficio: 111
d 6 8 27 22 26 35 32 31 30 36 29 28 33 11 14 10 15 2 4 9 20 24 19 25 23 20 
Beneficio: 115
d 6 8 27 22 26 35 32 31 30 36 29 28 33 29 28 11 14 13 15 10 16 17 3 
Beneficio: 208
d 6 8 27 22 26 35 32 31 30 36 29 33 11 14 10 15 2 9 4 5 9 20 23 21 22 26 27 
Beneficio: 165
d 6 8 27 22 26 35 32 31 30 36 29 33 11 14 12 10 15 2 9 4 5 9 20 23 
Beneficio: 88
d 6 8 27 22 26 35 32 31 30 36 29 33 11 13 14 10 12 16 17 3 d 6 7 5 4 2 9 2 
Beneficio: 203
d 6 8 27 22 26 35 32 31 30 36 29 33 28 11 13 14 10 15 2 4 5 7 8 21 23 20 24 25 23 
Beneficio: 220
d 6 8 27 22 26 35 32 31 30 36 29 33 13 11 14 10 15 2 9 5 4 2 9 20 23 21 22 
Beneficio: 268
d 6 8 27 22 26 35 32 31 30 36 29 33 28 11 14 10 15 2 9 5 23 25 24 20 9 4 
Beneficio: 25
d 6 8 27 22 26 35 32 31 30 36 29 28 11 14 11 33 13 15 10 12 16 17 3 
Beneficio: 302
d 6 8 27 22 26 35 32 31 30 36 29 28 33 29 32 35 22 21 23 25 24 20 9 4 5 9 2 15 10 14 11 13 
Beneficio: 99
d 6 8 27 22 26 35 32 31 30 36 29 28 33 11 13 14 12 16 10 15 2 4 9 2 6 7 5 
Beneficio: 39
d 6 8 27 22 26 35 32 31 30 36 29 28 33 13 15 2 4 9 5 7 8 6 
Beneficio: -49
d 6 8 27 22 26 35 32 31 30 36 29 28 33 11 13 14 11 13 14 10 12 16 17 
Beneficio: 212
d 6 8 27 22 26 35 32 31 30 36 28 29 33 11 13 15 2 9 5 7 6 8 21 23 25 
Beneficio: 101
d 6 8 27 22 26 35 32 31 30 36 28 11 33 29 28 33 13 15 10 14 13 11 14 10 16 17 
Beneficio: 117
d 6 8 27 22 26 35 32 31 30 36 28 33 13 11 14 10 15 2 9 20 24 25 20 
Beneficio: 174
d 6 8 27 22 26 35 32 31 30 36 28 29 33 11 13 14 12 16 10 15 2 9 4 5 9 20 23 21 27 
Beneficio: 20
d 6 8 27 22 26 35 32 31 30 36 28 11 33 29 28 33 11 13 15 2 4 9 5 
Beneficio: 11
d 6 8 27 22 26 35 32 31 30 36 28 33 13 15 10 14 11 14 10 12 
Beneficio: 106
d 6 8 27 22 26 35 32 31 30 36 34 d 6 7 5 9 4 2 9 4 
Beneficio: 106
d 6 8 27 22 26 35 32 31 30 36 29 33 11 13 15 10 12 18 15 2 4 5 7 8 21 27 
Beneficio: 78
d 6 8 27 22 26 35 32 31 30 36 29 33 11 13 15 10 14 11 13 14 10 16 17 
Beneficio: 128
d 6 8 27 22 26 35 32 31 30 36 29 28 11 14 13 11 33 29 32 35 22 27 21 23 25 24 20 
Beneficio: 220
d 6 8 27 22 26 35 32 31 30 36 29 28 33 11 14 12 10 15 2 9 5 7 6 2 4 5 
Beneficio: 78
d 6 8 27 22 26 35 32 31 30 36 29 28 11 13 15 10 14 11 33 29 32 31 30 
Beneficio: 115
d 6 8 27 22 26 35 32 31 30 36 29 33 11 13 15 10 16 17 3 d 6 7 5 4 2 
Beneficio: 128
d 6 8 27 22 26 35 32 31 30 36 29 33 13 14 11 13 15 10 14 
Beneficio: 135
d 6 8 27 22 26 35 32 31 30 36 29 28 33 11 14 12 10 15 2 9 20 23 25 
Beneficio: 36
d 6 8 27 22 26 35 32 31 30 36 28 29 33 11 14 10 16 12 18 15 2 4 9 20 
Beneficio: 286
d 6 8 27 22 26 35 32 31 30 36 28 29 33 11 14 10 15 2 9 4 5 9 20 23 25 19 24 20 
Beneficio: 25
d 6 8 27 22 26 35 32 31 30 36 29 33 28 11 13 15 10 14 12 16 17 3 
Beneficio: 228
d 6 8 27 22 26 35 32 31 34 36 29 33 13 14 10 15 2 4 5 9 20 24 25 23 21 27 
Beneficio: 8
d 6 8 27 22 26 35 32 31 34 36 29 28 33 13 15 10 15 
Beneficio: 41
d 6 8 27 22 26 35 32 31 34 36 29 28 11 33 29 32 35 22 26 27 21 23 25 19 
Beneficio: 131
d 6 8 27 22 26 35 32 31 34 36 28 29 33 11 14 10 16 12 18 15 2 4 5 9 
Beneficio: 215
d 6 8 27 22 26 35 32 31 7 5 9 2 15 10 14 11 33 29 28 11 13 14 10 16 17 
Beneficio: 120
d 6 8 27 22 26 35 32 31 7 5 4 9 2 15 10 14 11 33 28 29 36 34 
Beneficio: 34
d 6 8 27 22 26 35 32 31 34 36 29 28 33 11 14 13 15 10 14 12 
Beneficio: 220
d 6 8 27 22 26 35 32 29 33 11 14 10 15 13 11 28 29 36 30 35 22 21 8 6 7 5 9 2 
Beneficio: 228
d 6 8 27 22 26 35 32 29 33 11 14 10 15 2 4 9 5 7 6 8 21 
Beneficio: 148
d 6 8 27 22 26 35 32 29 33 11 14 10 12 16 3 d 6 7 5 9 20 23 21 27 26 22 
Beneficio: 186
d 6 8 27 22 26 35 32 29 33 11 14 10 15 2 9 4 5 9 4 2 6 8 21 27 
Beneficio: 116
d 6 8 27 22 26 35 32 29 33 11 14 10 16 3 d 24 20 9 2 4 5 23 
Beneficio: 156
d 6 8 27 22 26 35 32 29 33 11 14 13 15 10 16 17 4 5 9 4 
Beneficio: 147
d 6 8 27 22 26 35 32 29 33 11 14 12 16 10 15 2 9 4 5 9 20 23 21 27 26 22 35 
Beneficio: 237
d 6 8 27 22 26 35 32 29 33 11 14 12 16 10 15 2 4 9 5 23 21 8 7 5 4 
Beneficio: 87
d 6 8 27 22 26 35 32 29 33 11 13 14 10 15 2 9 5 4 2 6 7 8 21 22 35 
Beneficio: 195
d 6 8 27 22 26 35 32 29 33 11 13 14 12 10 15 2 9 5 7 6 8 21 22 
Beneficio: 15
d 6 8 27 22 26 35 32 29 33 11 13 14 10 16 17 3 d 24 20 9 2 4 5 
Beneficio: 177
d 6 8 27 22 26 35 32 29 33 11 13 14 10 16 17 18 15 2 9 20 24 25 23 21 8 7 5 4 
Beneficio: 172
d 6 8 27 22 26 35 32 29 33 11 13 15 10 14 11 28 29 36 30 31 32 35 22 21 23 25 24 20 9 
Beneficio: 16
d 6 8 27 22 26 35 32 29 33 11 13 15 2 9 20 23 5 9 4 5 
Beneficio: 122
d 6 8 27 22 26 35 32 29 33 28 29 36 34 d 3 17 16 10 14 11 13 15 10 14 12 16 
Beneficio: 156
d 6 8 27 22 26 35 32 29 33 28 11 14 10 15 2 4 5 9 5 23 21 8 6 
Beneficio: 190
d 6 8 27 22 26 35 32 29 33 28 11 14 13 15 18 12 16 10 15 2 9 20 24 
Beneficio: 22
d 6 8 27 22 26 35 32 29 33 28 11 13 15 10 14 12 18 17 
Beneficio: 227
d 6 8 27 22 26 35 32 29 33 11 14 10 15 2 9 5 4 9 20 25 23 21 8 7 6 
Beneficio: 261
d 6 8 27 22 26 35 32 29 33 11 14 10 15 2 4 5 23 21 8 6 7 5 9 20 23 25 
Beneficio: 221
d 6 8 27 22 26 35 32 29 33 11 14 12 16 10 15 2 9 20 24 25 23 21 22 26 
Beneficio: 75
d 6 8 27 22 26 35 32 29 33 11 13 15 10 15 2 9 20 23 21 8 7 6 
Beneficio: 37
d 6 8 27 22 26 35 32 29 33 11 13 14 10 16 12 18 15 2 4 5 9 20 23 21 
Beneficio: 91
d 6 8 27 22 26 35 32 29 33 13 11 14 12 10 15 13 33 11 28 29 32 
Beneficio: 107
d 6 8 27 22 26 35 32 29 33 13 14 10 15 18 12 14 11 33 28 29 36 30 31 32 
Beneficio: 133
d 6 8 27 22 26 35 32 29 33 13 11 14 10 15 13 33 11 28 29 32 31 
Beneficio: 300
d 6 8 27 22 26 35 32 29 33 13 11 14 10 15 2 9 2 4 5 7 8 21 23 20 24 25 23 
Beneficio: 97
d 6 8 27 22 26 35 32 29 33 13 14 12 10 15 13 11 14 12 16 17 
Beneficio: 141
d 6 8 27 22 26 35 32 29 33 28 11 13 15 10 16 17 3 d 6 7 5 4 2 9 4 
Beneficio: 333
d 6 8 27 22 26 35 32 29 28 11 14 10 15 2 9 4 5 9 5 7 8 21 23 25 24 20 
Beneficio: 52
d 6 8 27 22 26 35 32 29 28 11 14 10 12 18 15 2 4 9 5 4 9 20 25 23 21 22 26 
Beneficio: 63
d 6 8 27 22 26 35 32 29 28 11 14 10 16 17 18 15 2 9 5 4 2 6 8 7 
Beneficio: 96
d 6 8 27 22 26 35 32 29 28 11 14 12 10 15 13 11 33 29 36 30 32 35 22 21 
Beneficio: 33
d 6 8 27 22 26 35 32 29 28 11 14 13 11 33 29 36 30 35 22 26 27 21 8 
Beneficio: 40
d 6 8 27 22 26 35 32 29 28 11 33 29 36 28 33 13 14 11 14 10 16 17 
Beneficio: 237
d 6 8 27 22 26 35 32 29 28 11 13 14 11 33 29 36 30 31 32 35 22 21 8 7 5 9 2 4 
Beneficio: 127
d 6 8 27 22 26 35 32 29 28 11 13 15 10 14 11 33 29 36 34 d 6 7 8 
Beneficio: 135
d 6 8 27 22 26 35 32 29 28 11 13 14 11 13 33 29 36 30 35 22 21 23 5 9 2 4 
Beneficio: 128
d 6 8 27 22 26 35 32 29 28 11 13 15 18 12 10 15 2 9 4 5 7 8 21 23 
Beneficio: -27
d 6 8 27 22 26 35 32 29 28 11 14 10 15 10 16 3 17 
Beneficio: 128
d 6 8 27 22 26 35 32 29 28 33 29 36 28 11 14 10 12 16 17 18 15 2 9 5 4 2 
Beneficio: 179
d 6 8 27 22 26 35 32 29 28 33 29 28 11 14 10 15 2 4 5 9 2 6 8 21 23 25 
Beneficio: -35
d 6 8 27 22 26 35 32 29 28 33 29 33 11 13 15 10 14 12 16 17 
Beneficio: 69
d 6 8 27 22 26 35 32 29 28 33 11 14 10 12 18 15 2 4 9 20 24 19 25 23 21 
Beneficio: 97
d 6 8 27 22 26 35 32 29 28 33 11 14 13 15 10 12 16 3 d 6 7 5 
Beneficio: 82
d 6 8 27 22 26 35 32 29 28 33 11 13 14 10 15 18 12 10 14 11 33 29 36 30 35 22 27 
Beneficio: 112
d 6 8 27 22 26 35 32 29 28 33 11 13 14 10 15 10 16 17 3 d 6 7 5 9 4 
Beneficio: 87
d 6 8 27 22 26 35 32 29 28 33 11 14 10 16 17 3 d 6 7 5 4 9 2 
Beneficio: -72
d 6 8 27 22 26 35 32 29 28 33 11 13 14 10 12 18 15 2 4 9 20 23 25 
Beneficio: 114
d 6 8 27 22 26 35 32 29 28 33 13 15 10 14 11 33 29 36 34 d 3 17 16 12 
Beneficio: 122
d 6 8 27 22 26 35 32 29 28 33 13 15 10 14 11 33 29 36 34 d 3 17 16 12 
Beneficio: 19
d 6 8 27 22 26 35 32 29 28 33 11 14 13 15 10 12 18 17 16 3 d 
Beneficio: 18
d 6 8 27 22 26 35 32 29 28 33 13 14 10 15 13 11 14 10 12 16 17 3 
Beneficio: 289
d 6 8 27 22 26 35 32 29 36 34 31 7 5 9 2 15 10 14 11 28 29 33 13 
Beneficio: 89
d 6 8 27 22 26 35 32 29 36 28 11 33 29 28 33 11 14 10 15 18 12 16 3 17 
Beneficio: 145
d 6 8 27 22 26 35 32 29 36 28 33 11 14 10 15 2 6 7 5 9 20 23 21 22 35 
Beneficio: 10
d 6 8 27 22 26 35 32 29 36 28 11 33 29 28 33 11 14 10 16 17 
Beneficio: 81
d 6 8 27 22 26 35 32 29 36 28 33 11 14 13 15 2 9 5 4 9 20 25 23 
Beneficio: 107
d 6 8 27 22 26 35 32 29 36 34 d 3 17 16 10 12 18 15 10 14 11 33 29 28 11 13 
Beneficio: -16
d 6 8 27 22 26 35 32 29 36 28 33 29 28 11 13 14 10 16 17 3 18 15 
Beneficio: 226
d 6 8 27 22 26 35 32 29 36 28 11 33 29 28 33 11 14 10 15 2 9 20 24 25 23 21 8 6 
Beneficio: -60
d 6 8 27 22 26 35 32 29 36 28 33 11 13 14 11 13 14 10 12 16 17 3 
Beneficio: 4
d 6 8 27 22 26 35 32 29 28 11 14 12 10 15 18 17 16 3 
Beneficio: -62
d 6 8 27 22 26 35 32 29 28 11 14 13 15 2 4 9 20 24 25 
Beneficio: 160
d 6 8 27 22 26 35 32 29 28 33 11 13 14 10 15 2 9 4 5 9 20 24 19 25 23 21 27 
Beneficio: 68
d 6 8 27 22 26 35 32 29 28 33 29 36 30 31 7 5 4 2 
Beneficio: 44
d 6 8 27 22 26 35 32 29 33 13 11 14 12 10 15 2 9 20 23 
Beneficio: 80
d 6 8 27 22 26 35 32 31 30 36 29 33 11 13 14 11 13 15 10 14 12 16 17 3 18 
Beneficio: 57
d 6 8 27 22 26 35 32 31 30 36 29 33 13 15 10 14 13 11 28 29 
Beneficio: 92
d 6 8 27 22 26 35 32 31 30 36 29 28 33 29 36 28 11 13 15 10 14 13 11 14 10 16 17 3 
Beneficio: -33
d 6 8 27 22 26 35 32 31 30 36 29 28 11 33 13 15 2 4 5 9 4 
Beneficio: 126
d 6 8 27 22 26 35 32 31 30 36 29 33 28 11 14 10 15 2 9 20 23 21 27 22 26 
Beneficio: 61
d 6 8 27 22 26 35 32 31 30 36 29 28 11 13 14 10 15 13 33 29 36 34 d 
Beneficio: 58
d 6 8 27 22 26 35 32 31 30 36 29 28 33 11 13 14 10 15 2 4 5 9 2 6 
Beneficio: 82
d 6 8 27 22 26 35 32 31 30 36 28 29 33 11 14 10 15 13 14 12 16 17 
Beneficio: 19
d 6 8 27 22 26 35 32 31 30 36 29 33 11 14 10 12 16 17 18 3 
Beneficio: 60
d 6 8 27 22 26 35 32 31 30 36 29 28 33 11 14 10 12 18 15 10 
Beneficio: 108
d 6 8 27 22 26 35 32 31 30 36 29 28 33 11 14 12 16 10 15 2 9 20 25 23 21 8 
Beneficio: 166
d 6 8 27 22 26 35 32 31 34 36 29 33 11 14 10 15 2 6 7 5 
Beneficio: 182
d 6 8 27 22 26 35 32 31 7 5 9 2 15 10 16 12 14 13 11 28 29 36 34 
Beneficio: 47
d 6 8 27 22 26 35 32 30 31 34 36 29 33 11 13 15 10 16 17 3 
Beneficio: 254
d 6 8 27 22 26 35 32 30 36 29 33 11 14 10 15 2 9 20 23 21 8 7 5 
Beneficio: 31
d 6 8 27 22 26 35 32 30 36 29 33 11 13 15 2 9 4 5 9 20 23 21 8 7 
Beneficio: 245
d 6 8 27 22 26 35 32 30 36 29 33 13 11 14 10 16 17 3 d 6 7 5 9 2 15 10 14 
Beneficio: 82
d 6 8 27 22 26 35 32 30 36 29 28 11 14 13 15 10 14 11 33 29 32 30 
Beneficio: 78
d 6 8 27 22 26 35 32 30 36 29 28 33 11 14 10 16 3 18 15 2 9 5 23 25 
Beneficio: -54
d 6 8 27 22 26 35 32 30 36 29 28 33 13 11 14 10 16 3 17 
Beneficio: 76
d 6 8 27 22 26 35 32 30 36 29 33 11 14 13 15 10 16 17 3 d 6 
Beneficio: 110
d 6 8 27 22 26 35 32 30 36 29 33 11 14 12 10 15 2 4 9 20 23 21 
Beneficio: 82
d 6 8 27 22 26 35 32 30 36 29 28 11 33 29 28 33 13 11 14 10 15 18 12 10 16 17 3 
Beneficio: 191
d 6 8 27 22 26 35 32 30 36 29 28 33 13 11 14 12 16 10 15 2 9 5 4 9 20 24 
Beneficio: 32
d 6 8 27 22 26 35 32 30 36 28 29 33 11 13 14 10 15 18 17 3 16 
Beneficio: 87
d 6 8 27 22 26 35 32 30 36 28 29 33 11 13 15 10 16 3 18 12 14 11 
Beneficio: -79
d 6 8 27 22 26 35 32 30 31 34 36 29 28 11 33 13 14 10 16 17 3 
Beneficio: 159
d 6 8 27 22 26 35 32 30 36 29 33 11 13 15 2 6 7 5 4 2 9 20 24 
Beneficio: 69
d 6 8 27 22 26 35 32 30 36 29 28 11 13 14 11 13 15 2 9 4 5 9 20 
Beneficio: 107
d 6 8 27 22 26 35 32 30 36 29 33 11 13 14 10 15 13 11 14 12 
Beneficio: -25
d 6 8 27 22 26 35 32 30 36 29 28 33 11 13 14 12 18 15 10 16 17 3 
Beneficio: -65
d 6 8 27 22 26 35 32 30 36 28 33 11 14 10 16 3 18 15 
Beneficio: 253
d 6 8 27 22 26 35 32 29 33 11 14 12 16 10 15 2 6 7 5 9 2 4 9 20 23 
Beneficio: 68
d 6 8 27 22 26 35 32 29 33 28 11 14 10 16 17 3 d 6 2 4 5 9 2 
Beneficio: 23
d 6 8 27 22 26 35 32 29 33 13 14 10 15 18 12 14 10 16 17 
Beneficio: 26
d 6 8 27 22 26 35 32 29 28 11 14 12 18 3 16 10 15 2 
Beneficio: 56
d 6 8 27 22 26 35 32 29 28 33 29 28 33 13 15 10 16 17 3 
Beneficio: 198
d 6 8 27 22 26 35 32 29 28 33 13 11 14 12 10 15 2 9 5 7 6 2 4 
Beneficio: 67
d 6 8 27 22 26 35 32 29 36 28 11 14 10 15 13 11 33 29 32 30 31 
Beneficio: -47
d 6 8 27 22 26 35 32 29 33 11 13 15 10 12 16 
Beneficio: 233
d 6 8 27 22 26 35 30 31 32 29 33 11 14 12 16 10 15 2 9 20 25 23 21 8 7 5 4 
Beneficio: 113
d 6 8 27 22 26 35 30 31 32 29 33 11 28 29 36 30 32 35 22 26 19 24 20 9 5 4 
Beneficio: 10
d 6 8 27 22 26 35 30 31 32 29 33 11 13 14 11 13 14 10 12 16 17 
Beneficio: 50
d 6 8 27 22 26 35 30 31 32 29 33 13 15 10 14 13 11 28 29 36 34 
Beneficio: 230
d 6 8 27 22 26 35 30 31 32 29 28 11 33 29 33 11 14 10 15 2 4 5 9 20 24 
Beneficio: -33
d 6 8 27 22 26 35 30 31 32 29 28 33 29 28 11 13 14 10 16 17 18 15 2 4 5 
Beneficio: -110
d 6 8 27 22 26 35 30 31 32 29 28 33 11 13 15 18 12 10 14 
Beneficio: 104
d 6 8 27 22 26 35 30 31 32 29 36 28 33 11 14 10 15 2 4 5 9 20 25 23 
Beneficio: 83
d 6 8 27 22 26 35 30 31 32 29 28 11 14 10 15 10 14 13 11 33 29 36 30 32 35 
Beneficio: -44
d 6 8 27 22 26 35 30 31 32 29 33 28 11 13 15 2 9 4 
Beneficio: 53
d 6 8 27 22 26 35 30 31 32 29 33 11 14 10 15 13 14 10 16 17 18 12 
Beneficio: 91
d 6 8 27 22 26 35 30 31 32 29 28 11 14 10 15 2 9 20 24 25 23 20 
Beneficio: 57
d 6 8 27 22 26 35 30 31 32 29 36 28 11 13 14 12 10 15 2 4 5 9 20 24 
Beneficio: -40
d 6 8 27 22 26 35 30 31 34 36 29 28 33 11 14 13 15 2 
Beneficio: 32
d 6 8 27 22 26 35 30 36 34 31 32 29 33 11 14 12 10 15 
Beneficio: 138
d 6 8 27 22 26 35 30 36 29 33 11 14 10 16 17 3 d 6 7 8 21 23 25 20 9 5 4 2 9 
Beneficio: 31
d 6 8 27 22 26 35 30 36 29 33 11 13 15 10 14 13 11 28 29 32 35 22 27 
Beneficio: 194
d 6 8 27 22 26 35 30 36 29 33 28 29 32 35 22 21 8 7 5 4 9 2 4 9 20 24 25 23 21 
Beneficio: 52
d 6 8 27 22 26 35 30 36 29 33 11 13 14 11 28 29 32 35 22 26 19 25 23 21 27 
Beneficio: 120
d 6 8 27 22 26 35 30 36 29 33 13 11 14 12 10 15 2 4 5 9 20 23 
Beneficio: 86
d 6 8 27 22 26 35 30 36 29 28 11 14 13 15 2 9 5 23 25 24 
Beneficio: 83
d 6 8 27 22 26 35 30 36 29 28 11 13 14 11 13 14 10 15 2 4 9 5 23 25 
Beneficio: 63
d 6 8 27 22 26 35 30 36 29 28 33 11 14 10 16 17 3 18 15 2 4 5 9 20 24 25 
Beneficio: 78
d 6 8 27 22 26 35 30 36 29 28 33 13 15 2 4 5 9 2 9 20 24 25 23 
Beneficio: -112
d 6 8 27 22 26 35 30 36 29 28 33 11 13 14 10 12 16 17 
Beneficio: 94
d 6 8 27 22 26 35 30 36 29 33 11 14 13 15 10 16 17 3 d 6 7 8 21 23 25 
Beneficio: 193
d 6 8 27 22 26 35 30 36 29 33 11 28 29 32 35 22 27 21 23 25 24 20 9 5 4 2 15 10 16 
Beneficio: 151
d 6 8 27 22 26 35 30 36 29 33 11 28 29 32 35 22 21 8 7 5 9 4 5 
Beneficio: 164
d 6 8 27 22 26 35 30 36 29 28 11 14 10 15 13 11 33 29 32 35 22 21 23 20 9 5 4 2 9 
Beneficio: -110
d 6 8 27 22 26 35 30 36 29 28 11 33 13 15 18 3 17 16 10 14 
Beneficio: 141
d 6 8 27 22 26 35 30 36 29 28 33 13 11 14 10 15 2 9 5 4 9 20 23 21 
Beneficio: 218
d 6 8 27 22 26 35 30 36 28 29 33 11 14 10 15 2 4 5 9 2 9 20 25 23 21 22 
Beneficio: 138
d 6 8 27 22 26 35 30 36 28 33 29 28 11 14 10 15 2 9 20 23 25 19 24 
Beneficio: 27
d 6 8 27 22 26 35 30 36 28 29 33 11 14 13 15 10 14 12 
Beneficio: -18
d 6 8 27 22 26 35 30 36 28 33 11 13 15 10 16 12 14 11 
Beneficio: 68
d 6 8 27 22 26 35 30 32 29 33 11 13 15 10 14 13 11 28 29 36 34 31 32 35 22 26 
Beneficio: 84
d 6 8 27 22 26 35 30 32 29 33 13 14 10 15 13 11 14 12 16 10 
Beneficio: 11
d 6 8 27 22 26 35 30 32 29 28 33 11 14 10 15 10 14 13 11 33 
Beneficio: 56
d 6 8 27 22 26 35 30 32 29 28 11 14 10 15 18 12 10 14 13 11 33 29 36 30 
Beneficio: 63
d 6 8 27 22 26 35 30 31 32 29 33 11 14 10 15 13 14 10 12 18 17 16 
Beneficio: 85
d 6 8 27 22 26 35 30 31 32 29 33 13 11 14 10 15 10 14 13 11 33 28 29 36 
Beneficio: -103
d 6 8 27 22 26 35 30 31 32 29 28 33 11 13 14 12 18 17 3 16 10 
Beneficio: -5
d 6 8 27 22 26 35 30 31 32 29 33 28 11 14 13 15 10 16 3 
Beneficio: 4
d 6 8 27 22 26 35 30 31 32 29 28 33 11 13 15 10 14 11 13 14 10 16 
Beneficio: 105
d 6 8 27 22 26 35 30 32 29 33 11 13 14 10 15 2 4 9 5 4 9 20 25 23 21 
Beneficio: -36
d 6 8 27 22 26 35 30 32 29 36 28 33 11 14 
Beneficio: 132
d 6 8 27 22 26 35 32 31 30 36 29 33 11 13 14 12 16 10 15 2 9 5 4 2 9 
Beneficio: 74
d 6 8 27 22 26 35 32 31 30 36 29 28 33 11 13 14 12 10 15 2 9 5 23 
Beneficio: -4
d 6 8 27 22 26 35 32 31 30 36 29 33 29 28 11 14 10 16 17 
Beneficio: 204
d 6 8 27 22 26 35 32 31 30 36 28 29 33 11 13 14 10 15 2 9 5 7 8 21 22 26 
Beneficio: 215
d 6 8 27 22 26 35 32 31 30 36 29 33 11 14 12 10 15 2 4 5 7 8 21 23 20 24 
Beneficio: 21
d 6 8 27 22 26 35 32 31 34 36 28 11 14 13 33 29 32 31 
Beneficio: 186
d 6 8 27 22 26 35 32 29 33 11 14 12 10 15 2 9 2 4 5 7 6 
Beneficio: 126
d 6 8 27 22 26 35 32 29 33 28 11 14 12 18 15 2 4 9 5 7 8 
Beneficio: 219
d 6 8 27 22 26 35 32 29 33 13 11 14 10 15 2 9 4 5 7 8 21 23 25 20 
Beneficio: -59
d 6 8 27 22 26 35 32 29 28 11 13 14 11 13 14 10 16 12 18 
Beneficio: 109
d 6 8 27 22 26 35 32 29 28 33 11 13 14 10 15 2 6 7 5 4 2 9 20 25 23 21 22 
Beneficio: 76
d 6 8 27 22 26 35 32 29 36 28 33 29 28 11 33 13 15 10 14 11 13 14 10 16 
Beneficio: -48
d 6 8 27 22 26 35 32 29 28 33 29 36 28 11 13 14 10 16 17 
Beneficio: -8
d 6 8 27 22 26 35 32 31 30 36 29 33 13 11 14 12 10 16 3 17 
Beneficio: 74
d 6 8 27 22 26 35 32 30 36 29 33 11 14 12 16 17 3 d 6 7 5 4 2 
Beneficio: 39
d 6 8 27 22 26 35 32 30 36 29 28 33 13 15 10 14 11 13 
Beneficio: 16
d 6 8 27 22 26 35 32 29 33 11 13 14 10 15 2 4 5 23 
Beneficio: -47
d 6 8 27 22 26 35 30 31 32 29 33 11 13 14 10 12 16 17 3 18 15 
Beneficio: 237
d 6 8 27 22 26 35 30 31 32 29 28 33 11 14 10 15 2 4 5 23 21 8 7 5 9 20 24 
Beneficio: 285
d 6 8 27 22 26 35 30 31 32 29 33 11 14 10 15 2 9 5 4 9 20 25 23 21 8 7 5 
Beneficio: 93
d 6 8 27 22 26 35 30 36 29 33 11 14 10 16 17 3 d 6 7 5 4 9 20 23 25 
Beneficio: 192
d 6 8 27 22 26 35 30 36 29 28 11 33 29 32 35 22 21 8 7 5 4 2 9 20 24 25 23 
Beneficio: 159
d 6 8 27 22 26 35 30 36 29 33 11 13 15 10 14 11 28 29 32 35 22 21 23 20 24 
Beneficio: -129
d 6 8 27 22 26 35 30 36 29 28 11 13 14 10 16 17 18 15 
Beneficio: 26
d 6 8 27 22 26 35 30 32 29 33 11 13 15 10 14 13 11 28 29 36 34 
Beneficio: 46
d 6 8 27 22 26 35 30 31 32 29 28 11 13 14 11 33 29 36 34 31 
Beneficio: 108
d 6 8 27 22 26 27 21 23 25 20 24 d 3 17 16 12 10 14 11 33 29 28 11 13 
Beneficio: 229
d 6 8 27 22 26 27 21 23 25 20 9 5 4 9 2 15 10 12 14 11 33 29 36 30 31 32 35 26 
Beneficio: 113
d 6 8 27 22 26 27 21 23 25 20 9 2 15 10 14 11 13 33 28 29 32 35 30 31 
Beneficio: 203
d 6 8 27 22 26 27 21 23 25 20 9 4 2 9 5 7 8 21 22 26 35 32 29 28 33 29 
Beneficio: 131
d 6 8 27 22 26 27 21 23 25 24 20 9 2 4 5 7 6 2 15 13 11 28 29 32 35 
Beneficio: 305
d 6 8 27 22 26 27 21 23 25 24 20 9 4 5 9 2 15 13 11 28 29 33 11 14 10 15 
Beneficio: 110
d 6 8 27 22 26 27 21 23 25 19 24 20 9 2 15 10 14 13 11 28 29 32 31 
Beneficio: 251
d 6 8 27 22 26 27 21 23 25 24 20 9 2 4 5 7 6 2 15 10 14 11 33 28 29 36 
Beneficio: 208
d 6 8 27 22 26 27 21 23 25 24 20 9 4 5 9 2 15 10 14 11 33 29 36 
Beneficio: 178
d 6 8 27 22 26 27 21 23 20 24 25 23 5 4 9 2 15 10 14 11 28 29 36 30 31 32 35 
Beneficio: 96
d 6 8 27 22 26 27 21 23 20 9 5 4 2 15 10 14 13 11 33 29 36 30 31 32 35 26 22 21 8 
Beneficio: 158
d 6 8 27 22 26 27 21 23 20 9 2 4 5 7 8 21 22 35 32 29 33 11 13 15 10 12 16 17 3 
Beneficio: -62
d 6 8 27 22 26 27 21 23 20 9 2 15 13 14 10 12 16 17 3 
Beneficio: 66
d 6 8 27 22 26 27 21 23 20 9 5 4 2 15 10 14 13 11 33 29 32 31 30 36 34 
Beneficio: 103
d 6 8 27 22 26 27 21 23 20 9 5 4 2 15 10 12 14 11 13 33 28 29 32 35 22 
Beneficio: 59
d 6 8 27 22 26 27 21 23 20 9 2 15 13 11 33 29 36 28 11 14 10 12 
Beneficio: 41
d 6 8 27 22 26 27 21 23 5 7 31 30 35 32 29 28 33 11 14 10 12 
Beneficio: 49
d 6 8 27 22 26 27 21 23 5 9 4 2 15 10 16 12 14 13 
Beneficio: 136
d 6 8 27 22 26 27 21 23 5 4 9 5 7 6 2 9 4 2 15 10 12 16 17 
Beneficio: 132
d 6 8 27 22 26 27 21 23 20 9 5 4 2 15 10 14 11 33 29 36 28 
Beneficio: 228
d 6 8 27 22 26 27 21 23 25 24 20 9 2 15 10 14 11 33 29 36 30 31 32 35 22 26 
Beneficio: 175
d 6 8 27 22 26 27 21 23 20 9 5 7 8 21 22 35 32 31 30 36 29 33 11 14 10 
Beneficio: 108
d 6 8 27 22 26 27 21 23 20 9 5 9 2 15 10 14 11 33 29 
Beneficio: 168
d 6 8 27 22 26 27 21 23 25 20 9 5 7 6 d 3 17 16 10 14 11 33 29 32 31 
Beneficio: -15
d 6 8 27 22 26 27 21 23 25 20 9 4 2 15 10 14 13 11 28 36 29 32 35 
Beneficio: 103
d 6 8 27 22 26 27 21 23 25 24 20 9 4 2 15 13 11 14 13 11 33 29 28 
Beneficio: 32
d 6 8 27 22 26 27 21 23 25 20 24 d 3 17 16 10 14 11 
Beneficio: 144
d 6 8 27 22 26 27 21 23 20 9 2 4 5 7 8 21 22 26 35 32 29 28 11 33 29 
Beneficio: 92
d 6 8 27 22 26 27 21 23 20 9 5 7 6 d 3 16 10 15 13 
Beneficio: 84
d 6 8 27 22 26 27 21 23 5 9 2 4 5 7 8 21 22 35 32 29 36 28 11 13 
Beneficio: 214
d 6 8 27 22 26 27 21 23 25 24 20 9 5 4 2 15 10 14 11 28 29 33 11 13 14 10 
Beneficio: 78
d 6 8 27 22 26 27 21 23 20 9 4 5 9 2 15 13 11 33 29 32 35 26 22 
Beneficio: -16
d 6 8 27 22 26 35 32 31 30 36 29 33 28 11 13 14 12 10 16 17 
Beneficio: 97
d 6 8 27 22 26 35 32 31 30 36 29 28 11 13 14 10 15 2 4 5 9 20 25 24 20 
Beneficio: 86
d 6 8 27 22 26 35 32 31 30 36 29 28 33 11 13 14 10 15 2 9 5 4 
Beneficio: 118
d 6 8 27 22 26 35 32 29 33 11 14 10 12 18 15 2 9 4 5 9 20 23 
Beneficio: 231
d 6 8 27 22 26 35 32 29 33 11 14 10 16 17 3 d 6 7 5 9 20 24 25 23 21 8 
Beneficio: 13
d 6 8 27 22 26 35 32 29 28 11 13 14 11 13 14 10 15 2 6 7 
Beneficio: 22
d 6 8 27 22 26 35 32 29 28 33 29 33 11 14 12 16 3 
Beneficio: -62
d 6 8 27 22 26 35 32 29 33 11 14 13 15 2 4 5 
Beneficio: 66
d 6 8 27 22 26 35 32 30 36 29 33 28 11 14 10 16 12 
Beneficio: 22
d 6 8 27 22 26 35 32 30 36 28 33 29 28 11 33 13 14 11 
Beneficio: 29
d 6 8 27 22 26 35 30 31 32 29 28 33 13 14 11 33 29 28 11 13 
Beneficio: -71
d 6 8 27 22 26 35 30 36 29 33 11 14 13 33 28 
Beneficio: -72
d 6 8 27 22 26 35 30 31 32 29 36 28 33 11 14 10 16 17 3 
Beneficio: -112
d 6 8 27 22 26 35 32 29 28 33 13 14 10 16 17 3 
Beneficio: 105
d 6 8 27 22 26 19 24 20 9 5 7 8 21 22 26 35 32 31 30 36 29 
Beneficio: 174
d 6 8 27 22 26 19 24 20 9 2 15 10 14 11 33 29 32 31 30 35 22 21 23 
Beneficio: 15
d 6 8 27 22 26 19 24 20 25 23 21 22 26 35 32 30 31 34 36 29 28 
Beneficio: 73
d 6 8 27 22 26 19 25 23 5 9 4 2 15 10 16 12 14 11 
Beneficio: 140
d 6 8 27 22 26 19 24 20 9 2 4 5 7 8 21 22 26 35 32 29 28 11 14 10 16 3 17 
Beneficio: 218
d 6 8 27 22 26 19 24 20 25 23 21 22 26 35 32 29 33 11 14 10 15 2 9 4 5 23 
Beneficio: 179
d 6 8 27 22 35 32 31 30 36 34 d 6 7 5 4 9 2 15 13 14 11 33 29 28 
Beneficio: 174
d 6 8 27 22 35 32 31 30 36 29 33 11 14 10 15 2 4 5 7 8 21 22 26 35 32 29 
Beneficio: 326
d 6 8 27 22 35 32 31 30 36 29 33 11 14 10 15 2 9 5 7 6 8 21 23 20 9 4 5 
Beneficio: 87
d 6 8 27 22 35 32 31 30 36 29 33 11 14 13 15 10 12 16 17 18 3 d 
Beneficio: 130
d 6 8 27 22 35 32 31 30 36 29 33 11 14 13 15 18 17 16 10 15 2 9 20 23 
Beneficio: 155
d 6 8 27 22 35 32 31 30 36 29 33 11 13 15 18 3 17 16 10 15 2 9 4 5 7 6 8 
Beneficio: 28
d 6 8 27 22 35 32 31 30 36 29 33 11 13 14 12 16 17 3 d 6 2 4 5 9 20 
Beneficio: 127
d 6 8 27 22 35 32 31 30 36 29 33 28 29 36 34 d 3 17 16 10 15 13 11 14 10 
Beneficio: 98
d 6 8 27 22 35 32 31 30 36 29 33 28 11 13 15 10 12 14 13 
Beneficio: 282
d 6 8 27 22 35 32 31 30 36 29 33 11 14 10 15 2 4 5 9 2 9 20 23 5 7 8 21 23 
Beneficio: 159
d 6 8 27 22 35 32 31 30 36 29 33 11 13 14 12 16 10 15 2 9 4 5 7 8 21 
Beneficio: 103
d 6 8 27 22 35 32 31 30 36 29 33 13 11 14 10 15 13 14 10 16 17 3 d 
Beneficio: 139
d 6 8 27 22 35 32 31 30 36 29 33 13 11 14 10 15 2 9 2 4 5 9 20 23 
Beneficio: 133
d 6 8 27 22 35 32 31 30 36 29 33 28 11 13 14 10 15 2 4 9 5 23 25 
Beneficio: 92
d 6 8 27 22 35 32 31 30 36 29 28 11 14 10 15 13 11 33 28 29 33 13 14 10 12 16 
Beneficio: 155
d 6 8 27 22 35 32 31 30 36 29 28 11 14 12 18 3 17 16 10 15 2 4 5 9 2 9 20 23 21 
Beneficio: 216
d 6 8 27 22 35 32 31 30 36 29 28 11 13 14 11 14 10 15 2 9 5 7 8 21 22 26 
Beneficio: 62
d 6 8 27 22 35 32 31 30 36 29 28 11 13 14 12 10 15 2 9 20 23 21 8 
Beneficio: 92
d 6 8 27 22 35 32 31 30 36 29 28 33 29 28 11 14 10 15 10 12 16 17 3 d 6 
Beneficio: 22
d 6 8 27 22 35 32 31 30 36 29 28 33 11 14 10 15 13 14 10 16 3 d 6 7 8 
Beneficio: 68
d 6 8 27 22 35 32 31 30 36 29 28 33 11 13 14 10 15 2 9 4 5 7 8 21 23 20 
Beneficio: -39
d 6 8 27 22 35 32 31 30 36 29 28 33 11 14 10 16 17 3 18 15 2 
Beneficio: 285
d 6 8 27 22 35 32 31 30 36 29 28 33 13 11 14 10 15 2 6 7 5 9 2 4 9 20 24 25 23 
Beneficio: 167
d 6 8 27 22 35 32 31 30 36 29 28 33 13 11 14 10 15 2 4 5 23 20 9 5 7 
Beneficio: 89
d 6 8 27 22 35 32 31 30 36 29 28 11 13 14 12 16 10 15 2 9 4 5 7 6 2 
Beneficio: -26
d 6 8 27 22 35 32 31 30 36 29 28 33 13 15 10 16 17 3 18 
Beneficio: 115
d 6 8 27 22 35 32 31 30 36 29 33 11 14 10 16 17 3 d 6 7 8 21 23 20 9 4 5 7 
Beneficio: 75
d 6 8 27 22 35 32 31 30 36 29 33 11 14 10 12 18 15 10 16 17 3 d 6 7 
Beneficio: 149
d 6 8 27 22 35 32 31 30 36 29 33 11 13 14 10 15 2 9 20 24 25 20 23 5 4 
Beneficio: 223
d 6 8 27 22 35 32 31 30 36 29 33 11 13 14 10 15 2 9 5 4 9 20 25 24 20 23 25 
Beneficio: 211
d 6 8 27 22 35 32 31 30 36 29 33 28 11 14 10 12 16 17 3 d 6 7 5 9 2 4 5 23 21 27 
Beneficio: 147
d 6 8 27 22 35 32 31 30 36 29 33 11 14 10 16 17 3 18 15 2 9 5 7 8 21 
Beneficio: -28
d 6 8 27 22 35 32 31 30 36 29 33 11 13 14 10 16 3 17 18 15 2 4 5 
Beneficio: 131
d 6 8 27 22 35 32 31 30 36 29 33 13 11 14 10 15 18 12 14 
Beneficio: 57
d 6 8 27 22 35 32 31 30 36 29 33 29 28 11 14 12 10 16 17 
Beneficio: 169
d 6 8 27 22 35 32 31 30 36 29 28 11 14 13 15 18 12 10 15 2 4 5 9 20 24 
Beneficio: 80
d 6 8 27 22 35 32 31 30 36 29 28 11 13 14 10 15 13 11 33 29 32 35 26 22 
Beneficio: 55
d 6 8 27 22 35 32 31 30 36 29 28 33 29 32 30 35 26 22 21 23 20 9 5 9 4 
Beneficio: 109
d 6 8 27 22 35 32 31 30 36 29 28 33 11 14 10 15 2 4 5 7 6 8 21 27 26 
Beneficio: 51
d 6 8 27 22 35 32 31 30 36 29 28 33 11 13 15 2 9 5 4 9 20 23 21 27 26 
Beneficio: 203
d 6 8 27 22 35 32 31 30 36 29 28 33 13 11 14 12 16 10 15 2 9 5 7 8 21 27 
Beneficio: 310
d 6 8 27 22 35 32 31 30 36 29 28 11 14 10 15 2 9 20 24 25 23 21 8 7 5 4 9 5 
Beneficio: 19
d 6 8 27 22 35 32 31 30 36 29 28 33 13 11 14 10 15 2 6 
Beneficio: 30
d 6 8 27 22 35 32 31 30 36 28 29 33 11 13 14 11 14 10 16 17 18 3 
Beneficio: 215
d 6 8 27 22 35 32 31 30 36 28 29 33 13 11 14 10 15 2 9 5 23 21 8 6 7 
Beneficio: 82
d 6 8 27 22 35 32 31 30 36 28 11 33 29 28 33 13 11 14 12 10 15 2 
Beneficio: 273
d 6 8 27 22 35 32 31 30 36 28 33 11 14 10 15 2 9 20 24 25 23 5 9 4 5 7 8 21 
Beneficio: 79
d 6 8 27 22 35 32 31 30 36 28 29 33 13 11 14 10 15 18 12 10 16 
Beneficio: 96
d 6 8 27 22 35 32 31 30 36 28 29 33 11 13 14 11 13 15 10 12 16 17 18 
Beneficio: 263
d 6 8 27 22 35 32 31 30 36 28 29 33 13 11 14 10 15 2 9 5 4 2 9 20 24 
Beneficio: -2
d 6 8 27 22 35 32 31 30 36 28 11 13 14 10 12 18 15 10 16 12 
Beneficio: 136
d 6 8 27 22 35 32 31 30 36 28 33 11 14 10 15 2 9 4 5 7 8 21 22 27 
Beneficio: 173
d 6 8 27 22 35 32 31 30 35 26 27 21 23 25 24 20 9 5 4 9 2 15 13 11 33 29 36 30 
Beneficio: 48
d 6 8 27 22 35 32 31 30 35 26 19 24 20 9 4 2 9 
Beneficio: -42
d 6 8 27 22 35 32 31 30 36 28 33 29 36 28 11 13 15 
Beneficio: 237
d 6 8 27 22 35 32 31 30 36 29 33 11 14 13 11 28 29 32 30 35 26 22 21 23 25 24 20 9 5 4 2 9 
Beneficio: 102
d 6 8 27 22 35 32 31 30 36 29 33 11 13 14 12 18 15 2 9 5 23 25 
Beneficio: 216
d 6 8 27 22 35 32 31 30 36 29 33 11 14 10 15 2 4 9 2 9 20 24 
Beneficio: 299
d 6 8 27 22 35 32 31 30 36 29 33 13 11 14 10 15 2 9 4 5 7 6 8 21 23 25 24 20 9 
Beneficio: 87
d 6 8 27 22 35 32 31 30 36 29 28 11 14 12 18 3 16 10 15 2 4 9 5 
Beneficio: 96
d 6 8 27 22 35 32 31 30 36 29 28 33 29 28 11 14 13 15 2 4 9 20 24 
Beneficio: -25
d 6 8 27 22 35 32 31 30 36 29 28 33 11 14 10 15 18 17 3 
Beneficio: 75
d 6 8 27 22 35 32 31 30 36 29 28 11 13 15 2 9 5 23 20 24 
Beneficio: 216
d 6 8 27 22 35 32 31 30 36 29 33 11 14 10 15 13 14 10 16 17 3 d 6 7 5 9 
Beneficio: 299
d 6 8 27 22 35 32 31 30 36 29 33 28 11 14 10 15 2 9 5 7 8 21 23 20 9 4 
Beneficio: 69
d 6 8 27 22 35 32 31 30 36 29 33 13 14 12 16 10 15 2 4 5 23 25 
Beneficio: 26
d 6 8 27 22 35 32 31 30 36 29 28 11 33 13 14 12 10 15 2 9 4 5 23 
Beneficio: 83
d 6 8 27 22 35 32 31 30 36 29 28 33 11 13 15 18 12 10 15 2 9 5 4 9 20 
Beneficio: -32
d 6 8 27 22 35 32 31 30 36 29 28 33 11 14 12 16 17 3 18 
Beneficio: 98
d 6 8 27 22 35 32 31 30 36 28 11 14 10 15 2 9 20 24 25 23 20 
Beneficio: 93
d 6 8 27 22 35 32 31 30 36 28 29 33 11 14 10 16 17 3 d 6 2 9 20 23 25 
Beneficio: 84
d 6 8 27 22 35 32 31 30 36 28 33 29 28 11 13 15 10 16 17 18 
Beneficio: 386
d 6 8 27 22 35 32 31 34 36 29 33 11 14 10 15 2 9 5 7 8 21 23 25 24 20 9 4 
Beneficio: 119
d 6 8 27 22 35 32 31 34 36 29 33 11 13 15 2 9 5 7 8 21 23 
Beneficio: -62
d 6 8 27 22 35 32 31 34 36 29 28 11 33 13 15 18 17 16 
Beneficio: 14
d 6 8 27 22 35 32 31 34 36 29 28 33 13 14 10 15 2 
Beneficio: 135
d 6 8 27 22 35 32 31 34 36 29 33 13 14 10 15 2 4 5 7 6 8 21 27 
Beneficio: 66
d 6 8 27 22 35 32 31 34 36 29 28 33 13 14 10 15 13 11 14 10 16 17 3 
Beneficio: 139
d 6 8 27 22 35 32 31 34 36 28 29 33 11 13 14 10 16 17 3 d 6 7 5 9 
Beneficio: 163
d 6 8 27 22 35 32 31 7 5 9 2 4 5 23 21 22 26 35 32 29 28 11 14 10 12 16 17 3 
Beneficio: 94
d 6 8 27 22 35 32 31 7 5 9 4 2 15 13 11 28 33 29 36 30 35 26 22 
Beneficio: 202
d 6 8 27 22 35 32 31 7 5 4 9 2 15 10 14 13 11 33 29 36 28 11 14 12 10 16 17 
Beneficio: 175
d 6 8 27 22 35 32 31 34 36 29 33 11 13 15 10 16 17 3 d 6 7 5 4 2 9 20 
Beneficio: 275
d 6 8 27 22 35 32 31 34 36 29 33 11 14 10 15 2 9 5 4 9 20 25 24 20 
Beneficio: 100
d 6 8 27 22 35 32 31 34 36 28 29 33 13 15 10 16 12 14 11 
Beneficio: 245
d 6 8 27 22 35 32 29 33 11 14 10 15 2 9 5 7 6 d 3 17 16 12 14 11 28 
Beneficio: 302
d 6 8 27 22 35 32 29 33 11 14 10 15 2 9 4 5 9 20 23 5 7 6 8 21 23 25 20 24 
Beneficio: 160
d 6 8 27 22 35 32 29 33 11 14 10 16 17 18 15 2 4 9 20 24 25 23 5 7 6 
Beneficio: 146
d 6 8 27 22 35 32 29 33 11 14 10 12 16 3 18 15 2 9 20 24 25 23 21 8 
Beneficio: 289
d 6 8 27 22 35 32 29 33 11 14 10 15 18 12 16 17 3 d 6 7 5 4 2 9 20 24 25 23 21 8 
Beneficio: 261
d 6 8 27 22 35 32 29 33 11 14 10 15 2 6 7 5 4 9 20 24 25 23 21 27 26 
Beneficio: 120
d 6 8 27 22 35 32 29 33 11 14 10 16 3 d 6 7 5 4 9 20 23 
Beneficio: 155
d 6 8 27 22 35 32 29 33 11 14 13 11 28 29 36 34 d 24 25 20 9 2 4 5 9 
Beneficio: 198
d 6 8 27 22 35 32 29 33 11 14 13 15 2 9 20 23 5 9 4 5 7 6 2 
Beneficio: 74
d 6 8 27 22 35 32 29 33 11 14 12 16 17 3 d 6 7 8 21 23 5 4 9 2 4 
Beneficio: 259
d 6 8 27 22 35 32 29 33 11 14 12 18 3 16 10 15 2 9 5 7 8 21 23 20 
Beneficio: 109
d 6 8 27 22 35 32 29 33 11 14 12 18 15 2 4 5 7 6 8 21 23 5 
Beneficio: 119
d 6 8 27 22 35 32 29 33 11 13 14 11 28 29 36 30 32 31 7 5 4 9 20 23 
Beneficio: 162
d 6 8 27 22 35 32 29 33 11 13 14 10 12 18 15 2 4 9 5 7 6 8 21 23 20 24 
Beneficio: 98
d 6 8 27 22 35 32 29 33 11 13 14 12 18 15 10 14 11 33 28 29 36 30 31 
Beneficio: 102
d 6 8 27 22 35 32 29 33 11 13 15 10 12 16 17 3 d 24 20 25 
Beneficio: 154
d 6 8 27 22 35 32 29 33 11 13 14 12 10 15 2 9 4 5 9 20 23 21 22 26 35 
Beneficio: 210
d 6 8 27 22 35 32 29 33 11 13 14 11 14 10 15 2 4 5 7 8 21 23 25 19 
Beneficio: 276
d 6 8 27 22 35 32 29 33 11 13 14 10 15 2 4 5 7 8 21 23 25 24 20 9 5 9 
Beneficio: 236
d 6 8 27 22 35 32 29 33 11 13 15 10 16 12 14 11 28 29 36 30 35 26 22 21 23 20 9 5 7 6 
Beneficio: 118
d 6 8 27 22 35 32 29 33 11 13 15 2 6 7 5 9 20 23 21 27 26 
Beneficio: 20
d 6 8 27 22 35 32 29 33 11 28 29 36 34 31 32 30 35 26 27 21 
Beneficio: 85
d 6 8 27 22 35 32 29 33 11 28 29 32 31 30 36 34 d 24 20 23 21 
Beneficio: 193
d 6 8 27 22 35 32 29 33 28 29 36 30 31 7 5 9 5 4 2 15 10 16 17 3 
Beneficio: 192
d 6 8 27 22 35 32 29 33 28 29 36 30 35 26 27 21 23 25 20 9 2 6 7 5 9 4 2 
Beneficio: 213
d 6 8 27 22 35 32 29 33 28 11 14 10 16 17 18 15 2 9 5 7 8 21 23 
Beneficio: 281
d 6 8 27 22 35 32 29 33 28 11 14 10 15 2 9 5 7 6 8 21 23 25 24 20 23 
Beneficio: 204
d 6 8 27 22 35 32 29 33 28 11 13 14 10 15 2 9 5 4 2 6 8 21 23 20 24 19 
Beneficio: 206
d 6 8 27 22 35 32 29 33 28 11 13 14 10 15 2 4 9 5 7 8 21 23 25 24 
Beneficio: 7
d 6 8 27 22 35 32 29 33 28 36 34 d 3 17 16 10 14 13 11 
Beneficio: 141
d 6 8 27 22 35 32 29 33 11 14 10 16 17 3 d 24 20 9 2 4 5 7 6 8 21 
Beneficio: 164
d 6 8 27 22 35 32 29 33 11 14 10 15 2 4 5 7 6 8 21 23 20 25 24 
Beneficio: 196
d 6 8 27 22 35 32 29 33 11 14 13 15 10 16 12 18 15 2 4 9 2 9 5 4 
Beneficio: 97
d 6 8 27 22 35 32 29 33 11 14 12 16 3 d 6 7 5 4 9 20 23 21 
Beneficio: 84
d 6 8 27 22 35 32 29 33 11 13 14 12 16 10 15 2 9 20 23 21 8 7 6 
Beneficio: 224
d 6 8 27 22 35 32 29 33 11 13 14 10 15 2 9 4 5 7 6 2 4 9 20 24 25 23 
Beneficio: 162
d 6 8 27 22 35 32 29 33 11 13 14 10 15 2 9 4 5 7 8 21 23 5 
Beneficio: 118
d 6 8 27 22 35 32 29 33 13 11 14 10 12 16 17 3 d 6 2 4 5 9 2 
Beneficio: 335
d 6 8 27 22 35 32 29 33 13 11 14 10 15 2 6 7 5 9 2 4 5 23 20 24 25 23 
Beneficio: 261
d 6 8 27 22 35 32 29 33 13 14 11 13 15 10 15 2 9 5 7 6 2 
Beneficio: 247
d 6 8 27 22 35 32 29 33 13 15 10 16 17 3 d 24 20 9 5 7 6 8 21 23 25 
Beneficio: 247
d 6 8 27 22 35 32 29 33 13 11 14 10 15 2 9 4 5 7 31 
Beneficio: 187
d 6 8 27 22 35 32 29 33 13 11 14 13 15 2 9 5 23 20 24 25 23 
Beneficio: 205
d 6 8 27 22 35 32 29 33 13 11 14 12 10 15 2 4 9 2 9 5 23 25 
Beneficio: 85
d 6 8 27 22 35 32 29 33 13 14 10 16 17 3 18 15 2 9 5 4 9 20 23 25 
Beneficio: 64
d 6 8 27 22 35 32 29 33 13 14 12 10 16 17 3 18 15 2 9 5 4 
Beneficio: 289
d 6 8 27 22 35 32 29 33 28 11 13 14 12 10 15 2 9 5 7 8 21 23 25 20 24 
Beneficio: 89
d 6 8 27 22 35 32 29 28 11 14 10 15 13 11 33 29 36 30 35 26 
Beneficio: 29
d 6 8 27 22 35 32 29 28 11 14 10 15 2 6 d 3 17 16 12 
Beneficio: 214
d 6 8 27 22 35 32 29 28 11 14 10 12 16 17 3 d 6 7 5 9 4 5 23 25 24 20 9 2 
Beneficio: 210
d 6 8 27 22 35 32 29 28 11 14 10 15 2 4 5 7 6 8 21 23 25 20 9 5 9 4 
Beneficio: 207
d 6 8 27 22 35 32 29 28 11 14 10 12 16 17 3 d 6 7 5 9 2 15 10 14 13 11 33 
Beneficio: 125
d 6 8 27 22 35 32 29 28 11 14 13 15 10 16 17 4 9 2 4 5 9 20 23 
Beneficio: 134
d 6 8 27 22 35 32 29 28 11 14 12 16 10 15 2 9 20 24 25 23 21 8 7 
Beneficio: 162
d 6 8 27 22 35 32 29 28 11 14 12 18 17 16 10 15 2 9 4 5 9 20 25 23 21 8 
Beneficio: 189
d 6 8 27 22 35 32 29 28 11 33 29 36 30 32 31 7 5 4 2 15 10 14 11 13 15 
Beneficio: 37
d 6 8 27 22 35 32 29 28 11 33 29 36 28 33 13 15 2 9 4 5 
Beneficio: 106
d 6 8 27 22 35 32 29 28 11 33 13 14 10 15 2 4 9 5 7 31 32 
Beneficio: 17
d 6 8 27 22 35 32 29 28 11 13 14 11 33 29 36 30 35 22 26 27 
Beneficio: 96
d 6 8 27 22 35 32 29 28 11 13 14 12 16 10 15 2 4 5 9 20 25 24 20 23 
Beneficio: 80
d 6 8 27 22 35 32 29 28 11 13 33 29 28 33 11 14 12 18 15 2 4 9 5 
Beneficio: 52
d 6 8 27 22 35 32 29 28 11 13 14 11 33 29 36 30 31 32 35 26 22 21 23 25 24 19 
Beneficio: 133
d 6 8 27 22 35 32 29 28 11 13 15 10 16 17 3 d 6 7 5 9 20 23 21 27 
Beneficio: 188
d 6 8 27 22 35 32 29 28 11 13 14 10 15 2 9 4 5 7 8 21 23 25 24 20 25 
Beneficio: 13
d 6 8 27 22 35 32 29 28 11 33 13 15 10 12 14 11 13 14 10 16 3 17 
Beneficio: 175
d 6 8 27 22 35 32 29 28 33 29 36 30 35 26 22 27 21 23 25 24 20 9 4 5 9 2 6 
Beneficio: 261
d 6 8 27 22 35 32 29 28 33 29 36 28 11 14 12 10 15 2 9 5 7 6 d 3 17 16 10 
Beneficio: 264
d 6 8 27 22 35 32 29 28 33 29 36 28 11 14 10 15 2 4 5 7 6 8 21 23 25 20 24 
Beneficio: 225
d 6 8 27 22 35 32 29 28 33 29 28 11 14 12 10 16 17 3 d 24 20 9 5 7 
Beneficio: 130
d 6 8 27 22 35 32 29 28 33 29 33 11 14 10 16 12 18 15 2 9 5 4 9 20 23 
Beneficio: 120
d 6 8 27 22 35 32 29 28 33 11 14 10 15 2 4 9 5 4 9 20 25 23 21 22 26 35 30 36 29 
Beneficio: 110
d 6 8 27 22 35 32 29 28 33 11 14 10 16 17 3 d 6 7 5 9 20 23 
Beneficio: 77
d 6 8 27 22 35 32 29 28 33 11 14 10 16 3 17 4 9 2 6 7 5 4 
Beneficio: 154
d 6 8 27 22 35 32 29 28 33 11 14 12 10 16 17 3 d 6 7 5 9 5 4 2 15 10 
Beneficio: 213
d 6 8 27 22 35 32 29 28 33 11 13 14 11 13 15 2 9 5 7 6 8 21 23 20 24 
Beneficio: 160
d 6 8 27 22 35 32 29 28 33 11 13 15 10 12 14 11 13 15 2 9 4 5 7 6 
Beneficio: 22
d 6 8 27 22 35 32 29 28 33 11 13 14 10 12 18 15 10 14 11 13 15 2 9 
Beneficio: 132
d 6 8 27 22 35 32 29 28 33 11 14 10 15 18 17 3 d 6 2 9 5 4 2 
Beneficio: -18
d 6 8 27 22 35 32 29 28 33 11 14 13 15 10 12 16 17 18 
Beneficio: -3
d 6 8 27 22 35 32 29 28 33 11 13 14 10 15 18 12 10 16 3 17 
Beneficio: 115
d 6 8 27 22 35 32 29 28 33 13 11 14 10 15 2 6 7 5 4 9 20 23 25 
Beneficio: 270
d 6 8 27 22 35 32 29 28 33 13 11 14 10 15 2 4 9 5 7 8 21 23 25 20 24 
Beneficio: 87
d 6 8 27 22 35 32 29 28 33 13 14 10 15 2 9 4 5 7 8 21 27 22 26 
Beneficio: 233
d 6 8 27 22 35 32 29 28 33 29 36 34 d 6 7 5 4 2 9 5 9 20 24 19 
Beneficio: 121
d 6 8 27 22 35 32 29 28 33 11 14 12 18 3 17 16 10 15 2 4 5 7 8 21 23 
Beneficio: 185
d 6 8 27 22 35 32 29 28 33 13 11 14 10 15 2 9 5 4 2 9 20 25 24 20 
Beneficio: 16
d 6 8 27 22 35 32 29 28 11 13 14 11 33 29 36 30 32 35 26 27 
Beneficio: 114
d 6 8 27 22 35 32 29 36 34 d 3 18 15 10 12 14 11 33 29 28 
Beneficio: 136
d 6 8 27 22 35 32 29 36 28 11 33 29 28 33 13 14 10 15 2 9 20 23 5 9 
Beneficio: 83
d 6 8 27 22 35 32 29 36 28 33 29 28 11 14 11 33 13 15 10 16 17 3 
Beneficio: 80
d 6 8 27 22 35 32 29 36 28 33 11 13 14 10 15 18 17 16 10 14 11 33 29 
Beneficio: -69
d 6 8 27 22 35 32 29 36 28 11 14 10 12 16 3 17 18 15 
Beneficio: 163
d 6 8 27 22 35 32 29 36 28 11 13 14 10 15 2 9 4 5 7 8 21 23 5 9 
Beneficio: 19
d 6 8 27 22 35 32 29 36 28 33 29 36 28 11 13 14 12 18 15 10 14 
Beneficio: 34
d 6 8 27 22 35 32 29 36 28 33 13 14 11 13 15 10 14 12 16 17 
Beneficio: 109
d 6 8 27 22 35 32 29 36 34 d 3 17 16 12 14 11 13 14 10 15 13 11 33 29 28 
Beneficio: 32
d 6 8 27 22 35 32 29 36 28 11 13 14 12 10 15 13 33 29 28 33 11 
Beneficio: 54
d 6 8 27 22 35 32 29 36 28 33 11 14 13 15 2 9 5 23 20 9 
Beneficio: 30
d 6 8 27 22 35 32 29 36 28 11 14 10 16 17 3 d 6 7 5 23 
Beneficio: 88
d 6 8 27 22 35 32 29 36 28 33 29 28 11 13 14 12 10 15 2 9 2 
Beneficio: -112
d 6 8 27 22 35 32 29 36 28 33 11 13 14 12 10 16 17 3 
Beneficio: 66
d 6 8 27 22 35 32 29 28 11 14 13 15 10 16 17 3 d 6 2 4 9 5 4 
Beneficio: 20
d 6 8 27 22 35 32 29 28 11 13 14 10 16 17 18 15 2 9 2 4 5 7 
Beneficio: 171
d 6 8 27 22 35 32 29 28 33 29 36 34 d 6 8 7 5 4 2 15 10 14 11 
Beneficio: 76
d 6 8 27 22 35 32 29 28 33 11 14 10 16 17 18 15 2 9 4 5 7 8 21 23 20 
Beneficio: -1
d 6 8 27 22 35 32 29 28 33 11 13 15 10 14 12 18 15 2 4 9 2 
Beneficio: 84
d 6 8 27 22 35 32 29 28 33 13 11 14 12 18 15 10 14 13 11 33 29 36 
Beneficio: 62
d 6 8 27 22 35 32 29 33 11 14 10 16 17 18 15 2 9 20 24 19 25 23 
Beneficio: 41
d 6 8 27 22 35 32 31 30 36 34 d 3 17 16 12 10 14 11 13 33 28 29 33 11 
Beneficio: 39
d 6 8 27 22 35 32 31 30 36 29 33 11 14 13 15 2 4 5 23 25 24 
Beneficio: 17
d 6 8 27 22 35 32 31 30 36 29 33 28 11 13 14 10 15 18 3 17 16 12 
Beneficio: 178
d 6 8 27 22 35 32 31 30 36 29 33 13 11 14 13 15 2 9 5 7 6 8 21 22 
Beneficio: 34
d 6 8 27 22 35 32 31 30 36 29 28 11 33 13 14 12 10 15 2 4 5 9 2 
Beneficio: 18
d 6 8 27 22 35 32 31 30 36 29 28 33 11 14 12 10 15 2 9 20 25 
Beneficio: 65
d 6 8 27 22 35 32 31 30 36 29 28 11 14 10 16 12 18 15 10 14 13 11 33 29 28 33 
Beneficio: 151
d 6 8 27 22 35 32 31 30 36 29 33 11 14 10 15 2 6 7 5 4 2 9 20 23 25 
Beneficio: 144
d 6 8 27 22 35 32 31 30 36 29 33 11 14 10 16 12 18 15 2 9 4 5 7 
Beneficio: 111
d 6 8 27 22 35 32 31 30 36 29 28 11 14 10 15 10 14 13 11 33 29 32 30 
Beneficio: -96
d 6 8 27 22 35 32 31 30 36 29 28 33 11 13 14 10 16 17 3 18 
Beneficio: -64
d 6 8 27 22 35 32 31 30 36 29 33 11 13 15 2 4 9 2 
Beneficio: 108
d 6 8 27 22 35 32 31 30 36 28 33 11 14 10 15 2 4 5 23 21 8 7 5 
Beneficio: 26
d 6 8 27 22 35 32 31 30 36 28 11 13 14 11 13 15 10 16 3 
Beneficio: 152
d 6 8 27 22 35 32 31 30 36 29 33 11 14 10 16 17 18 15 2 9 4 5 9 20 25 23 21 
Beneficio: 27
d 6 8 27 22 35 32 31 30 36 29 28 11 14 10 15 13 14 10 16 12 
Beneficio: -58
d 6 8 27 22 35 32 31 30 36 29 28 33 11 14 10 16 3 17 18 
Beneficio: 159
d 6 8 27 22 35 32 31 30 36 29 28 11 13 14 10 15 2 9 5 7 8 21 
Beneficio: 66
d 6 8 27 22 35 32 31 30 36 28 29 33 13 15 10 14 11 33 28 
Beneficio: 206
d 6 8 27 22 35 32 31 34 36 29 28 11 14 12 10 15 2 4 5 9 20 24 25 23 21 
Beneficio: 112
d 6 8 27 22 35 32 31 34 36 28 29 33 13 11 14 10 15 2 4 9 20 
Beneficio: 98
d 6 8 27 22 35 32 31 34 36 29 33 11 13 15 10 14 11 14 10 16 12 
Beneficio: 33
d 6 8 27 22 35 32 30 31 34 36 29 33 11 14 10 16 17 3 18 12 
Beneficio: 37
d 6 8 27 22 35 32 30 36 34 d 3 17 16 10 14 13 15 10 14 11 33 
Beneficio: 20
d 6 8 27 22 35 32 30 36 29 33 11 14 10 15 18 12 16 17 3 
Beneficio: 52
d 6 8 27 22 35 32 30 36 29 33 11 13 14 11 28 29 32 31 30 35 26 22 21 23 25 
Beneficio: 62
d 6 8 27 22 35 32 30 36 29 33 28 11 13 14 10 15 2 9 5 4 9 20 
Beneficio: 36
d 6 8 27 22 35 32 30 36 29 33 13 11 14 10 12 16 17 18 15 
Beneficio: 129
d 6 8 27 22 35 32 30 36 29 28 11 14 10 15 13 11 33 29 32 31 30 35 26 
Beneficio: -93
d 6 8 27 22 35 32 30 36 29 28 11 33 13 15 18 17 16 12 10 
Beneficio: 31
d 6 8 27 22 35 32 30 36 29 28 33 29 33 11 14 10 16 12 18 15 2 4 5 
Beneficio: 153
d 6 8 27 22 35 32 30 36 29 28 33 11 14 12 10 15 2 4 5 9 20 25 23 21 
Beneficio: 122
d 6 8 27 22 35 32 30 36 29 28 11 14 12 10 15 2 9 20 24 19 
Beneficio: 134
d 6 8 27 22 35 32 30 36 29 33 11 14 10 12 16 17 3 d 6 2 9 4 5 9 20 23 25 
Beneficio: 71
d 6 8 27 22 35 32 30 36 29 33 11 13 14 10 15 18 3 17 16 
Beneficio: 96
d 6 8 27 22 35 32 30 36 29 33 11 14 12 16 10 15 10 12 16 17 3 
Beneficio: 266
d 6 8 27 22 35 32 30 36 29 28 11 14 10 15 13 11 33 29 32 35 26 22 21 8 7 5 9 2 4 
Beneficio: 94
d 6 8 27 22 35 32 30 36 29 28 11 13 15 10 14 11 33 29 36 28 33 13 14 
Beneficio: 16
d 6 8 27 22 35 32 30 36 29 28 33 11 14 10 15 2 6 7 8 
Beneficio: 0
d 6 8 27 22 35 32 30 36 29 28 33 11 13 15 10 14 11 13 14 10 12 16 17 
Beneficio: 34
d 6 8 27 22 35 32 30 36 28 11 14 10 15 2 6 7 8 21 23 
Beneficio: -59
d 6 8 27 22 35 32 30 36 28 33 11 14 12 10 16 3 17 
Beneficio: 33
d 6 8 27 22 35 32 30 36 28 11 13 33 29 28 33 13 15 10 12 
Beneficio: 10
d 6 8 27 22 35 32 30 31 34 36 29 33 11 14 10 12 16 17 3 
Beneficio: 105
d 6 8 27 22 35 32 30 36 34 d 3 17 16 10 14 11 33 28 29 33 11 13 15 10 
Beneficio: 10
d 6 8 27 22 35 32 30 36 29 33 28 11 13 14 11 14 10 12 18 
Beneficio: 52
d 6 8 27 22 35 32 30 36 29 28 11 14 12 18 17 16 10 15 2 4 5 
Beneficio: 12
d 6 8 27 22 35 32 30 36 29 28 33 13 11 14 12 10 15 18 3 
Beneficio: 94
d 6 8 27 22 35 32 30 36 29 33 11 13 15 10 14 11 14 12 16 17 
Beneficio: -98
d 6 8 27 22 35 32 30 36 29 28 11 13 14 10 16 12 18 17 
Beneficio: 97
d 6 8 27 22 35 32 30 36 28 29 33 11 14 10 15 13 11 28 36 29 
Beneficio: -38
d 6 8 27 22 35 32 30 36 28 33 11 13 14 10 15 18 3 17 
Beneficio: 220
d 6 8 27 22 35 32 29 33 11 14 10 15 2 9 20 24 20 25 23 
Beneficio: 133
d 6 8 27 22 35 32 29 33 11 13 14 10 16 3 d 6 7 5 9 2 9 4 
Beneficio: 61
d 6 8 27 22 35 32 29 33 11 14 12 10 15 2 9 4 5 9 20 
######### Overtime ############
Mejor solucion encontrada!
Beneficio: 396
d 6 8 27 22 35 32 29 33 11 14 10 15 2 9 5 7 8 21 23 25 20 24 d 
Time taken: 7200.00s
