Evaluando ./Instances\DEGREE\D12NoRPP
Solucion inicial: ./Instances\DEGREE\D12NoRPP-salida.txt

Beneficio: 141
d 7 17 16 11 10 14 16 10 17 8 3 6 4 9 2 4 6 5 27 22 26 20 25 21 19 36 30 13 12 
Beneficio: 153
d 7 17 16 11 10 14 16 10 17 8 3 6 4 9 2 27 22 26 20 25 21 19 36 34 35 13 32 15 18 29 33 
Beneficio: 199
d 7 17 16 11 10 14 16 10 17 8 3 6 4 9 2 27 22 26 20 25 21 19 24 23 31 36 30 34 12 18 15 32 13 
Beneficio: 194
d 7 17 16 11 10 14 16 10 17 8 3 6 4 9 2 27 22 26 20 25 31 36 34 30 35 32 15 18 
Beneficio: 205
d 7 17 16 11 10 14 16 10 17 8 3 6 4 9 2 27 22 26 20 23 24 19 21 25 31 36 30 34 35 32 13 
Beneficio: 208
d 7 17 16 11 10 14 16 10 17 8 3 6 4 9 2 27 22 26 20 23 24 19 21 31 36 34 35 32 15 
Beneficio: 217
d 7 17 16 11 10 14 16 10 17 8 3 6 4 9 2 27 22 26 20 23 31 36 19 21 25 
Beneficio: 157
d 7 17 16 11 10 14 16 10 17 8 3 6 4 9 2 27 22 26 20 21 25 31 36 34 12 32 35 13 
Beneficio: 156
d 7 17 16 11 10 14 16 10 17 8 3 6 4 9 2 27 22 26 20 21 19 25 31 36 34 35 13 12 32 15 18 33 29 28 
Beneficio: 168
d 7 17 16 11 10 14 16 10 17 8 3 6 4 9 2 27 22 26 20 25 21 31 36 34 35 13 12 18 
Beneficio: 209
d 7 17 16 11 10 14 16 10 17 8 3 6 4 9 2 27 22 26 20 25 19 21 31 36 30 34 35 32 12 
Beneficio: 163
d 7 17 16 11 10 14 16 10 17 8 3 6 4 9 2 27 22 26 20 21 25 31 36 30 13 35 32 
Beneficio: 201
d 7 17 16 11 10 14 16 10 17 8 3 6 4 9 2 27 22 26 20 21 19 36 34 30 35 32 
Beneficio: 230
d 7 17 16 11 10 14 16 10 17 8 3 6 4 9 2 27 22 26 20 23 31 21 19 36 30 34 35 32 15 18 33 28 29 33 
Beneficio: 188
d 7 17 16 11 10 14 16 10 17 8 3 6 4 9 2 27 22 26 24 23 20 26 24 19 25 21 31 36 34 30 35 34 12 32 13 
Beneficio: 199
d 7 17 16 11 10 14 16 10 17 8 3 6 4 9 2 27 22 26 24 23 20 25 21 19 36 30 34 35 13 12 32 
Beneficio: 160
d 7 17 16 11 10 14 16 10 17 8 3 6 4 9 2 27 22 26 24 23 20 21 25 31 36 34 12 13 30 35 32 15 
Beneficio: 150
d 7 17 16 11 10 14 16 10 17 8 3 6 4 9 2 27 22 26 24 23 20 25 21 19 36 30 35 34 12 18 15 
Beneficio: 179
d 7 17 16 11 10 14 16 10 17 8 3 6 4 9 2 27 22 26 24 23 20 21 31 36 30 35 13 12 32 15 18 33 
Nueva solucion parcial! a los 164.296s
Imprimiendo solucion: 
Beneficio: 255
1  * 64
7  * -11
17  * 35
16  * 55
11  * 15
10  * 56
14  * -5
16  * -2
10  * -8
17  * -2
8  * -25
3  * 2
6  * 22
4  * 62
9  * -5
2  * -10
27  * 16
22  * 29
26  * -5
24  * 42
23  * -10
31  * -21
36  * 14
30  * 8
34  * -3
12  * -4
32  * -12
15  * 0
18  * -25
33  * 35
28  * -19
29  * 25
33  * -58
1
Beneficio: 182
d 7 17 16 11 10 14 16 10 17 8 3 6 4 9 2 27 22 26 24 23 31 25 20 26 24 19 36 34 35 13 
Beneficio: 216
d 7 17 16 11 10 14 16 10 17 8 3 6 4 9 2 27 22 26 24 23 26 20 25 21 31 36 34 35 13 
Beneficio: 192
d 7 17 16 11 10 14 16 10 17 8 3 6 4 9 2 27 22 26 24 23 20 21 31 36 30 34 35 13 32 
Beneficio: 157
d 7 17 16 11 10 14 16 10 17 8 3 6 4 9 2 27 22 26 24 19 21 25 31 36 34 12 
Beneficio: 125
d 7 17 16 11 10 14 16 10 17 8 3 6 4 9 2 27 22 26 24 19 21 25 31 36 34 35 13 32 
Beneficio: 158
d 7 17 16 11 10 14 16 10 17 8 3 6 4 9 2 27 22 26 24 19 25 31 36 30 34 35 13 12 32 15 18 
Beneficio: 179
d 7 17 16 11 10 14 16 10 17 8 3 6 4 9 2 27 22 26 22 24 23 20 25 19 21 31 36 30 34 35 13 32 12 
Beneficio: 142
d 7 17 16 11 10 14 16 10 17 8 3 6 4 9 2 27 22 26 22 24 19 21 25 20 23 31 36 30 34 35 13 12 32 
Beneficio: 174
d 7 17 16 11 10 14 16 10 17 8 3 6 4 9 2 27 22 26 22 24 23 20 25 21 19 36 30 35 13 32 12 34 
Beneficio: 124
d 7 17 16 11 10 14 16 10 17 8 3 6 4 9 2 27 22 26 22 24 19 21 31 36 30 13 12 32 15 
Beneficio: 168
d 7 17 16 11 10 14 16 10 17 8 3 6 4 9 2 27 22 26 24 23 20 25 21 19 36 30 35 32 13 12 
Beneficio: 183
d 7 17 16 11 10 14 16 10 17 8 3 6 4 9 2 27 22 26 24 23 20 25 21 31 36 34 30 36 34 12 13 35 32 15 18 33 
Beneficio: 180
d 7 17 16 11 10 14 16 10 17 8 3 6 4 9 2 27 22 26 24 23 31 21 19 36 30 35 13 12 32 
Beneficio: 167
d 7 17 16 11 10 14 16 10 17 8 3 6 4 9 2 27 22 26 24 19 21 25 31 36 30 34 12 13 32 
Beneficio: 149
d 7 17 16 11 10 14 16 10 17 8 3 6 4 9 2 27 22 26 24 19 25 21 31 36 30 35 32 15 
Beneficio: 225
d 7 17 16 11 10 14 16 10 17 8 3 6 4 9 2 27 22 26 23 24 26 20 21 31 36 34 30 35 34 12 13 32 15 18 33 28 
Beneficio: 197
d 7 17 16 11 10 14 16 10 17 8 3 6 4 9 2 27 22 26 23 24 19 21 20 25 31 36 30 34 12 13 35 32 
Beneficio: 124
d 7 17 16 11 10 14 16 10 17 8 3 6 4 9 2 27 22 26 23 20 25 31 36 30 13 12 34 35 
Beneficio: 132
d 7 17 16 11 10 14 16 10 17 8 3 6 4 9 2 27 22 26 23 20 25 21 19 36 30 34 12 32 15 
Beneficio: 158
d 7 17 16 11 10 14 16 10 17 8 3 6 4 9 2 27 22 26 20 25 21 31 36 34 30 13 
Beneficio: 128
d 7 17 16 11 10 14 16 10 17 8 3 6 4 9 2 27 22 26 20 25 19 36 30 35 13 12 18 
Beneficio: 178
d 7 17 16 11 10 14 16 10 17 8 3 6 4 9 2 27 22 26 20 23 24 19 36 34 30 13 35 32 
Beneficio: 149
d 7 17 16 11 10 14 16 10 17 8 3 6 4 9 2 27 22 26 20 21 19 36 30 34 35 13 32 15 18 33 
Beneficio: 175
d 7 17 16 11 10 14 16 10 17 8 3 6 4 9 2 27 22 26 20 21 25 19 24 23 31 36 30 34 12 13 32 15 
Beneficio: 167
d 7 17 16 11 10 14 16 10 17 8 3 6 4 9 2 27 22 26 24 23 20 25 21 31 36 34 30 35 13 12 18 33 29 
Beneficio: 160
d 7 17 16 11 10 14 16 10 17 8 3 6 4 9 2 27 22 26 24 23 20 25 19 36 34 30 35 32 
Beneficio: 186
d 7 17 16 11 10 14 16 10 17 8 3 6 4 9 2 27 22 26 24 23 26 20 21 31 36 34 30 35 34 12 13 32 15 18 
Beneficio: 98
d 7 17 16 11 10 14 16 10 17 8 3 6 4 9 2 27 22 26 24 19 21 20 25 31 36 30 35 32 12 13 
Beneficio: 98
d 7 17 16 11 10 14 16 10 17 8 3 6 4 9 2 27 22 26 24 23 31 36 34 35 32 13 12 
Beneficio: 164
d 7 17 16 11 10 14 16 10 17 8 3 6 4 9 2 27 22 26 24 23 31 36 30 35 13 32 12 34 
Beneficio: 179
d 7 17 16 11 10 14 16 10 17 8 3 6 4 9 2 27 22 26 23 24 26 20 25 21 31 36 34 35 32 15 18 33 29 
Beneficio: 112
d 7 17 16 11 10 14 16 10 17 8 3 6 4 9 2 27 22 26 23 20 21 19 36 30 34 12 13 32 35 
Beneficio: 194
d 7 17 16 11 10 14 16 10 17 8 3 6 4 9 2 27 22 24 23 20 26 22 26 24 19 25 21 31 36 30 13 35 34 
Beneficio: 193
d 7 17 16 11 10 14 16 10 17 8 3 6 4 9 2 27 22 24 23 20 26 24 19 25 21 31 36 30 34 35 13 32 12 
Beneficio: 141
d 7 17 16 11 10 14 16 10 17 8 3 6 4 9 2 27 22 24 23 20 21 19 36 34 30 13 12 32 15 18 
Beneficio: 161
d 7 17 16 11 10 14 16 10 17 8 3 6 4 9 2 27 22 24 23 31 21 20 26 24 19 36 30 35 32 15 18 
Beneficio: 175
d 7 17 16 11 10 14 16 10 17 8 3 6 4 9 2 27 22 24 23 26 20 25 21 31 36 34 35 30 34 12 32 
Beneficio: 150
d 7 17 16 11 10 14 16 10 17 8 3 6 4 9 2 27 22 24 23 20 25 21 31 36 30 35 13 32 12 34 
Beneficio: 134
d 7 17 16 11 10 14 16 10 17 8 3 6 4 9 2 27 22 24 26 22 26 20 25 21 31 36 30 13 12 32 15 18 
Beneficio: 224
d 7 17 16 11 10 14 16 10 17 8 3 6 4 9 2 27 22 24 26 22 26 20 23 24 19 21 31 36 30 35 34 12 32 15 18 33 28 
Beneficio: 187
d 7 17 16 11 10 14 16 10 17 8 3 6 4 9 2 27 22 24 26 22 24 23 26 20 25 19 21 31 36 34 12 32 35 
Beneficio: 140
d 7 17 16 11 10 14 16 10 17 8 3 6 4 9 2 27 22 24 26 20 25 21 31 36 34 30 13 12 32 35 
Beneficio: 145
d 7 17 16 11 10 14 16 10 17 8 3 6 4 9 2 27 22 24 26 20 23 31 25 21 19 36 30 35 32 13 
Beneficio: 168
d 7 17 16 11 10 14 16 10 17 8 3 6 4 9 2 27 22 24 26 20 25 31 36 30 35 34 12 32 
Beneficio: 136
d 7 17 16 11 10 14 16 10 17 8 3 6 4 9 2 27 22 24 26 23 20 25 21 31 36 30 35 34 
Beneficio: 144
d 7 17 16 11 10 14 16 10 17 8 3 6 4 9 2 27 22 24 26 20 23 31 25 21 19 36 30 35 34 30 13 
Beneficio: 99
d 7 17 16 11 10 14 16 10 17 8 3 6 4 9 2 27 22 24 26 23 20 25 21 31 36 30 34 12 32 
Beneficio: 128
d 7 17 16 11 10 14 16 10 17 8 3 6 4 9 2 27 22 24 19 21 25 20 26 23 31 36 30 34 35 13 32 15 
Beneficio: 192
d 7 17 16 11 10 14 16 10 17 8 3 6 4 9 2 27 22 24 23 20 26 22 26 24 19 25 21 31 36 34 35 30 
Beneficio: 191
d 7 17 16 11 10 14 16 10 17 8 3 6 4 9 2 27 22 24 23 20 25 21 31 36 30 35 13 32 12 34 
Beneficio: 143
d 7 17 16 11 10 14 16 10 17 8 3 6 4 9 2 27 22 24 23 20 25 21 31 36 34 30 13 35 
Beneficio: 142
d 7 17 16 11 10 14 16 10 17 8 3 6 4 9 2 27 22 24 23 31 25 21 19 36 30 13 12 34 35 32 
Beneficio: 174
d 7 17 16 11 10 14 16 10 17 8 3 6 4 9 2 27 22 24 23 26 20 25 19 36 30 35 32 13 
Beneficio: 164
d 7 17 16 11 10 14 16 10 17 8 3 6 4 9 2 27 22 24 23 26 20 25 21 31 36 30 13 12 32 15 18 
Beneficio: 156
d 7 17 16 11 10 14 16 10 17 8 3 6 4 9 2 27 22 24 26 22 26 20 25 21 31 36 30 34 35 13 12 18 
Beneficio: 170
d 7 17 16 11 10 14 16 10 17 8 3 6 4 9 2 27 22 24 26 22 24 23 31 21 19 36 34 30 13 12 
Beneficio: 118
d 7 17 16 11 10 14 16 10 17 8 3 6 4 9 2 27 22 24 26 20 25 21 19 36 30 34 35 13 32 12 
Beneficio: 152
d 7 17 16 11 10 14 16 10 17 8 3 6 4 9 2 27 22 24 26 20 21 25 31 36 30 34 35 30 13 12 32 15 18 
Beneficio: 150
d 7 17 16 11 10 14 16 10 17 8 3 6 4 9 2 27 22 24 26 20 21 31 36 30 35 32 12 34 
Beneficio: 131
d 7 17 16 11 10 14 16 10 17 8 3 6 4 9 2 27 22 24 26 20 25 21 19 36 30 35 13 12 
Beneficio: 137
d 7 17 16 11 10 14 16 10 17 8 3 6 4 9 2 27 22 24 26 20 25 21 19 36 30 34 12 13 35 
Beneficio: 117
d 7 17 16 11 10 14 16 10 17 8 3 6 4 9 2 27 22 24 19 21 31 36 34 35 32 12 13 
Beneficio: 94
d 7 17 16 11 10 14 16 10 17 8 3 6 4 9 2 27 22 24 19 25 21 31 36 34 35 32 12 
Beneficio: 166
d 7 17 16 11 10 14 16 10 17 8 3 6 4 9 2 27 28 33 18 15 32 35 34 36 31 23 20 26 24 23 
Beneficio: 170
d 7 17 16 11 10 14 16 10 17 8 3 6 4 9 2 27 22 26 20 21 31 36 30 34 12 13 35 32 
Beneficio: 111
d 7 17 16 11 10 14 16 10 17 8 3 6 4 9 2 27 22 26 24 19 21 25 20 23 31 36 30 34 12 13 
Beneficio: 97
d 7 17 16 11 10 14 16 10 17 8 3 6 4 9 2 27 22 26 20 25 21 31 36 34 12 13 35 32 15 
Beneficio: 126
d 7 17 16 11 10 14 16 10 17 8 3 6 4 9 2 27 22 24 23 20 21 25 31 36 30 35 32 
Beneficio: 172
d 7 17 16 11 10 14 16 10 17 8 3 6 4 9 2 27 22 24 26 20 23 24 19 36 30 34 12 13 35 32 
Beneficio: 175
d 7 17 16 11 10 14 16 10 17 8 3 6 4 9 2 22 26 20 25 21 19 36 30 34 12 13 32 35 
Nueva solucion parcial! a los 689.642s
Imprimiendo solucion: 
Beneficio: 259
1  * 64
7  * -11
17  * 35
16  * 55
11  * 15
10  * 56
14  * -5
16  * -2
10  * -8
17  * -2
8  * -25
3  * 2
6  * 22
4  * 62
9  * -5
2  * -26
22  * 29
26  * 19
20  * -8
23  * 42
24  * -16
22  * 16
27  * -31
28  * 35
33  * 25
29  * -19
28  * -60
1
Beneficio: 218
d 7 17 16 11 10 14 16 10 17 8 3 6 4 9 2 22 26 20 23 24 19 21 25 31 36 30 34 12 32 
Beneficio: 185
d 7 17 16 11 10 14 16 10 17 8 3 6 4 9 2 22 26 20 21 19 24 23 31 36 34 30 36 34 12 13 32 15 18 
Beneficio: 173
d 7 17 16 11 10 14 16 10 17 8 3 6 4 9 2 22 26 20 21 19 24 23 31 36 34 30 35 32 13 
Beneficio: 167
d 7 17 16 11 10 14 16 10 17 8 3 6 4 9 2 22 26 24 23 20 21 31 36 30 13 35 34 12 32 
Beneficio: 177
d 7 17 16 11 10 14 16 10 17 8 3 6 4 9 2 22 26 24 23 26 20 21 25 19 36 30 13 12 32 35 34 
Beneficio: 105
d 7 17 16 11 10 14 16 10 17 8 3 6 4 9 2 22 26 24 19 25 31 36 34 35 30 13 12 32 
Beneficio: 115
d 7 17 16 11 10 14 16 10 17 8 3 6 4 9 2 22 26 22 24 19 25 21 31 36 30 35 34 12 13 32 
Beneficio: 163
d 7 17 16 11 10 14 16 10 17 8 3 6 4 9 2 22 26 24 23 20 25 21 31 36 30 34 12 13 35 32 
Beneficio: 194
d 7 17 16 11 10 14 16 10 17 8 3 6 4 9 2 22 26 23 24 26 20 25 21 31 36 30 34 12 13 35 32 
Beneficio: 181
d 7 17 16 11 10 14 16 10 17 8 3 6 4 9 2 22 26 23 24 19 21 31 36 30 34 12 13 32 15 
Beneficio: 144
d 7 17 16 11 10 14 16 10 17 8 3 6 4 9 2 22 26 20 23 24 19 25 21 31 36 34 30 13 12 32 35 
Beneficio: 105
d 7 17 16 11 10 14 16 10 17 8 3 6 4 9 2 22 26 20 23 31 36 30 35 32 13 12 34 
Beneficio: 94
d 7 17 16 11 10 14 16 10 17 8 3 6 4 9 2 22 26 24 19 25 20 21 31 36 30 34 35 13 32 12 
Beneficio: 87
d 7 17 16 11 10 14 16 10 17 8 3 6 4 9 2 22 26 23 20 21 31 36 30 34 35 32 12 
Beneficio: 136
d 7 17 16 11 10 14 16 10 17 8 3 6 4 9 2 22 24 23 20 21 31 36 34 12 13 
Beneficio: 138
d 7 17 16 11 10 14 16 10 17 8 3 6 4 9 2 22 24 26 22 26 20 21 31 36 34 12 32 35 13 
Beneficio: 116
d 7 17 16 11 10 14 16 10 17 8 3 6 4 9 2 22 24 26 20 21 25 31 36 30 34 12 13 35 32 15 18 
Beneficio: 113
d 7 17 16 11 10 14 16 10 17 8 3 6 4 9 2 22 24 26 20 23 31 21 19 36 30 34 12 13 35 32 
Beneficio: 130
d 7 17 16 11 10 14 16 10 17 8 3 6 4 9 2 22 24 23 20 25 31 36 30 13 12 34 35 32 15 18 
Beneficio: 170
d 7 17 16 11 10 14 16 10 17 8 3 6 4 9 2 22 24 26 22 26 20 25 21 31 36 30 35 13 12 34 
Beneficio: 111
d 7 17 16 11 10 14 16 10 17 8 3 6 4 9 2 22 24 26 20 21 25 31 36 30 13 35 32 15 18 
Beneficio: 76
d 7 17 16 11 10 14 16 10 17 8 3 6 4 9 2 22 24 19 21 31 36 30 35 34 12 32 15 
Beneficio: 197
d 7 17 16 11 10 14 16 10 17 8 3 6 4 9 2 27 22 26 20 23 24 19 21 31 36 34 30 35 
Beneficio: 139
d 7 17 16 11 10 14 16 10 17 8 3 6 4 9 2 27 22 26 20 21 25 19 36 34 35 32 12 13 
Beneficio: 200
d 7 17 16 11 10 14 16 10 17 8 3 6 4 9 2 27 22 26 24 23 26 20 25 21 31 36 30 34 12 32 13 
Beneficio: 189
d 7 17 16 11 10 14 16 10 17 8 3 6 4 9 2 27 22 26 22 24 23 20 25 31 36 30 34 12 32 35 
Beneficio: 143
d 7 17 16 11 10 14 16 10 17 8 3 6 4 9 2 27 22 26 23 20 21 25 19 36 30 34 35 30 13 
Beneficio: 154
d 7 17 16 11 10 14 16 10 17 8 3 6 4 9 2 27 22 26 24 23 20 25 21 19 36 34 30 35 13 12 
Beneficio: 140
d 7 17 16 11 10 14 16 10 17 8 3 6 4 9 2 27 22 24 23 20 25 31 36 34 35 30 34 12 32 15 18 
Beneficio: 128
d 7 17 16 11 10 14 16 10 17 8 3 6 4 9 2 27 22 24 26 20 25 21 31 36 30 13 12 34 35 
Beneficio: 150
d 7 17 16 11 10 14 16 10 17 8 3 6 4 9 2 27 22 24 23 26 20 25 21 19 36 30 35 32 12 13 
Beneficio: 102
d 7 17 16 11 10 14 16 10 17 8 3 6 4 9 2 27 22 24 19 36 30 34 12 13 35 32 
Beneficio: 125
d 7 17 16 11 10 14 16 10 17 8 3 6 4 9 2 22 26 20 25 21 31 36 34 12 32 35 
Beneficio: 180
d 7 17 16 11 10 14 16 10 17 8 3 6 4 9 2 22 26 23 24 26 20 21 31 36 30 35 34 12 13 32 15 
Beneficio: 75
d 7 17 16 11 10 14 16 10 17 8 3 6 4 9 2 22 24 26 23 20 25 19 
Beneficio: 164
d 7 17 16 11 10 14 16 10 17 8 3 6 4 9 6 5 27 22 26 20 23 31 36 30 35 32 13 12 
Beneficio: 168
d 7 17 16 11 10 14 16 10 17 8 3 6 4 9 6 5 27 22 24 23 31 36 34 35 13 12 32 
Beneficio: 196
d 7 17 16 11 10 14 16 10 17 8 3 6 4 9 6 3 4 2 27 22 26 20 21 25 19 24 23 31 36 30 34 12 
Beneficio: 184
d 7 17 16 11 10 14 16 10 17 8 3 6 4 9 6 3 4 2 27 22 26 24 23 20 21 31 36 34 35 30 13 12 32 
Beneficio: 124
d 7 17 16 11 10 14 16 10 17 8 3 6 4 9 6 3 4 2 27 22 26 22 24 19 25 31 36 
Beneficio: 108
d 7 17 16 11 10 14 16 10 17 8 3 6 4 9 6 3 4 2 27 22 26 20 25 21 19 36 34 35 32 12 13 
Beneficio: 113
d 7 17 16 11 10 14 16 10 17 8 3 6 4 9 6 3 4 2 27 22 26 24 19 21 20 23 31 36 30 34 12 13 35 
Beneficio: 123
d 7 17 16 11 10 14 16 10 17 8 3 6 4 9 6 3 4 2 27 22 24 26 20 25 21 31 36 30 34 12 13 32 35 
Beneficio: 136
d 7 17 16 11 10 14 16 10 17 8 3 6 4 9 6 3 4 2 27 22 24 26 20 25 19 21 31 36 30 35 13 32 12 34 
Beneficio: 143
d 7 17 16 11 10 14 16 10 17 8 3 6 4 9 6 3 4 2 22 26 20 23 31 36 30 34 35 32 12 18 15 
Beneficio: 100
d 7 17 16 11 10 14 16 10 17 8 3 6 4 9 6 3 4 2 22 26 20 21 19 36 30 34 35 13 
Beneficio: 175
d 7 17 16 11 10 14 16 10 17 8 3 6 4 9 6 3 4 2 27 22 26 20 23 31 36 30 35 13 12 
Beneficio: 150
d 7 17 16 11 10 14 16 10 17 8 3 6 4 9 6 3 4 2 27 22 26 20 25 21 31 36 34 35 32 15 18 
Beneficio: 173
d 7 17 16 11 10 14 16 10 17 8 3 6 4 9 6 3 4 2 27 22 24 23 26 20 25 19 21 31 
Beneficio: 194
d 7 17 16 11 10 14 16 10 17 8 3 6 4 9 6 3 4 2 27 22 26 20 25 19 24 23 31 36 34 30 35 13 12 
Beneficio: 149
d 7 17 16 11 10 14 16 10 17 8 3 6 4 9 6 3 4 2 27 22 26 20 23 31 25 21 19 36 
Beneficio: 130
d 7 17 16 11 10 14 16 10 17 8 3 6 4 9 6 3 4 2 27 22 26 24 19 25 21 31 36 34 35 30 34 12 13 32 15 
Beneficio: 126
d 7 17 16 11 10 14 16 10 17 8 3 6 4 9 6 3 4 2 27 22 26 23 20 21 31 36 34 35 30 34 12 13 
Beneficio: 130
d 7 17 16 11 10 14 16 10 17 8 3 6 4 9 6 3 4 2 27 22 26 24 23 31 36 34 35 30 13 12 32 
Beneficio: 132
d 7 17 16 11 10 14 16 10 17 8 3 6 4 9 6 3 4 2 27 22 24 26 20 21 25 31 36 30 34 12 32 13 
Beneficio: 126
d 7 17 16 11 10 14 16 10 17 8 3 6 4 9 6 3 4 2 27 22 24 26 20 21 19 36 30 35 34 12 13 32 15 
Beneficio: 146
d 7 17 16 11 10 14 16 10 17 8 3 6 4 9 6 3 4 2 22 26 20 21 31 36 30 34 12 13 35 32 15 18 33 
Beneficio: 123
d 7 17 16 11 10 14 16 10 17 8 3 6 4 9 6 3 4 2 22 24 26 22 26 20 25 21 31 36 34 35 32 12 
Beneficio: 120
d 7 17 16 11 10 14 16 10 17 8 3 6 4 9 6 3 4 2 27 22 24 19 21 25 31 36 30 34 35 
Beneficio: 141
d 7 17 16 11 10 14 16 10 17 8 3 6 4 9 6 3 4 2 27 22 26 23 20 25 21 31 36 30 34 12 13 
Beneficio: 132
d 7 17 16 11 10 14 16 10 17 8 3 6 4 9 6 3 4 2 27 22 24 26 20 25 21 19 36 30 35 34 30 
Beneficio: 156
d 7 17 16 11 10 14 16 10 17 8 3 6 4 9 6 4 2 27 22 26 20 21 19 36 34 35 13 12 32 15 
Beneficio: 176
d 7 17 16 11 10 14 16 10 17 8 3 6 4 9 6 4 2 27 22 26 24 23 31 21 19 36 34 30 35 32 15 18 
Beneficio: 176
d 7 17 16 11 10 14 16 10 17 8 3 6 4 9 6 4 2 27 22 26 24 23 20 21 25 19 36 30 35 32 13 12 
Beneficio: 131
d 7 17 16 11 10 14 16 10 17 8 3 6 4 9 6 4 2 27 22 26 20 23 31 21 19 36 30 35 32 
Beneficio: 155
d 7 17 16 11 10 14 16 10 17 8 3 6 4 9 6 4 2 27 22 24 23 20 25 19 21 31 36 30 35 32 13 12 34 
Beneficio: 143
d 7 17 16 11 10 14 16 10 17 8 3 6 4 9 6 4 2 27 22 24 26 20 25 19 36 30 34 35 13 
Beneficio: 107
d 7 17 16 11 10 14 16 10 17 8 3 6 4 9 6 4 2 27 22 24 26 23 20 21 31 36 30 35 34 12 
Beneficio: 166
d 7 17 16 11 10 14 16 10 17 8 3 6 4 9 6 4 2 22 26 20 21 19 24 23 31 36 34 12 13 32 
Beneficio: 148
d 7 17 16 11 10 14 16 10 17 8 3 6 4 9 6 4 2 22 24 23 20 21 31 36 30 34 12 32 35 13 
Beneficio: 125
d 7 17 16 11 10 14 16 10 17 8 3 6 4 9 6 4 2 27 22 26 20 23 31 36 30 35 13 12 32 
Beneficio: 236
d 7 17 16 11 10 14 16 10 17 8 3 6 4 9 6 4 2 27 22 26 24 23 26 20 21 31 36 30 34 35 13 
Beneficio: 129
d 7 17 16 11 10 14 16 10 17 8 3 6 4 9 6 4 2 22 26 20 21 31 36 34 35 32 13 12 
Beneficio: 167
d 7 17 16 11 10 14 16 10 17 8 3 6 4 9 6 5 27 22 26 20 21 31 36 30 34 12 13 
Beneficio: 116
d 7 17 16 11 10 14 16 10 17 8 3 6 4 9 6 5 27 22 24 26 20 25 21 31 36 34 30 35 34 12 13 32 15 
Beneficio: 147
d 7 17 16 11 10 14 16 10 17 8 3 6 4 9 6 3 4 2 27 22 26 20 21 19 25 31 36 34 30 35 13 12 32 
Beneficio: 200
d 7 17 16 11 10 14 16 10 17 8 3 6 4 9 6 3 4 2 27 22 26 24 23 26 20 25 21 31 36 30 35 34 12 13 32 
Beneficio: 130
d 7 17 16 11 10 14 16 10 17 8 3 6 4 9 6 3 4 2 27 22 26 24 19 25 31 36 30 34 12 13 
Beneficio: 163
d 7 17 16 11 10 14 16 10 17 8 3 6 4 9 6 3 4 2 27 22 26 24 23 20 21 31 36 30 34 35 13 32 
Beneficio: 129
d 7 17 16 11 10 14 16 10 17 8 3 6 4 9 6 3 4 2 27 22 24 26 20 25 31 36 30 13 12 32 15 
Beneficio: 145
d 7 17 16 11 10 14 16 10 17 8 3 6 4 9 6 3 4 2 27 22 24 26 20 25 31 36 34 30 35 13 12 
Beneficio: 121
d 7 17 16 11 10 14 16 10 17 8 3 6 4 9 6 3 4 2 22 26 20 21 25 31 36 34 35 32 13 12 
Beneficio: 118
d 7 17 16 11 10 14 16 10 17 8 3 6 4 9 6 3 4 2 22 24 26 20 23 31 36 34 30 35 34 12 13 
Beneficio: 123
d 7 17 16 11 10 14 16 10 17 8 3 6 4 9 6 3 4 2 22 26 24 19 36 30 35 34 12 
Beneficio: 203
d 7 17 16 11 10 14 16 10 17 8 3 6 4 9 6 3 4 2 27 22 24 23 26 22 24 26 20 25 21 31 36 30 35 34 30 
Beneficio: 165
d 7 17 16 11 10 14 16 10 17 8 3 6 4 9 6 3 4 2 27 22 26 20 25 31 36 34 30 13 35 
Beneficio: 213
d 7 17 16 11 10 14 16 10 17 8 3 6 4 9 6 3 4 2 27 22 26 24 23 20 25 21 31 36 34 30 35 32 12 
Beneficio: 196
d 7 17 16 11 10 14 16 10 17 8 3 6 4 9 6 3 4 2 27 22 26 22 24 23 31 36 34 30 36 34 12 13 
Beneficio: 107
d 7 17 16 11 10 14 16 10 17 8 3 6 4 9 6 3 4 2 27 22 26 20 21 19 36 30 35 32 15 18 
Beneficio: 171
d 7 17 16 11 10 14 16 10 17 8 3 6 4 9 6 3 4 2 27 22 24 26 22 26 20 21 31 36 30 34 35 30 13 32 
Beneficio: 182
d 7 17 16 11 10 14 16 10 17 8 3 6 4 9 6 3 4 2 27 22 24 26 22 24 23 31 36 34 30 35 34 12 13 32 
Beneficio: 134
d 7 17 16 11 10 14 16 10 17 8 3 6 4 9 6 3 4 2 22 26 20 25 19 21 31 36 30 35 32 
Beneficio: 102
d 7 17 16 11 10 14 16 10 17 8 3 6 4 9 6 3 4 2 22 24 19 21 31 36 30 34 35 13 12 32 15 18 
Beneficio: 201
d 7 17 16 11 10 14 16 10 17 8 3 6 4 9 6 3 4 2 27 22 26 20 25 19 24 23 31 36 30 34 35 13 12 32 
Beneficio: 103
d 7 17 16 11 10 14 16 10 17 8 3 6 4 9 6 3 4 2 27 22 24 19 21 25 31 36 30 35 34 
Beneficio: 146
d 7 17 16 11 10 14 16 10 17 8 3 6 4 9 6 4 2 27 22 26 20 23 31 36 30 35 13 12 18 15 
Beneficio: 196
d 7 17 16 11 10 14 16 10 17 8 3 6 4 9 6 4 2 27 22 26 24 23 20 25 21 31 36 30 34 12 32 35 
Beneficio: 176
d 7 17 16 11 10 14 16 10 17 8 3 6 4 9 6 4 2 27 22 26 24 23 20 21 31 36 34 30 35 13 12 32 15 
Beneficio: 133
d 7 17 16 11 10 14 16 10 17 8 3 6 4 9 6 4 2 27 22 26 20 25 31 21 19 36 30 34 12 32 
Beneficio: 209
d 7 17 16 11 10 14 16 10 17 8 3 6 4 9 6 4 2 27 22 24 26 22 26 20 23 24 19 21 31 36 30 35 13 12 32 
Beneficio: 174
d 7 17 16 11 10 14 16 10 17 8 3 6 4 9 6 4 2 27 22 24 23 26 20 21 31 36 30 35 13 12 34 
Beneficio: 182
d 7 17 16 11 10 14 16 10 17 8 3 6 4 9 6 4 2 22 26 20 23 24 19 36 34 12 13 32 
Beneficio: 124
d 7 17 16 11 10 14 16 10 17 8 3 6 4 9 6 4 2 22 26 24 23 20 21 19 25 31 
Beneficio: 136
d 7 17 16 11 10 14 16 10 17 8 3 6 4 9 6 4 2 27 22 24 26 22 26 20 25 21 31 36 34 35 13 12 32 
Beneficio: 150
d 7 17 16 11 10 14 16 10 17 8 3 6 4 9 6 4 2 27 22 26 20 25 31 36 30 35 34 12 13 
Beneficio: 214
d 7 17 16 11 10 14 16 10 17 8 3 6 4 9 6 5 27 22 26 24 23 20 25 21 31 36 30 34 12 13 35 
Beneficio: 219
d 7 17 16 11 10 14 16 10 17 8 3 6 4 9 3 4 2 27 22 26 20 23 24 19 25 21 31 36 34 30 35 34 12 
Beneficio: 147
d 7 17 16 11 10 14 16 10 17 8 3 6 4 9 3 4 2 27 22 26 20 21 25 31 36 34 35 32 13 12 
Beneficio: 181
d 7 17 16 11 10 14 16 10 17 8 3 6 4 9 3 4 2 27 22 26 24 23 31 36 30 34 35 32 15 18 12 13 
Beneficio: 190
d 7 17 16 11 10 14 16 10 17 8 3 6 4 9 3 4 2 27 22 26 22 24 23 20 25 21 31 36 30 34 35 13 32 12 
Beneficio: 132
d 7 17 16 11 10 14 16 10 17 8 3 6 4 9 3 4 2 27 22 26 24 19 21 25 20 23 31 36 30 34 12 13 32 35 
Beneficio: 190
d 7 17 16 11 10 14 16 10 17 8 3 6 4 9 3 4 2 27 22 26 20 23 24 19 21 31 36 30 35 32 12 34 
Beneficio: 116
d 7 17 16 11 10 14 16 10 17 8 3 6 4 9 3 4 2 27 22 26 24 19 21 20 23 31 36 30 34 35 13 32 15 18 
Beneficio: 153
d 7 17 16 11 10 14 16 10 17 8 3 6 4 9 3 4 2 27 22 24 23 31 36 30 35 13 12 18 15 
Beneficio: 120
d 7 17 16 11 10 14 16 10 17 8 3 6 4 9 3 4 2 27 22 24 26 20 25 31 23 
Beneficio: 199
d 7 17 16 11 10 14 16 10 17 8 3 6 4 9 3 4 2 27 22 24 23 31 36 30 34 12 13 32 15 18 33 29 
Beneficio: 107
d 7 17 16 11 10 14 16 10 17 8 3 6 4 9 3 4 2 27 22 24 26 20 25 21 31 36 34 12 13 35 32 
Beneficio: 149
d 7 17 16 11 10 14 16 10 17 8 3 6 4 9 3 4 2 22 26 20 25 31 36 34 30 36 34 35 32 12 13 
Beneficio: 168
d 7 17 16 11 10 14 16 10 17 8 3 6 4 9 3 4 2 22 26 24 19 21 31 36 30 34 12 13 35 32 
Beneficio: 114
d 7 17 16 11 10 14 16 10 17 8 3 6 4 9 3 4 2 22 26 24 23 20 25 21 31 36 30 35 32 12 13 
Beneficio: 115
d 7 17 16 11 10 14 16 10 17 8 3 6 4 9 3 4 2 22 24 26 20 21 25 31 36 30 35 32 12 
Beneficio: 167
d 7 17 16 11 10 14 16 10 17 8 3 6 4 9 3 4 2 27 22 26 24 23 20 25 21 31 36 30 34 35 32 
Beneficio: 219
d 7 17 16 11 10 14 16 10 17 8 3 6 4 9 3 4 2 27 22 26 20 23 24 19 21 31 36 34 35 30 34 12 13 
Beneficio: 206
d 7 17 16 11 10 14 16 10 17 8 3 6 4 9 3 4 2 27 22 26 23 24 26 20 25 31 36 30 34 
Beneficio: 121
d 7 17 16 11 10 14 16 10 17 8 3 6 4 9 3 4 2 27 22 24 26 20 25 21 31 36 34 30 35 32 15 18 
Beneficio: 128
d 7 17 16 11 10 14 16 10 17 8 3 6 4 9 3 4 2 27 22 24 26 20 25 21 31 36 30 35 13 12 
Beneficio: 140
d 7 17 16 11 10 14 16 10 17 8 3 6 4 9 3 4 2 27 22 26 20 23 31 36 34 12 13 30 35 32 15 
Beneficio: 181
d 7 17 16 11 10 14 16 10 17 8 3 6 4 9 3 4 2 27 22 26 24 23 20 26 22 24 19 21 31 36 34 35 32 12 13 
Beneficio: 161
d 7 17 16 11 10 14 16 10 17 8 3 6 4 9 3 4 2 27 22 26 24 23 20 25 21 19 36 34 12 32 15 18 
Beneficio: 208
d 7 17 16 11 10 14 16 10 17 8 3 6 4 9 3 4 2 27 22 26 24 23 20 26 22 24 19 21 31 36 30 34 35 32 
Beneficio: 156
d 7 17 16 11 10 14 16 10 17 8 3 6 4 9 3 4 2 27 22 26 23 20 21 19 36 30 34 35 32 15 
Beneficio: 171
d 7 17 16 11 10 14 16 10 17 8 3 6 4 9 3 4 2 27 22 26 20 23 24 19 36 30 34 12 13 32 35 
Beneficio: 164
d 7 17 16 11 10 14 16 10 17 8 3 6 4 9 3 4 2 27 22 24 23 20 26 24 19 36 30 35 32 12 13 
Beneficio: 143
d 7 17 16 11 10 14 16 10 17 8 3 6 4 9 3 4 2 27 22 24 26 20 25 19 21 31 36 30 35 34 30 13 
Beneficio: 195
d 7 17 16 11 10 14 16 10 17 8 3 6 4 9 3 4 2 27 22 24 23 20 25 31 36 30 35 13 
Beneficio: 118
d 7 17 16 11 10 14 16 10 17 8 3 6 4 9 3 4 2 27 22 24 26 20 25 31 36 34 12 13 32 15 18 
Beneficio: 149
d 7 17 16 11 10 14 16 10 17 8 3 6 4 9 3 4 2 22 26 20 25 21 31 36 34 30 35 32 13 12 
Beneficio: 136
d 7 17 16 11 10 14 16 10 17 8 3 6 4 9 3 4 2 22 26 24 19 21 25 20 23 31 36 30 34 12 13 32 
Beneficio: 154
d 7 17 16 11 10 14 16 10 17 8 3 6 4 9 3 4 2 22 26 23 24 19 21 31 36 30 34 35 32 
Beneficio: 152
d 7 17 16 11 10 14 16 10 17 8 3 6 4 9 3 4 2 27 22 26 20 25 21 31 36 30 34 12 32 13 
Beneficio: 177
d 7 17 16 11 10 14 16 10 17 8 3 6 4 9 3 4 2 27 22 24 26 22 24 23 20 21 25 31 36 30 
Beneficio: 186
d 7 17 16 11 10 14 16 10 17 8 3 6 4 9 3 4 2 27 22 26 24 23 20 25 21 31 36 30 34 35 13 32 
Beneficio: 137
d 7 17 16 11 10 14 16 10 17 8 3 6 4 9 3 4 2 27 22 24 23 20 25 21 31 36 34 30 35 32 
Beneficio: 135
d 7 17 16 11 10 14 16 10 17 8 3 6 4 9 3 4 2 22 26 23 31 21 19 36 30 35 34 30 
Beneficio: 209
d 7 17 16 11 10 14 16 10 17 8 3 6 4 9 3 4 2 27 22 26 20 23 24 19 21 31 36 30 34 12 13 35 
Beneficio: 184
d 7 17 16 11 10 14 16 10 17 8 3 6 4 9 3 4 2 27 22 26 24 23 20 25 21 31 36 30 35 13 12 34 
Beneficio: 199
d 7 17 16 11 10 14 16 10 17 8 3 6 4 9 3 4 2 27 22 26 24 23 20 21 31 36 34 30 35 13 12 
Beneficio: 138
d 7 17 16 11 10 14 16 10 17 8 3 6 4 9 3 4 2 27 22 26 24 23 20 25 31 36 34 12 13 35 32 
Beneficio: 173
d 7 17 16 11 10 14 16 10 17 8 3 6 4 9 3 4 2 27 22 24 26 20 23 24 19 21 25 31 36 30 35 13 12 
Beneficio: 136
d 7 17 16 11 10 14 16 10 17 8 3 6 4 9 3 4 2 27 22 24 26 20 25 21 19 36 30 34 35 13 12 
Beneficio: 214
d 7 17 16 11 10 14 16 10 17 8 3 6 4 9 3 4 2 22 26 24 23 31 36 30 35 32 12 
Beneficio: 164
d 7 17 16 11 10 14 16 10 17 8 3 6 4 9 3 4 2 22 24 26 20 23 24 19 21 31 36 30 34 35 
Beneficio: 161
d 7 17 16 11 10 14 16 10 17 8 3 6 4 9 3 4 2 27 22 26 20 25 19 21 31 36 30 13 12 34 
Beneficio: 159
d 7 17 16 11 10 14 16 10 17 8 3 6 4 9 3 4 2 22 26 24 23 20 25 21 31 36 30 35 13 12 34 
Beneficio: 156
d 7 17 16 11 10 14 16 10 17 8 3 6 4 9 3 4 2 27 22 26 20 21 19 36 30 34 12 13 35 
Beneficio: 144
d 7 17 16 11 10 14 16 10 17 8 3 6 4 9 3 4 2 27 22 26 24 19 21 31 36 30 35 13 12 34 
Beneficio: 136
d 7 17 16 11 10 14 16 10 17 8 3 6 4 9 3 4 2 27 22 26 20 25 21 31 36 34 30 36 34 35 32 13 
Beneficio: 163
d 7 17 16 11 10 14 16 10 17 8 3 6 4 9 3 4 2 27 22 24 23 20 25 21 19 36 30 34 12 
Beneficio: 150
d 7 17 16 11 10 14 16 10 17 8 3 6 4 9 3 4 2 27 22 24 23 26 20 21 19 36 34 35 13 12 
Beneficio: 150
d 7 17 16 11 10 14 16 10 17 8 3 6 4 9 3 4 2 22 26 20 25 21 31 36 34 30 36 34 12 32 
Beneficio: 132
d 7 17 16 11 10 14 16 10 17 8 3 6 4 9 3 4 2 22 24 23 20 25 31 36 30 35 32 13 12 34 
Beneficio: 161
d 7 17 16 11 10 14 16 10 17 8 3 6 4 9 3 4 2 27 22 26 20 21 19 36 30 35 34 12 13 32 15 
Beneficio: 116
d 7 17 16 11 10 14 16 10 17 8 3 6 4 9 3 4 2 22 26 20 25 19 21 31 36 30 34 12 
Beneficio: 210
d 7 17 16 11 10 14 16 10 17 8 3 6 4 9 4 2 27 22 26 20 21 19 24 23 31 36 30 35 13 32 12 34 
Beneficio: 200
d 7 17 16 11 10 14 16 10 17 8 3 6 4 9 4 2 27 22 26 24 23 26 20 25 19 21 31 36 30 34 12 13 35 32 
Beneficio: 194
d 7 17 16 11 10 14 16 10 17 8 3 6 4 9 4 2 27 22 26 23 24 26 20 21 25 31 36 30 13 12 32 
Beneficio: 168
d 7 17 16 11 10 14 16 10 17 8 3 6 4 9 4 2 27 22 26 24 23 31 36 34 30 35 13 12 
Beneficio: 122
d 7 17 16 11 10 14 16 10 17 8 3 6 4 9 4 2 27 22 24 26 20 21 31 36 30 34 35 32 15 18 
Beneficio: 83
d 7 17 16 11 10 14 16 10 17 8 3 6 4 9 4 2 27 28 33 18 15 32 35 13 12 34 30 36 
Beneficio: 176
d 7 17 16 11 10 14 16 10 17 8 3 6 4 9 4 2 22 26 23 24 26 20 25 21 19 36 30 35 32 12 13 
Beneficio: 131
d 7 17 16 11 10 14 16 10 17 8 3 6 4 9 4 2 27 22 26 24 19 25 21 31 36 34 
Beneficio: 189
d 7 17 16 11 10 14 16 10 17 8 3 6 4 9 4 2 27 22 26 24 23 20 21 31 36 30 34 12 13 35 32 15 18 
Beneficio: 192
d 7 17 16 11 10 14 16 10 17 8 3 6 4 9 2 27 22 26 20 25 21 19 24 23 31 36 30 35 13 32 12 
Beneficio: 123
d 7 17 16 11 10 14 16 10 17 8 3 6 4 9 2 27 22 24 26 20 25 31 36 30 35 32 13 12 
Beneficio: 159
d 7 17 16 11 10 14 16 10 17 8 3 6 4 3 9 4 2 27 22 26 20 25 21 31 36 34 30 35 13 
Beneficio: 160
d 7 17 16 11 10 14 16 10 17 8 3 6 4 3 9 4 2 27 22 26 20 21 25 31 36 30 34 35 32 12 18 
Beneficio: 207
d 7 17 16 11 10 14 16 10 17 8 3 6 4 3 9 4 2 27 22 26 24 23 20 25 21 31 36 30 35 13 12 
Beneficio: 162
d 7 17 16 11 10 14 16 10 17 8 3 6 4 3 9 4 2 27 22 26 24 23 20 25 31 36 30 35 32 15 
Beneficio: 140
d 7 17 16 11 10 14 16 10 17 8 3 6 4 3 9 4 2 27 22 26 22 24 19 21 31 36 30 35 13 12 
Beneficio: 180
d 7 17 16 11 10 14 16 10 17 8 3 6 4 3 9 4 2 27 22 26 23 24 19 21 31 36 30 35 34 12 32 15 18 
Beneficio: 118
d 7 17 16 11 10 14 16 10 17 8 3 6 4 3 9 4 2 27 22 26 20 25 21 19 36 30 35 13 12 32 
Beneficio: 90
d 7 17 16 11 10 14 16 10 17 8 3 6 4 3 9 4 2 27 22 26 24 19 25 21 31 36 30 34 35 
Beneficio: 196
d 7 17 16 11 10 14 16 10 17 8 3 6 4 3 9 4 2 27 22 24 26 22 26 20 23 31 21 25 19 
Beneficio: 137
d 7 17 16 11 10 14 16 10 17 8 3 6 4 3 9 4 2 27 22 24 26 20 21 31 36 30 34 12 13 32 
Beneficio: 155
d 7 17 16 11 10 14 16 10 17 8 3 6 4 3 9 4 2 27 22 24 26 22 26 20 25 21 31 36 30 34 12 32 
Beneficio: 121
d 7 17 16 11 10 14 16 10 17 8 3 6 4 3 9 4 2 27 22 24 19 25 20 23 31 36 30 35 34 12 13 
Beneficio: 191
d 7 17 16 11 10 14 16 10 17 8 3 6 4 3 9 4 2 22 26 20 21 19 24 23 31 36 30 34 35 13 
Beneficio: 143
d 7 17 16 11 10 14 16 10 17 8 3 6 4 3 9 4 2 22 26 24 23 20 21 31 36 30 35 34 12 13 32 
Beneficio: 144
d 7 17 16 11 10 14 16 10 17 8 3 6 4 3 9 4 2 22 24 26 22 26 20 25 21 31 36 30 35 13 12 
Beneficio: 150
d 7 17 16 11 10 14 16 10 17 8 3 6 4 3 9 4 2 27 22 26 20 23 31 25 21 19 36 30 13 
Beneficio: 119
d 7 17 16 11 10 14 16 10 17 8 3 6 4 3 9 4 2 27 22 24 26 20 25 21 31 36 34 30 35 13 12 32 
Beneficio: 165
d 7 17 16 11 10 14 16 10 17 8 3 6 4 3 9 4 6 9 2 27 22 26 20 23 24 26 23 31 36 30 35 32 12 
Beneficio: 182
d 7 17 16 11 10 14 16 10 17 8 3 6 4 3 9 4 6 9 2 27 22 26 24 23 20 25 21 31 36 30 35 32 13 12 34 
Beneficio: 139
d 7 17 16 11 10 14 16 10 17 8 3 6 4 3 9 4 2 27 22 26 20 25 21 31 36 34 35 32 15 
Beneficio: 140
d 7 17 16 11 10 14 16 10 17 8 3 6 4 3 9 4 2 27 22 26 22 24 19 21 31 25 
Beneficio: 128
d 7 17 16 11 10 14 16 10 17 8 3 6 4 3 9 4 2 27 22 24 19 21 31 36 30 34 12 13 32 15 
Beneficio: 97
d 7 17 16 11 10 14 16 10 17 8 3 6 4 3 9 4 2 22 24 19 36 30 34 35 13 12 32 15 18 
Beneficio: 166
d 7 17 16 11 10 14 16 10 17 8 3 6 4 3 9 4 9 2 27 22 24 26 20 23 24 19 21 31 36 30 35 34 12 
Beneficio: 116
d 7 17 16 11 10 14 16 10 17 8 3 6 4 3 9 2 27 22 26 20 23 24 19 21 31 36 34 30 35 32 13 12 
Beneficio: 80
d 7 17 16 11 10 14 16 10 17 8 3 6 4 3 9 2 27 22 26 20 25 19 21 31 36 34 12 13 35 32 15 18 
Beneficio: 120
d 7 17 16 11 10 14 16 10 17 8 3 6 4 3 9 2 27 22 26 24 23 20 25 21 31 36 30 35 34 12 13 32 15 
Beneficio: 84
d 7 17 16 11 10 14 16 10 17 8 3 6 4 3 9 2 27 22 26 24 19 25 31 36 30 35 13 12 32 
Beneficio: 125
d 7 17 16 11 10 14 16 10 17 8 3 6 4 3 9 2 27 22 26 24 23 20 21 19 36 34 12 13 32 
Beneficio: 82
d 7 17 16 11 10 14 16 10 17 8 3 6 4 3 9 2 27 22 26 23 31 36 30 34 35 32 13 12 18 
Beneficio: 59
d 7 17 16 11 10 14 16 10 17 8 3 6 4 3 9 2 27 22 26 20 21 25 31 36 34 30 35 32 12 13 
Beneficio: 138
d 7 17 16 11 10 14 16 10 17 8 3 6 4 3 9 2 27 22 26 23 24 26 20 21 25 31 36 30 34 35 30 
Beneficio: 100
d 7 17 16 11 10 14 16 10 17 8 3 6 4 3 9 2 27 22 24 26 22 26 20 25 19 21 31 36 30 34 12 32 35 13 
Beneficio: 75
d 7 17 16 11 10 14 16 10 17 8 3 6 4 3 9 2 27 22 24 26 20 23 31 36 34 30 36 34 12 13 35 
Beneficio: 83
d 7 17 16 11 10 14 16 10 17 8 3 6 4 3 9 2 27 22 24 23 20 25 21 31 36 30 34 35 13 12 32 15 
Beneficio: 69
d 7 17 16 11 10 14 16 10 17 8 3 6 4 3 9 2 27 22 24 26 20 21 31 36 34 30 36 34 12 32 15 18 
Beneficio: 76
d 7 17 16 11 10 14 16 10 17 8 3 6 4 3 9 2 22 26 20 25 19 21 31 36 30 35 13 12 18 
Beneficio: 126
d 7 17 16 11 10 14 16 10 17 8 3 6 4 3 9 2 22 26 24 23 26 20 21 31 36 30 35 34 30 
Beneficio: 37
d 7 17 16 11 10 14 16 10 17 8 3 6 4 3 9 2 22 26 20 21 25 31 36 34 35 30 34 12 13 
Beneficio: 74
d 7 17 16 11 10 14 16 10 17 8 3 6 4 3 9 2 22 24 23 20 25 21 31 36 30 34 12 13 32 15 18 
Beneficio: 72
d 7 17 16 11 10 14 16 10 17 8 3 6 4 3 9 2 27 22 26 24 19 25 21 31 36 30 35 32 12 34 
Beneficio: 37
d 7 17 16 11 10 14 16 10 17 8 3 6 4 3 9 2 22 26 20 23 31 36 34 35 32 12 13 
Beneficio: 172
d 7 17 16 11 10 14 16 10 17 8 3 6 4 3 9 4 2 27 22 26 20 21 25 19 36 30 13 32 
Beneficio: 167
d 7 17 16 11 10 14 16 10 17 8 3 6 4 3 9 4 2 27 22 26 24 23 31 25 21 19 36 30 34 35 13 12 
Beneficio: 170
d 7 17 16 11 10 14 16 10 17 8 3 6 4 3 9 4 2 27 22 26 24 19 25 21 31 36 34 30 36 
Beneficio: 88
d 7 17 16 11 10 14 16 10 17 8 3 6 4 3 9 4 2 27 22 26 24 19 21 31 36 34 30 35 
Beneficio: 132
d 7 17 16 11 10 14 16 10 17 8 3 6 4 3 9 4 2 27 22 24 26 23 31 36 30 34 12 13 35 32 15 18 
Beneficio: 105
d 7 17 16 11 10 14 16 10 17 8 3 6 4 3 9 4 2 27 22 24 26 23 31 36 30 34 
Beneficio: 166
d 7 17 16 11 10 14 16 10 17 8 3 6 4 3 9 4 2 22 26 22 24 23 31 36 30 35 13 12 32 15 18 
Beneficio: 203
d 7 17 16 11 10 14 16 10 17 8 3 6 4 3 9 4 2 27 22 26 20 25 21 31 36 30 34 35 32 
Beneficio: 116
d 7 17 16 11 10 14 16 10 17 8 3 6 4 3 9 4 6 9 2 27 22 26 20 25 21 31 36 30 34 12 32 
Beneficio: 170
d 7 17 16 11 10 14 16 10 17 8 3 6 4 3 9 4 2 27 22 26 24 23 20 25 31 36 34 30 35 13 
Beneficio: 157
d 7 17 16 11 10 14 16 10 17 8 3 6 4 3 9 4 2 22 24 26 22 24 23 31 36 30 35 34 12 13 
Beneficio: 131
d 7 17 16 11 10 14 16 10 17 8 3 6 4 3 9 2 27 22 26 20 23 24 19 21 25 31 36 30 34 35 32 15 
Beneficio: 116
d 7 17 16 11 10 14 16 10 17 8 3 6 4 3 9 2 27 22 26 24 23 20 25 21 19 36 30 35 34 12 32 13 
Beneficio: 117
d 7 17 16 11 10 14 16 10 17 8 3 6 4 3 9 2 27 22 26 22 24 23 20 25 21 31 36 30 35 13 12 34 
Beneficio: 90
d 7 17 16 11 10 14 16 10 17 8 3 6 4 3 9 2 27 22 26 20 23 24 19 21 31 36 34 35 13 12 
Beneficio: 89
d 7 17 16 11 10 14 16 10 17 8 3 6 4 3 9 2 27 22 24 23 20 21 31 36 30 13 35 32 12 
Beneficio: 107
d 7 17 16 11 10 14 16 10 17 8 3 6 4 3 9 2 27 22 24 23 20 21 25 31 36 30 13 
Beneficio: 43
d 7 17 16 11 10 14 16 10 17 8 3 6 4 3 9 2 27 22 24 26 20 25 21 31 36 30 
Beneficio: 30
d 7 17 16 11 10 14 16 10 17 8 3 6 4 3 9 2 22 26 20 25 21 31 36 34 12 13 32 35 
Beneficio: 69
d 7 17 16 11 10 14 16 10 17 8 3 6 4 3 9 2 27 22 26 24 19 21 31 36 30 35 34 12 
Beneficio: 148
d 7 17 16 11 10 14 16 10 17 8 3 6 4 3 9 4 3 6 9 2 27 22 26 24 19 21 25 31 36 30 34 12 32 
Beneficio: 149
d 7 17 16 11 10 14 16 10 17 8 3 6 4 3 9 4 3 6 9 2 27 22 26 24 19 25 21 31 36 30 34 12 13 35 32 
Beneficio: 179
d 7 17 16 11 10 14 16 10 17 8 3 6 4 3 9 4 3 9 2 27 22 26 24 23 20 21 31 36 30 35 34 12 13 32 15 18 
Beneficio: 154
d 7 17 16 11 10 14 16 10 17 8 3 6 4 3 9 4 2 27 22 26 20 25 19 21 31 36 30 35 34 12 32 13 
Beneficio: 192
d 7 17 16 11 10 14 16 10 17 8 3 6 4 3 9 4 2 27 22 26 20 25 21 31 36 30 35 34 12 13 32 15 18 
Beneficio: 206
d 7 17 16 11 10 14 16 10 17 8 3 6 4 3 9 4 2 27 22 26 24 23 20 21 19 36 30 35 34 12 32 13 
Beneficio: 124
d 7 17 16 11 10 14 16 10 17 8 3 6 4 3 9 4 2 27 22 26 24 19 21 25 31 36 30 35 34 12 32 
Beneficio: 195
d 7 17 16 11 10 14 16 10 17 8 3 6 4 3 9 4 2 27 22 26 24 23 20 25 21 31 36 34 12 
Beneficio: 146
d 7 17 16 11 10 14 16 10 17 8 3 6 4 3 9 4 2 27 22 26 20 25 19 21 31 36 30 34 12 32 
Beneficio: 149
d 7 17 16 11 10 14 16 10 17 8 3 6 4 3 9 4 2 27 22 26 24 23 20 21 25 31 36 30 35 13 12 
Beneficio: 185
d 7 17 16 11 10 14 16 10 17 8 3 6 4 3 9 4 2 27 22 24 23 31 36 34 30 35 13 12 32 
Beneficio: 144
d 7 17 16 11 10 14 16 10 17 8 3 6 4 3 9 4 2 27 22 24 26 20 25 21 31 36 34 30 13 12 
Beneficio: 149
d 7 17 16 11 10 14 16 10 17 8 3 6 4 3 9 4 2 27 22 24 23 20 21 31 36 30 35 34 
Beneficio: 97
d 7 17 16 11 10 14 16 10 17 8 3 6 4 3 9 4 2 27 22 24 19 21 25 31 36 30 34 35 30 
Beneficio: 141
d 7 17 16 11 10 14 16 10 17 8 3 6 4 3 9 4 2 22 26 20 25 21 31 36 34 35 30 34 12 13 32 
Beneficio: 182
d 7 17 16 11 10 14 16 10 17 8 3 6 4 3 9 4 2 22 26 23 24 26 20 25 21 31 36 30 35 32 12 13 
Beneficio: 109
d 7 17 16 11 10 14 16 10 17 8 3 6 4 3 9 4 2 22 24 26 20 25 31 36 30 13 12 32 35 34 
Beneficio: 174
d 7 17 16 11 10 14 16 10 17 8 3 6 4 3 9 4 2 27 22 26 24 23 31 36 34 30 35 32 12 13 
Beneficio: 163
d 7 17 16 11 10 14 16 10 17 8 3 6 4 3 9 4 6 9 2 27 22 26 20 25 21 31 36 34 12 13 35 30 
Beneficio: 144
d 7 17 16 11 10 14 16 10 17 8 3 6 4 3 9 4 6 9 2 22 26 20 25 21 31 36 30 35 13 12 34 
Beneficio: 140
d 7 17 16 11 10 14 16 10 17 8 3 6 4 3 9 4 6 9 2 27 22 24 26 20 23 31 36 30 35 34 12 
Beneficio: 191
d 7 17 16 11 10 14 16 10 17 8 3 6 4 3 9 4 2 27 22 26 24 23 20 21 31 36 30 35 32 13 12 34 
Beneficio: 168
d 7 17 16 11 10 14 16 10 17 8 3 6 4 3 9 4 2 27 22 24 23 20 25 21 31 36 30 34 12 13 32 
Beneficio: 133
d 7 17 16 11 10 14 16 10 17 8 3 6 4 3 9 4 2 22 24 23 20 25 21 31 36 30 35 34 12 13 
Beneficio: 149
d 7 17 16 11 10 14 16 10 17 8 3 6 4 3 9 4 9 2 27 22 24 23 31 36 30 34 35 32 13 12 
Beneficio: 116
d 7 17 16 11 10 14 16 10 17 8 3 6 4 3 9 2 27 22 26 20 23 24 19 25 21 31 36 34 12 32 35 13 30 
Beneficio: 112
d 7 17 16 11 10 14 16 10 17 8 3 6 4 3 9 2 27 22 26 20 25 31 36 34 35 13 12 
Beneficio: 125
d 7 17 16 11 10 14 16 10 17 8 3 6 4 3 9 2 27 22 26 24 23 20 21 31 36 30 34 35 32 13 12 18 
Beneficio: 77
d 7 17 16 11 10 14 16 10 17 8 3 6 4 3 9 2 27 22 26 24 19 25 20 21 31 36 30 13 35 32 12 
Beneficio: 109
d 7 17 16 11 10 14 16 10 17 8 3 6 4 3 9 2 27 22 26 24 23 20 21 31 36 34 12 13 35 32 
Beneficio: 76
d 7 17 16 11 10 14 16 10 17 8 3 6 4 3 9 2 27 22 26 20 25 21 31 36 30 35 34 12 32 
Beneficio: 70
d 7 17 16 11 10 14 16 10 17 8 3 6 4 3 9 2 27 22 26 24 23 31 36 34 12 32 13 30 35 
Beneficio: 129
d 7 17 16 11 10 14 16 10 17 8 3 6 4 3 9 2 27 22 24 23 20 25 21 31 36 30 34 12 13 32 15 
Beneficio: 77
d 7 17 16 11 10 14 16 10 17 8 3 6 4 3 9 2 27 22 24 26 20 21 31 36 30 35 13 12 18 15 
Beneficio: 71
d 7 17 16 11 10 14 16 10 17 8 3 6 4 3 9 2 27 22 24 23 20 21 19 36 30 35 34 12 13 
Beneficio: 68
d 7 17 16 11 10 14 16 10 17 8 3 6 4 3 9 2 27 22 24 26 20 21 25 31 36 30 13 12 
Beneficio: 75
d 7 17 16 11 10 14 16 10 17 8 3 6 4 3 9 2 22 26 20 25 21 31 36 30 34 12 13 32 15 18 
Beneficio: 107
d 7 17 16 11 10 14 16 10 17 8 3 6 4 3 9 2 22 26 24 23 31 25 21 19 36 30 35 34 12 32 15 18 
Beneficio: 50
d 7 17 16 11 10 14 16 10 17 8 3 6 4 3 9 2 22 26 20 21 31 36 30 34 35 30 13 12 
Beneficio: 89
d 7 17 16 11 10 14 16 10 17 8 3 6 4 3 9 2 22 24 26 22 26 20 25 21 19 36 30 35 13 12 
Beneficio: 61
d 7 17 16 11 10 14 16 10 17 8 3 6 4 3 9 2 27 22 26 20 25 21 19 36 30 34 12 32 35 
Beneficio: 165
d 7 17 16 11 10 14 16 10 17 8 3 6 4 3 9 4 3 6 9 2 27 22 26 20 25 21 31 36 30 34 35 13 12 32 15 18 
Beneficio: 137
d 7 17 16 11 10 14 16 10 17 8 3 6 4 3 9 4 3 9 2 27 22 26 20 23 31 36 30 34 12 13 
Beneficio: 181
d 7 17 16 11 10 14 16 10 17 8 3 6 4 3 9 4 2 27 22 26 20 21 31 36 30 35 13 12 32 15 18 33 
Beneficio: 193
d 7 17 16 11 10 14 16 10 17 8 3 6 4 3 9 4 2 27 22 26 24 23 26 20 21 31 36 30 34 35 32 13 
Beneficio: 133
d 7 17 16 11 10 14 16 10 17 8 3 6 4 3 9 4 2 27 22 26 23 20 25 21 31 36 30 35 32 13 
Beneficio: 132
d 7 17 16 11 10 14 16 10 17 8 3 6 4 3 9 4 2 27 22 24 23 20 25 21 31 36 34 12 13 35 
Beneficio: 155
d 7 17 16 11 10 14 16 10 17 8 3 6 4 3 9 4 2 27 22 24 23 20 25 21 19 36 30 34 12 
Beneficio: 195
d 7 17 16 11 10 14 16 10 17 8 3 6 4 3 9 4 2 22 26 20 23 31 36 30 35 13 12 32 15 18 33 28 33 29 
Beneficio: 160
d 7 17 16 11 10 14 16 10 17 8 3 6 4 3 9 4 2 22 24 26 20 23 24 19 36 30 34 35 32 12 13 
Beneficio: 175
d 7 17 16 11 10 14 16 10 17 8 3 6 4 3 9 4 6 9 2 27 22 26 20 25 21 19 36 30 34 12 13 32 
Beneficio: 167
d 7 17 16 11 10 14 16 10 17 8 3 6 4 3 9 4 2 27 22 26 20 25 31 36 30 13 12 34 
Beneficio: 141
d 7 17 16 11 10 14 16 10 17 8 3 6 4 3 9 4 2 22 26 20 21 19 36 34 35 30 34 12 
Beneficio: 119
d 7 17 16 11 10 14 16 10 17 8 3 6 4 3 9 2 27 22 26 20 25 19 24 23 31 36 34 30 35 32 12 13 
Beneficio: 131
d 7 17 16 11 10 14 16 10 17 8 3 6 4 3 9 2 27 22 26 24 23 20 25 21 31 36 30 34 12 32 35 13 
Beneficio: 152
d 7 17 16 11 10 14 16 10 17 8 3 6 4 3 9 2 27 22 26 24 23 20 26 22 24 19 36 30 34 35 30 
Beneficio: 86
d 7 17 16 11 10 14 16 10 17 8 3 6 4 3 9 2 27 22 26 20 25 21 19 36 30 35 13 
Beneficio: 77
d 7 17 16 11 10 14 16 10 17 8 3 6 4 3 9 2 27 22 24 26 22 26 20 21 31 36 30 34 35 13 
Beneficio: 75
d 7 17 16 11 10 14 16 10 17 8 3 6 4 3 9 2 27 22 24 26 20 25 21 31 36 30 35 32 
Beneficio: 59
d 7 17 16 11 10 14 16 10 17 8 3 6 4 3 9 2 22 26 20 21 31 36 34 35 13 32 15 18 
Beneficio: 61
d 7 17 16 11 10 14 16 10 17 8 3 6 4 3 9 2 22 24 23 20 25 21 31 36 34 30 35 13 
Beneficio: 198
d 7 17 16 11 10 14 16 10 17 8 3 6 4 2 9 4 3 6 5 27 22 26 24 23 20 21 31 36 34 30 36 
Beneficio: 165
d 7 17 16 11 10 14 16 10 17 8 3 6 4 2 9 4 2 27 22 26 20 25 21 31 36 30 34 35 13 12 
Beneficio: 205
d 7 17 16 11 10 14 16 10 17 8 3 6 4 2 9 4 2 27 22 26 20 21 25 19 24 23 31 36 30 34 12 32 15 18 
Beneficio: 182
d 7 17 16 11 10 14 16 10 17 8 3 6 4 2 9 4 2 27 22 26 24 23 20 21 25 31 36 34 30 36 
Beneficio: 152
d 7 17 16 11 10 14 16 10 17 8 3 6 4 2 9 4 2 27 22 26 24 19 21 31 36 30 13 32 12 34 
Beneficio: 175
d 7 17 16 11 10 14 16 10 17 8 3 6 4 2 9 4 2 27 22 26 24 23 20 26 24 19 25 21 31 36 30 34 35 32 12 13 
Beneficio: 155
d 7 17 16 11 10 14 16 10 17 8 3 6 4 2 9 4 2 27 22 24 23 20 25 21 31 36 30 35 32 13 12 
Beneficio: 149
d 7 17 16 11 10 14 16 10 17 8 3 6 4 2 9 4 2 27 22 24 23 20 25 19 36 30 13 12 32 
Beneficio: 131
d 7 17 16 11 10 14 16 10 17 8 3 6 4 2 9 4 2 27 28 33 18 12 13 35 34 30 36 
Beneficio: 137
d 7 17 16 11 10 14 16 10 17 8 3 6 4 2 9 4 2 22 26 24 19 21 31 36 30 13 12 32 35 34 
Beneficio: 157
d 7 17 16 11 10 14 16 10 17 8 3 6 4 2 9 4 2 22 24 23 20 26 24 19 21 31 36 30 34 35 32 15 
Beneficio: 165
d 7 17 16 11 10 14 16 10 17 8 3 6 4 2 9 4 2 22 26 20 25 21 31 36 30 35 13 12 
Beneficio: 105
d 7 17 16 11 10 14 16 10 17 8 3 6 4 2 9 6 5 27 22 26 20 25 19 21 31 36 30 34 12 13 32 35 
Beneficio: 74
d 7 17 16 11 10 14 16 10 17 8 3 6 4 2 27 22 26 20 25 21 19 36 34 35 30 13 12 32 15 18 
Beneficio: 106
d 7 17 16 11 10 14 16 10 17 8 3 6 4 2 27 22 26 20 25 31 36 34 30 35 13 12 32 15 18 33 29 
Beneficio: 157
d 7 17 16 11 10 14 16 10 17 8 3 6 4 2 27 22 26 20 23 24 19 25 31 36 34 30 35 32 12 13 
Beneficio: 74
d 7 17 16 11 10 14 16 10 17 8 3 6 4 2 27 22 26 20 23 31 21 19 36 34 12 13 35 32 
Beneficio: 74
d 7 17 16 11 10 14 16 10 17 8 3 6 4 2 27 22 26 20 21 19 25 31 36 34 12 13 30 35 
Beneficio: 137
d 7 17 16 11 10 14 16 10 17 8 3 6 4 2 27 22 26 20 25 21 19 36 34 30 35 34 12 32 15 
Beneficio: 133
d 7 17 16 11 10 14 16 10 17 8 3 6 4 2 27 22 26 20 21 31 23 24 19 36 34 30 35 32 12 13 
Beneficio: 135
d 7 17 16 11 10 14 16 10 17 8 3 6 4 2 27 22 26 24 23 20 26 22 24 19 21 31 36 30 35 13 32 
Beneficio: 127
d 7 17 16 11 10 14 16 10 17 8 3 6 4 2 27 22 26 24 23 20 25 19 21 31 36 30 34 35 30 13 12 32 15 18 
Beneficio: 150
d 7 17 16 11 10 14 16 10 17 8 3 6 4 2 27 22 26 24 23 20 25 21 31 36 30 35 32 13 12 34 
Beneficio: 154
d 7 17 16 11 10 14 16 10 17 8 3 6 4 2 27 22 26 24 23 31 36 34 30 35 32 15 18 33 29 
Beneficio: 119
d 7 17 16 11 10 14 16 10 17 8 3 6 4 2 27 22 26 24 23 26 20 25 21 31 36 34 12 13 35 32 
Beneficio: 121
d 7 17 16 11 10 14 16 10 17 8 3 6 4 2 27 22 26 24 23 20 21 25 31 36 30 34 12 13 
Beneficio: 107
d 7 17 16 11 10 14 16 10 17 8 3 6 4 2 27 22 26 24 19 25 31 36 34 30 36 34 
Beneficio: 102
d 7 17 16 11 10 14 16 10 17 8 3 6 4 2 27 22 26 24 19 25 20 21 31 36 30 35 13 12 34 
Beneficio: 135
d 7 17 16 11 10 14 16 10 17 8 3 6 4 2 27 22 26 22 24 23 20 25 21 31 36 30 35 13 12 32 15 18 
Beneficio: 85
d 7 17 16 11 10 14 16 10 17 8 3 6 4 2 27 22 26 22 24 19 36 34 35 13 
Beneficio: 79
d 7 17 16 11 10 14 16 10 17 8 3 6 4 2 27 22 26 22 24 19 21 20 25 31 36 30 35 32 15 
Beneficio: 143
d 7 17 16 11 10 14 16 10 17 8 3 6 4 2 27 22 26 24 23 20 25 19 21 31 36 30 34 35 13 32 
Beneficio: 147
d 7 17 16 11 10 14 16 10 17 8 3 6 4 2 27 22 26 24 23 31 21 19 36 30 35 34 12 32 15 18 33 28 
Beneficio: 103
d 7 17 16 11 10 14 16 10 17 8 3 6 4 2 27 22 26 24 19 21 25 31 36 34 30 36 34 12 
Beneficio: 176
d 7 17 16 11 10 14 16 10 17 8 3 6 4 2 27 22 26 23 24 26 20 25 21 31 36 34 30 36 34 35 32 15 18 33 28 
Beneficio: 132
d 7 17 16 11 10 14 16 10 17 8 3 6 4 2 27 22 26 23 24 19 21 31 36 30 34 35 32 13 12 
Beneficio: 80
d 7 17 16 11 10 14 16 10 17 8 3 6 4 2 27 22 26 23 20 25 31 36 30 34 12 13 35 32 15 18 
Beneficio: 97
d 7 17 16 11 10 14 16 10 17 8 3 6 4 2 27 22 26 23 31 36 34 35 13 32 15 18 33 29 
Beneficio: 45
d 7 17 16 11 10 14 16 10 17 8 3 6 4 2 27 22 26 20 25 21 19 36 34 35 30 13 12 
Beneficio: 91
d 7 17 16 11 10 14 16 10 17 8 3 6 4 2 27 22 26 20 23 24 19 36 34 12 13 32 15 
Beneficio: 74
d 7 17 16 11 10 14 16 10 17 8 3 6 4 2 27 22 26 20 25 21 31 36 34 30 13 32 
Beneficio: 88
d 7 17 16 11 10 14 16 10 17 8 3 6 4 2 27 22 26 20 23 24 19 25 21 31 36 30 35 34 12 13 
Beneficio: 84
d 7 17 16 11 10 14 16 10 17 8 3 6 4 2 27 22 26 24 23 20 25 21 31 36 30 13 12 32 35 34 
Beneficio: 119
d 7 17 16 11 10 14 16 10 17 8 3 6 4 2 27 22 26 24 23 20 26 24 19 21 31 36 30 34 12 13 
Beneficio: 48
d 7 17 16 11 10 14 16 10 17 8 3 6 4 2 27 22 26 24 19 21 25 31 36 30 35 32 13 12 34 
Beneficio: 118
d 7 17 16 11 10 14 16 10 17 8 3 6 4 2 27 22 26 24 23 31 36 30 35 32 13 12 18 33 28 
Beneficio: 118
d 7 17 16 11 10 14 16 10 17 8 3 6 4 2 27 22 26 23 24 26 20 25 21 31 36 34 35 30 34 12 32 
Beneficio: 78
d 7 17 16 11 10 14 16 10 17 8 3 6 4 2 27 22 26 20 21 19 24 23 31 36 30 34 12 
Beneficio: 87
d 7 17 16 11 10 14 16 10 17 8 3 6 4 2 27 22 24 23 20 25 21 19 36 30 13 12 32 
Beneficio: 116
d 7 17 16 11 10 14 16 10 17 8 3 6 4 2 27 22 24 23 20 21 25 31 36 30 34 12 13 32 15 18 33 29 
Beneficio: 123
d 7 17 16 11 10 14 16 10 17 8 3 6 4 2 27 22 24 23 26 22 24 26 20 25 31 36 30 35 34 12 32 
Beneficio: 92
d 7 17 16 11 10 14 16 10 17 8 3 6 4 2 27 22 24 23 20 21 19 25 31 36 30 35 34 12 13 
Beneficio: 90
d 7 17 16 11 10 14 16 10 17 8 3 6 4 2 27 22 24 26 22 26 20 21 31 36 30 34 12 32 13 35 
Beneficio: 136
d 7 17 16 11 10 14 16 10 17 8 3 6 4 2 27 22 24 26 22 24 23 26 20 25 21 31 36 30 35 34 12 13 
Beneficio: 70
d 7 17 16 11 10 14 16 10 17 8 3 6 4 2 27 22 24 26 20 25 31 36 34 30 36 34 35 13 12 
Beneficio: 45
d 7 17 16 11 10 14 16 10 17 8 3 6 4 2 27 22 24 26 20 25 21 19 36 30 35 34 12 32 13 
Beneficio: 75
d 7 17 16 11 10 14 16 10 17 8 3 6 4 2 27 22 24 26 23 20 25 21 31 36 30 35 34 12 13 
Beneficio: 73
d 7 17 16 11 10 14 16 10 17 8 3 6 4 2 27 22 24 26 20 25 21 31 36 30 34 35 13 12 
Beneficio: 39
d 7 17 16 11 10 14 16 10 17 8 3 6 4 2 27 22 24 19 25 20 21 31 36 34 12 32 35 30 
Beneficio: 122
d 7 17 16 11 10 14 16 10 17 8 3 6 4 2 27 22 24 23 20 26 22 26 24 19 25 21 31 36 34 12 13 
Beneficio: 107
d 7 17 16 11 10 14 16 10 17 8 3 6 4 2 27 22 24 23 20 25 19 21 31 36 30 34 35 13 
Beneficio: 155
d 7 17 16 11 10 14 16 10 17 8 3 6 4 2 27 22 24 23 31 36 30 34 12 13 35 32 15 18 33 28 33 
Beneficio: 74
d 7 17 16 11 10 14 16 10 17 8 3 6 4 2 27 22 24 23 26 24 19 36 34 12 13 35 32 
Beneficio: 142
d 7 17 16 11 10 14 16 10 17 8 3 6 4 2 27 22 24 26 22 26 20 23 24 19 25 21 31 36 30 35 34 12 13 32 
Beneficio: 130
d 7 17 16 11 10 14 16 10 17 8 3 6 4 2 27 22 24 26 22 24 23 31 21 25 19 36 30 34 12 32 15 18 
Beneficio: 52
d 7 17 16 11 10 14 16 10 17 8 3 6 4 2 27 22 24 26 20 25 31 36 34 30 13 32 
Beneficio: 111
d 7 17 16 11 10 14 16 10 17 8 3 6 4 2 27 22 24 26 20 25 19 21 31 36 30 34 35 30 13 
Beneficio: 63
d 7 17 16 11 10 14 16 10 17 8 3 6 4 2 27 22 24 26 20 25 21 31 36 34 35 13 12 18 15 
Beneficio: 68
d 7 17 16 11 10 14 16 10 17 8 3 6 4 2 27 22 24 26 23 20 25 31 36 30 34 35 13 12 32 
Beneficio: 48
d 7 17 16 11 10 14 16 10 17 8 3 6 4 2 27 22 24 19 21 20 23 31 36 30 34 12 13 
Beneficio: 27
d 7 17 16 11 10 14 16 10 17 8 3 6 4 2 27 28 33 18 12 13 35 30 34 36 
Beneficio: 101
d 7 17 16 11 10 14 16 10 17 8 3 6 4 2 27 22 26 24 23 20 21 25 31 36 30 35 32 13 12 34 
Beneficio: 30
d 7 17 16 11 10 14 16 10 17 8 3 6 4 2 27 22 26 20 25 21 19 36 30 13 12 
Beneficio: 93
d 7 17 16 11 10 14 16 10 17 8 3 6 4 2 27 22 24 23 26 20 25 21 31 36 30 35 34 12 13 
Beneficio: 69
d 7 17 16 11 10 14 16 10 17 8 3 6 4 2 22 26 20 25 19 36 30 13 35 32 12 34 
Beneficio: 92
d 7 17 16 11 10 14 16 10 17 8 3 6 4 2 22 26 20 23 31 21 19 36 34 12 13 
Beneficio: 77
d 7 17 16 11 10 14 16 10 17 8 3 6 4 2 22 26 20 25 21 31 36 34 30 13 12 32 15 18 
Beneficio: 89
d 7 17 16 11 10 14 16 10 17 8 3 6 4 2 22 26 24 23 20 25 21 31 36 34 30 35 13 32 12 18 15 
Beneficio: 103
d 7 17 16 11 10 14 16 10 17 8 3 6 4 2 22 26 24 23 31 21 25 19 36 30 34 35 13 12 
Beneficio: 68
d 7 17 16 11 10 14 16 10 17 8 3 6 4 2 22 26 24 19 21 25 31 36 30 35 32 12 13 
Beneficio: 103
d 7 17 16 11 10 14 16 10 17 8 3 6 4 2 22 26 22 24 23 20 25 21 31 36 30 13 35 34 12 32 15 18 
Beneficio: 100
d 7 17 16 11 10 14 16 10 17 8 3 6 4 2 22 26 24 23 20 25 21 19 36 34 30 35 13 32 15 
Beneficio: 77
d 7 17 16 11 10 14 16 10 17 8 3 6 4 2 22 26 24 19 21 25 31 36 30 34 35 32 12 13 
Beneficio: 58
d 7 17 16 11 10 14 16 10 17 8 3 6 4 2 22 26 23 31 21 19 36 30 13 12 32 
Beneficio: 148
d 7 17 16 11 10 14 16 10 17 8 3 6 4 2 22 26 20 23 24 22 27 28 33 18 15 32 12 34 36 30 34 
Beneficio: 58
d 7 17 16 11 10 14 16 10 17 8 3 6 4 2 22 26 20 23 31 36 30 34 12 13 32 
Beneficio: 39
d 7 17 16 11 10 14 16 10 17 8 3 6 4 2 22 26 24 19 21 25 20 23 31 36 34 12 13 
Beneficio: 158
d 7 17 16 11 10 14 16 10 17 8 3 6 4 2 22 24 23 20 26 22 27 28 29 33 18 15 32 12 34 36 
Beneficio: 78
d 7 17 16 11 10 14 16 10 17 8 3 6 4 2 22 24 23 31 21 19 36 34 35 30 34 
Beneficio: 99
d 7 17 16 11 10 14 16 10 17 8 3 6 4 2 22 24 26 22 24 23 31 21 19 36 30 35 13 12 32 15 
Beneficio: 91
d 7 17 16 11 10 14 16 10 17 8 3 6 4 2 22 24 26 20 23 24 19 36 30 34 35 13 
Beneficio: 23
d 7 17 16 11 10 14 16 10 17 8 3 6 4 2 22 24 19 21 20 25 31 36 
Beneficio: 90
d 7 17 16 11 10 14 16 10 17 8 3 6 4 2 22 24 23 31 36 34 35 30 34 12 13 32 
Beneficio: 50
d 7 17 16 11 10 14 16 10 17 8 3 6 4 2 22 24 26 20 25 21 19 36 34 35 30 34 12 32 15 18 
Beneficio: 105
d 7 17 16 11 10 14 16 10 17 8 3 6 4 2 22 24 26 20 23 24 19 36 30 34 35 13 12 32 15 
Beneficio: 104
d 7 17 16 11 10 14 16 10 17 8 3 6 4 2 27 22 26 20 25 19 21 31 36 34 30 35 13 12 
Beneficio: 155
d 7 17 16 11 10 14 16 10 17 8 3 6 4 2 27 22 26 20 25 21 19 24 23 31 36 34 35 30 34 
Beneficio: 151
d 7 17 16 11 10 14 16 10 17 8 3 6 4 2 27 22 26 24 23 31 21 19 36 30 34 12 13 32 15 18 33 28 
Beneficio: 143
d 7 17 16 11 10 14 16 10 17 8 3 6 4 2 27 22 26 22 24 23 20 26 24 19 21 31 36 30 35 13 12 
Beneficio: 88
d 7 17 16 11 10 14 16 10 17 8 3 6 4 2 27 22 26 23 20 21 31 36 34 30 36 34 35 32 
Beneficio: 105
d 7 17 16 11 10 14 16 10 17 8 3 6 4 2 27 22 26 24 23 20 21 25 31 36 30 34 35 30 13 12 32 
Beneficio: 87
d 7 17 16 11 10 14 16 10 17 8 3 6 4 2 27 22 24 23 31 21 25 19 36 34 35 30 34 12 13 
Beneficio: 70
d 7 17 16 11 10 14 16 10 17 8 3 6 4 2 27 22 24 26 20 23 31 21 19 36 30 34 35 32 12 13 
Beneficio: 51
d 7 17 16 11 10 14 16 10 17 8 3 6 4 2 27 22 24 26 20 25 21 31 36 34 12 32 15 18 
Beneficio: 81
d 7 17 16 11 10 14 16 10 17 8 3 6 4 2 27 22 24 26 22 26 20 25 21 31 36 30 34 
Beneficio: 119
d 7 17 16 11 10 14 16 10 17 8 3 6 4 2 22 26 24 23 26 20 21 31 36 34 30 35 34 12 13 
Beneficio: 38
d 7 17 16 11 10 14 16 10 17 8 3 6 4 2 22 26 23 20 25 31 36 30 34 35 
Beneficio: 150
d 7 17 16 11 10 14 16 10 17 8 3 6 4 2 9 4 2 27 22 26 20 25 21 31 36 34 30 35 13 12 32 
Beneficio: 138
d 7 17 16 11 10 14 16 10 17 8 3 6 4 2 9 4 2 27 22 26 24 23 31 36 34 30 35 32 13 12 
Beneficio: 130
d 7 17 16 11 10 14 16 10 17 8 3 6 4 2 27 22 26 20 25 21 31 36 30 34 35 13 12 32 15 18 33 29 
Beneficio: 116
d 7 17 16 11 10 14 16 10 17 8 3 6 4 2 27 22 26 20 23 24 19 21 31 36 34 30 35 13 32 15 
Beneficio: 135
d 7 17 16 11 10 14 16 10 17 8 3 6 4 2 27 22 26 20 25 21 19 24 23 31 36 34 30 13 12 32 
Beneficio: 98
d 7 17 16 11 10 14 16 10 17 8 3 6 4 2 27 22 26 24 23 20 25 19 36 34 35 13 32 15 
Beneficio: 134
d 7 17 16 11 10 14 16 10 17 8 3 6 4 2 27 22 26 24 23 26 20 21 19 36 34 35 32 12 13 
Beneficio: 120
d 7 17 16 11 10 14 16 10 17 8 3 6 4 2 27 22 26 24 19 36 30 34 12 32 35 
Beneficio: 131
d 7 17 16 11 10 14 16 10 17 8 3 6 4 2 27 22 26 24 23 20 21 19 36 30 34 12 32 13 
Beneficio: 132
d 7 17 16 11 10 14 16 10 17 8 3 6 4 2 27 22 26 23 24 26 20 23 31 36 30 34 35 13 32 15 18 
Beneficio: 97
d 7 17 16 11 10 14 16 10 17 8 3 6 4 2 27 22 26 20 23 24 19 21 25 31 36 34 30 35 13 12 
Beneficio: 97
d 7 17 16 11 10 14 16 10 17 8 3 6 4 2 27 22 26 24 23 20 21 19 25 31 36 30 34 12 13 32 15 
Beneficio: 108
d 7 17 16 11 10 14 16 10 17 8 3 6 4 2 27 22 26 23 24 26 20 23 31 36 34 12 13 32 35 
Beneficio: 131
d 7 17 16 11 10 14 16 10 17 8 3 6 4 2 27 22 24 23 26 22 26 20 25 31 36 30 35 32 13 12 
Beneficio: 108
d 7 17 16 11 10 14 16 10 17 8 3 6 4 2 27 22 24 26 20 23 24 19 21 31 36 30 34 35 32 12 13 
Beneficio: 40
d 7 17 16 11 10 14 16 10 17 8 3 6 4 2 27 22 24 19 21 31 36 30 34 35 13 12 32 15 18 
Beneficio: 92
d 7 17 16 11 10 14 16 10 17 8 3 6 4 2 27 22 24 23 26 20 25 31 36 34 12 32 13 35 
Beneficio: 81
d 7 17 16 11 10 14 16 10 17 8 3 6 4 2 27 22 24 26 20 21 31 36 34 30 36 34 12 32 15 
Beneficio: 68
d 7 17 16 11 10 14 16 10 17 8 3 6 4 2 27 22 26 20 25 21 31 36 34 35 30 34 12 13 
Beneficio: 123
d 7 17 16 11 10 14 16 10 17 8 3 6 4 2 22 26 20 23 24 19 25 21 31 36 30 34 35 13 12 32 
Beneficio: 112
d 7 17 16 11 10 14 16 10 17 8 3 6 4 2 22 26 24 23 31 21 19 36 30 35 34 12 32 
Beneficio: 128
d 7 17 16 11 10 14 16 10 17 8 3 6 4 2 22 26 23 24 26 20 21 25 31 36 30 34 12 13 
Beneficio: 104
d 7 17 16 11 10 14 16 10 17 8 3 6 4 2 22 24 23 20 26 24 19 21 31 36 30 35 32 12 13 
Beneficio: 74
d 7 17 16 11 10 14 16 10 17 8 3 6 4 2 22 24 23 31 21 25 19 36 30 34 12 13 35 
Beneficio: 139
d 7 17 16 11 10 14 16 10 17 8 3 6 4 2 27 22 26 20 21 25 19 24 23 31 36 30 34 12 32 35 
Beneficio: 97
d 7 17 16 11 10 14 16 10 17 8 3 6 4 2 27 22 24 26 22 26 20 25 21 31 36 30 34 35 13 12 32 15 18 
Beneficio: 83
d 7 17 16 11 10 14 16 10 17 8 3 6 4 9 2 27 22 26 20 25 21 31 36 34 30 35 13 32 15 18 
Beneficio: 89
d 7 17 16 11 10 14 16 10 17 8 3 6 4 9 2 27 22 26 20 25 21 31 36 34 30 35 13 32 
Beneficio: 80
d 7 17 16 11 10 14 16 10 17 8 3 6 4 9 2 27 22 26 24 19 21 31 36 34 30 36 34 12 32 35 13 
Beneficio: 99
d 7 17 16 11 10 14 16 10 17 8 3 6 4 9 2 27 22 26 23 24 19 36 30 34 35 13 12 
Beneficio: 98
d 7 17 16 11 10 14 16 10 17 8 3 6 4 9 2 27 22 26 24 23 20 21 25 31 36 30 34 35 32 13 
Beneficio: 52
d 7 17 16 11 10 14 16 10 17 8 3 6 4 9 2 27 22 24 26 23 31 36 30 34 12 32 35 
Beneficio: 57
d 7 17 16 11 10 14 16 10 17 8 3 6 4 9 2 27 22 24 26 20 25 21 19 36 34 12 13 35 
Beneficio: 104
d 7 17 16 11 10 14 16 10 17 8 3 6 4 9 2 22 26 24 23 31 25 20 21 19 36 30 34 35 32 12 13 
Beneficio: 92
d 7 17 16 11 10 14 16 10 17 8 3 6 4 9 2 22 24 26 20 25 21 31 36 30 34 35 32 12 13 
Beneficio: 159
d 7 17 16 11 10 14 16 10 17 8 3 6 9 4 6 9 2 27 22 26 20 25 21 31 36 30 13 32 35 34 
Beneficio: 200
d 7 17 16 11 10 14 16 10 17 8 3 6 9 4 6 9 2 27 22 26 20 23 24 19 25 31 36 30 35 32 13 12 34 
Beneficio: 162
d 7 17 16 11 10 14 16 10 17 8 3 6 9 4 6 9 2 27 22 26 20 21 19 25 31 36 30 34 12 
Beneficio: 217
d 7 17 16 11 10 14 16 10 17 8 3 6 9 4 6 9 2 27 22 26 20 23 24 19 25 21 31 36 30 34 12 13 
Beneficio: 163
d 7 17 16 11 10 14 16 10 17 8 3 6 9 4 6 9 2 27 22 26 24 23 20 25 19 21 31 36 30 34 12 13 32 
Beneficio: 159
d 7 17 16 11 10 14 16 10 17 8 3 6 9 4 6 9 2 27 22 26 24 23 20 21 19 36 30 35 32 12 
Beneficio: 187
d 7 17 16 11 10 14 16 10 17 8 3 6 9 4 6 9 2 27 22 26 22 24 23 20 26 24 19 25 21 31 36 34 30 
Beneficio: 175
d 7 17 16 11 10 14 16 10 17 8 3 6 9 4 6 9 2 27 22 26 24 23 20 25 19 21 31 36 30 35 13 12 32 15 18 
Beneficio: 140
d 7 17 16 11 10 14 16 10 17 8 3 6 9 4 6 9 2 27 22 26 24 19 25 20 21 31 36 30 35 32 13 12 34 
Beneficio: 134
d 7 17 16 11 10 14 16 10 17 8 3 6 9 4 6 9 2 27 22 26 23 20 25 19 36 30 34 12 32 35 
Beneficio: 125
d 7 17 16 11 10 14 16 10 17 8 3 6 9 4 6 9 2 27 22 26 20 21 25 31 36 30 13 12 32 35 
Beneficio: 150
d 7 17 16 11 10 14 16 10 17 8 3 6 9 4 6 9 2 27 22 26 24 23 20 21 19 25 31 36 30 35 32 12 13 
Beneficio: 108
d 7 17 16 11 10 14 16 10 17 8 3 6 9 4 6 9 2 27 22 26 24 19 21 25 31 36 30 35 32 12 13 
Beneficio: 174
d 7 17 16 11 10 14 16 10 17 8 3 6 9 4 6 9 2 27 22 24 23 20 25 21 31 36 30 34 12 13 32 15 18 
Beneficio: 158
d 7 17 16 11 10 14 16 10 17 8 3 6 9 4 6 9 2 27 22 24 26 22 26 20 25 21 19 36 30 13 12 32 15 18 
Beneficio: 131
d 7 17 16 11 10 14 16 10 17 8 3 6 9 4 6 9 2 27 22 24 26 20 25 21 31 36 30 13 12 32 35 34 
Beneficio: 129
d 7 17 16 11 10 14 16 10 17 8 3 6 9 4 6 9 2 27 22 24 19 21 31 36 30 13 32 12 
Beneficio: 217
d 7 17 16 11 10 14 16 10 17 8 3 6 9 4 6 9 2 27 22 24 23 26 22 26 20 21 31 36 30 35 32 12 34 
Beneficio: 162
d 7 17 16 11 10 14 16 10 17 8 3 6 9 4 6 9 2 27 22 24 26 20 25 31 36 30 35 13 12 32 15 18 33 28 
Beneficio: 107
d 7 17 16 11 10 14 16 10 17 8 3 6 9 4 6 9 2 27 22 24 26 20 21 31 36 34 12 32 35 30 
Beneficio: 123
d 7 17 16 11 10 14 16 10 17 8 3 6 9 4 6 9 2 27 22 26 23 20 25 21 31 36 30 34 12 13 32 
Beneficio: 158
d 7 17 16 11 10 14 16 10 17 8 3 6 9 4 6 9 2 22 26 20 21 25 31 36 30 35 32 13 12 
Beneficio: 145
d 7 17 16 11 10 14 16 10 17 8 3 6 9 4 6 9 2 22 26 24 23 20 21 25 31 36 34 12 32 35 30 
Beneficio: 178
d 7 17 16 11 10 14 16 10 17 8 3 6 9 4 6 9 2 22 26 24 23 20 25 21 31 36 34 30 35 13 12 32 
Beneficio: 105
d 7 17 16 11 10 14 16 10 17 8 3 6 9 4 6 9 2 22 26 20 25 19 36 30 13 32 12 34 35 
Beneficio: 137
d 7 17 16 11 10 14 16 10 17 8 3 6 9 4 6 9 2 22 24 26 22 26 20 25 21 19 36 30 34 12 32 13 
Beneficio: 122
d 7 17 16 11 10 14 16 10 17 8 3 6 9 4 6 9 2 22 24 23 20 25 21 31 36 34 35 30 34 12 32 
Beneficio: 158
d 7 17 16 11 10 14 16 10 17 8 3 6 9 4 6 9 2 27 22 26 20 21 31 36 30 34 35 13 12 32 15 18 
Beneficio: 114
d 7 17 16 11 10 14 16 10 17 8 3 6 9 4 6 9 2 27 22 26 20 25 31 36 34 35 30 13 12 32 
Beneficio: 92
d 7 17 16 11 10 14 16 10 17 8 3 6 9 4 6 9 2 27 22 24 19 21 31 36 34 12 32 13 
Beneficio: 139
d 7 17 16 11 10 14 16 10 17 8 3 6 9 4 6 9 2 22 26 20 25 21 31 36 30 35 34 12 32 15 18 
Beneficio: 179
d 7 17 16 11 10 14 16 10 17 8 3 6 9 4 6 5 27 22 26 20 25 21 19 24 23 31 36 30 34 35 32 
Beneficio: 185
d 7 17 16 11 10 14 16 10 17 8 3 6 9 4 6 3 9 2 27 22 26 20 21 25 19 36 30 34 12 32 15 
Beneficio: 130
d 7 17 16 11 10 14 16 10 17 8 3 6 9 4 6 3 9 2 27 22 24 26 20 23 31 36 30 35 13 12 34 
Beneficio: 181
d 7 17 16 11 10 14 16 10 17 8 3 6 9 4 6 3 9 2 27 22 26 24 23 20 21 31 36 30 35 34 30 13 12 32 15 
Beneficio: 136
d 7 17 16 11 10 14 16 10 17 8 3 6 9 4 3 6 9 2 27 22 26 20 25 21 19 36 34 30 36 34 12 13 32 15 
Beneficio: 139
d 7 17 16 11 10 14 16 10 17 8 3 6 9 4 3 6 9 2 27 22 26 24 23 20 25 19 21 31 36 34 12 13 32 
Beneficio: 152
d 7 17 16 11 10 14 16 10 17 8 3 6 9 4 3 6 9 2 27 22 26 20 23 24 19 36 34 30 36 34 12 32 
Beneficio: 96
d 7 17 16 11 10 14 16 10 17 8 3 6 9 4 3 6 9 2 27 22 24 19 25 21 31 36 30 34 12 13 
Beneficio: 205
d 7 17 16 11 10 14 16 10 17 8 3 6 9 4 3 6 9 2 22 26 24 23 31 36 30 35 34 
Beneficio: 107
d 7 17 16 11 10 14 16 10 17 8 3 6 9 4 3 6 9 2 22 26 20 25 21 31 36 34 30 35 
Beneficio: 155
d 7 17 16 11 10 14 16 10 17 8 3 6 9 4 3 9 2 27 22 26 20 21 25 19 36 30 34 12 13 32 35 
Beneficio: 149
d 7 17 16 11 10 14 16 10 17 8 3 6 9 4 3 9 2 27 22 26 24 23 20 25 31 36 34 12 32 35 30 
Beneficio: 164
d 7 17 16 11 10 14 16 10 17 8 3 6 9 4 3 9 2 27 22 26 24 23 20 25 31 36 34 30 35 34 12 32 15 18 
Beneficio: 118
d 7 17 16 11 10 14 16 10 17 8 3 6 9 4 3 9 2 27 22 26 20 21 31 36 34 30 36 34 35 13 32 
Beneficio: 133
d 7 17 16 11 10 14 16 10 17 8 3 6 9 4 3 9 2 27 22 24 23 31 21 25 19 36 34 35 30 34 12 13 
Beneficio: 122
d 7 17 16 11 10 14 16 10 17 8 3 6 9 4 3 9 2 27 22 24 23 20 25 21 19 36 30 13 35 32 15 
Beneficio: 122
d 7 17 16 11 10 14 16 10 17 8 3 6 9 4 3 9 2 27 22 26 20 25 19 21 31 36 30 35 13 12 32 
Beneficio: 145
d 7 17 16 11 10 14 16 10 17 8 3 6 9 4 3 9 2 22 26 22 24 23 20 25 19 21 31 36 30 35 34 30 
Beneficio: 110
d 7 17 16 11 10 14 16 10 17 8 3 6 9 4 3 9 2 22 24 26 20 25 21 31 36 30 35 34 12 13 
Beneficio: 114
d 7 17 16 11 10 14 16 10 17 8 3 6 9 4 3 9 2 22 26 20 25 21 31 36 30 35 34 12 32 
Beneficio: 166
d 7 17 16 11 10 14 16 10 17 8 3 6 9 4 3 9 2 27 22 26 24 23 20 25 19 36 30 35 32 12 34 
Beneficio: 118
d 7 17 16 11 10 14 16 10 17 8 3 6 9 4 3 9 2 27 22 26 20 25 21 31 36 30 13 35 
Beneficio: 111
d 7 17 16 11 10 14 16 10 17 8 3 6 9 4 3 9 2 27 22 24 23 31 36 34 30 35 32 13 
Beneficio: 91
d 7 17 16 11 10 14 16 10 17 8 3 6 9 4 3 9 2 22 26 20 21 19 36 30 34 12 13 32 15 18 
Beneficio: 174
d 7 17 16 11 10 14 16 10 17 8 3 6 9 4 3 6 9 2 27 22 26 20 23 24 19 21 25 31 36 30 35 32 12 34 
Beneficio: 124
d 7 17 16 11 10 14 16 10 17 8 3 6 9 4 3 6 9 2 27 22 26 24 19 25 21 31 36 30 35 34 
Beneficio: 181
d 7 17 16 11 10 14 16 10 17 8 3 6 9 4 3 6 9 2 27 22 24 23 20 26 22 24 19 36 30 34 12 
Beneficio: 102
d 7 17 16 11 10 14 16 10 17 8 3 6 9 4 3 6 9 2 27 22 24 19 21 31 36 30 34 12 13 32 
Beneficio: 157
d 7 17 16 11 10 14 16 10 17 8 3 6 9 4 3 6 9 2 27 22 26 20 25 31 36 30 35 
Beneficio: 179
d 7 17 16 11 10 14 16 10 17 8 3 6 9 4 3 9 2 27 22 26 20 23 24 19 21 25 31 36 30 34 12 13 35 32 
Beneficio: 143
d 7 17 16 11 10 14 16 10 17 8 3 6 9 4 3 9 2 27 22 26 24 23 20 25 19 36 34 35 30 13 
Beneficio: 151
d 7 17 16 11 10 14 16 10 17 8 3 6 9 4 3 9 2 27 22 26 22 24 23 20 25 21 19 36 30 35 34 12 32 15 18 
Beneficio: 97
d 7 17 16 11 10 14 16 10 17 8 3 6 9 4 3 9 2 27 22 26 20 23 31 36 34 30 35 34 12 13 32 15 18 
Beneficio: 149
d 7 17 16 11 10 14 16 10 17 8 3 6 9 4 3 9 2 27 22 24 23 31 21 19 36 30 34 35 32 13 12 
Beneficio: 140
d 7 17 16 11 10 14 16 10 17 8 3 6 9 4 3 9 2 27 22 24 23 20 25 21 31 36 30 34 35 32 13 
Beneficio: 140
d 7 17 16 11 10 14 16 10 17 8 3 6 9 4 3 9 2 22 26 20 25 21 19 24 23 31 36 30 35 32 12 13 
Beneficio: 92
d 7 17 16 11 10 14 16 10 17 8 3 6 9 4 3 9 2 22 26 20 25 31 36 30 34 35 13 12 32 
Beneficio: 141
d 7 17 16 11 10 14 16 10 17 8 3 6 9 4 3 9 2 27 22 26 22 24 23 31 36 34 12 13 32 
Beneficio: 125
d 7 17 16 11 10 14 16 10 17 8 3 6 9 4 3 9 2 27 22 26 20 21 25 31 36 30 35 13 12 32 
Beneficio: 143
d 7 17 16 11 10 14 16 10 17 8 3 6 9 4 3 9 2 27 22 26 24 23 20 21 31 36 34 12 32 15 
Beneficio: 118
d 7 17 16 11 10 14 16 10 17 8 3 6 9 4 3 9 2 27 22 24 26 20 25 31 36 30 13 35 34 
Beneficio: 135
d 7 17 16 11 10 14 16 10 17 8 3 6 9 4 3 9 2 22 26 24 23 20 21 25 31 36 34 35 30 34 12 
Beneficio: 175
d 7 17 16 11 10 14 16 10 17 8 3 6 9 4 2 9 6 5 27 22 26 24 23 20 25 21 31 36 30 35 34 30 
Beneficio: 127
d 7 17 16 11 10 14 16 10 17 8 3 6 9 4 2 27 22 26 20 25 19 21 31 36 34 35 32 12 13 30 
Beneficio: 219
d 7 17 16 11 10 14 16 10 17 8 3 6 9 4 2 27 22 26 20 23 24 19 21 31 36 34 30 35 34 
Beneficio: 136
d 7 17 16 11 10 14 16 10 17 8 3 6 9 4 2 27 22 26 20 21 25 31 36 30 34 35 13 32 15 18 
Beneficio: 159
d 7 17 16 11 10 14 16 10 17 8 3 6 9 4 2 27 22 26 20 25 21 31 36 30 34 35 32 13 
Beneficio: 192
d 7 17 16 11 10 14 16 10 17 8 3 6 9 4 2 27 22 26 20 23 24 19 25 31 36 30 34 12 32 35 13 
Beneficio: 151
d 7 17 16 11 10 14 16 10 17 8 3 6 9 4 2 27 22 26 24 23 20 25 19 21 31 36 30 35 13 12 32 15 18 
Beneficio: 150
d 7 17 16 11 10 14 16 10 17 8 3 6 9 4 2 27 22 26 24 23 31 21 25 19 36 30 35 13 12 34 
Beneficio: 159
d 7 17 16 11 10 14 16 10 17 8 3 6 9 4 2 27 22 26 24 23 26 20 21 31 36 34 35 13 12 18 
Beneficio: 110
d 7 17 16 11 10 14 16 10 17 8 3 6 9 4 2 27 22 26 24 19 25 21 31 36 34 35 13 12 
Beneficio: 104
d 7 17 16 11 10 14 16 10 17 8 3 6 9 4 2 27 22 26 24 19 36 31 23 20 21 25 
Beneficio: 183
d 7 17 16 11 10 14 16 10 17 8 3 6 9 4 2 27 22 26 22 24 23 20 26 24 19 25 21 31 36 30 34 
Beneficio: 168
d 7 17 16 11 10 14 16 10 17 8 3 6 9 4 2 27 22 26 24 23 20 25 21 19 36 30 34 35 13 32 15 
Beneficio: 193
d 7 17 16 11 10 14 16 10 17 8 3 6 9 4 2 27 22 26 24 23 20 25 21 31 36 30 34 35 32 13 
Beneficio: 215
d 7 17 16 11 10 14 16 10 17 8 3 6 9 4 2 27 22 26 23 24 26 20 25 21 19 36 30 13 12 34 
Beneficio: 99
d 7 17 16 11 10 14 16 10 17 8 3 6 9 4 2 27 22 26 23 20 25 19 21 31 36 34 35 32 
Beneficio: 155
d 7 17 16 11 10 14 16 10 17 8 3 6 9 4 2 27 22 26 20 21 31 36 30 35 34 12 13 32 15 18 33 28 
Beneficio: 141
d 7 17 16 11 10 14 16 10 17 8 3 6 9 4 2 27 22 26 20 23 24 19 21 31 36 34 35 13 32 
Beneficio: 85
d 7 17 16 11 10 14 16 10 17 8 3 6 9 4 2 27 22 26 20 25 19 21 31 36 34 12 32 
Beneficio: 178
d 7 17 16 11 10 14 16 10 17 8 3 6 9 4 2 27 22 26 24 23 20 25 21 19 36 30 34 12 32 
Beneficio: 91
d 7 17 16 11 10 14 16 10 17 8 3 6 9 4 2 27 22 26 24 19 25 21 31 36 34 30 36 34 12 32 
Beneficio: 86
d 7 17 16 11 10 14 16 10 17 8 3 6 9 4 2 27 22 26 24 19 25 21 31 36 30 34 35 32 12 13 
Beneficio: 196
d 7 17 16 11 10 14 16 10 17 8 3 6 9 4 2 27 22 24 23 20 26 22 24 19 21 31 36 30 35 32 13 
Beneficio: 121
d 7 17 16 11 10 14 16 10 17 8 3 6 9 4 2 27 22 24 23 20 25 21 19 36 34 12 32 13 
Beneficio: 174
d 7 17 16 11 10 14 16 10 17 8 3 6 9 4 2 27 22 24 23 26 20 21 31 36 30 34 12 13 35 32 
Beneficio: 147
d 7 17 16 11 10 14 16 10 17 8 3 6 9 4 2 27 22 24 26 22 26 20 21 31 36 34 12 13 35 
Beneficio: 86
d 7 17 16 11 10 14 16 10 17 8 3 6 9 4 2 27 22 24 26 20 25 31 36 34 35 30 13 12 32 15 
Beneficio: 90
d 7 17 16 11 10 14 16 10 17 8 3 6 9 4 2 27 22 24 26 20 23 31 21 19 36 34 35 13 12 32 15 
Beneficio: 99
d 7 17 16 11 10 14 16 10 17 8 3 6 9 4 2 27 22 24 26 20 21 19 36 31 
Beneficio: 202
d 7 17 16 11 10 14 16 10 17 8 3 6 9 4 2 27 22 24 23 20 26 22 26 24 19 21 31 36 30 34 12 32 
Beneficio: 140
d 7 17 16 11 10 14 16 10 17 8 3 6 9 4 2 27 22 24 23 20 21 25 31 36 30 34 12 13 35 32 15 18 
Beneficio: 124
d 7 17 16 11 10 14 16 10 17 8 3 6 9 4 2 27 22 24 23 20 21 19 25 31 36 30 34 35 13 12 
Beneficio: 171
d 7 17 16 11 10 14 16 10 17 8 3 6 9 4 2 27 22 24 26 22 24 23 26 20 21 25 31 36 30 35 34 12 13 
Beneficio: 111
d 7 17 16 11 10 14 16 10 17 8 3 6 9 4 2 27 22 24 26 20 21 19 36 30 34 35 30 13 32 12 
Beneficio: 92
d 7 17 16 11 10 14 16 10 17 8 3 6 9 4 2 27 22 24 26 20 21 25 31 36 34 12 13 32 35 
Beneficio: 82
d 7 17 16 11 10 14 16 10 17 8 3 6 9 4 2 27 22 24 19 25 31 36 30 35 34 12 13 
Beneficio: 146
d 7 17 16 11 10 14 16 10 17 8 3 6 9 4 2 27 22 26 24 23 31 36 34 30 36 34 35 13 12 32 15 
Beneficio: 70
d 7 17 16 11 10 14 16 10 17 8 3 6 9 4 2 27 22 24 26 20 25 21 31 36 30 34 12 32 13 
Beneficio: 140
d 7 17 16 11 10 14 16 10 17 8 3 6 9 4 2 22 26 20 23 24 19 21 31 36 30 35 34 12 13 32 
Beneficio: 112
d 7 17 16 11 10 14 16 10 17 8 3 6 9 4 2 22 26 20 25 31 36 34 30 13 35 32 
Beneficio: 121
d 7 17 16 11 10 14 16 10 17 8 3 6 9 4 2 22 26 24 23 20 21 25 31 36 34 35 13 12 32 15 
Beneficio: 100
d 7 17 16 11 10 14 16 10 17 8 3 6 9 4 2 22 26 24 19 21 20 23 31 36 34 12 32 
Beneficio: 137
d 7 17 16 11 10 14 16 10 17 8 3 6 9 4 2 22 26 24 23 20 21 25 19 36 30 35 32 12 
Beneficio: 92
d 7 17 16 11 10 14 16 10 17 8 3 6 9 4 2 22 26 23 20 25 21 31 36 30 34 12 32 35 
Beneficio: 109
d 7 17 16 11 10 14 16 10 17 8 3 6 9 4 2 22 26 20 21 31 36 30 35 13 12 32 15 18 33 29 
Beneficio: 136
d 7 17 16 11 10 14 16 10 17 8 3 6 9 4 2 22 26 23 24 26 20 21 19 36 30 34 35 32 
Beneficio: 122
d 7 17 16 11 10 14 16 10 17 8 3 6 9 4 2 22 24 26 22 26 20 25 21 31 36 30 34 12 32 13 35 
Beneficio: 113
d 7 17 16 11 10 14 16 10 17 8 3 6 9 4 2 22 24 26 20 23 31 21 25 19 36 30 34 
Beneficio: 156
d 7 17 16 11 10 14 16 10 17 8 3 6 9 4 2 22 24 23 26 20 25 21 31 36 30 34 12 13 
Beneficio: 145
d 7 17 16 11 10 14 16 10 17 8 3 6 9 4 2 22 24 26 20 23 24 19 21 31 36 30 34 12 
Beneficio: 135
d 7 17 16 11 10 14 16 10 17 8 3 6 9 4 2 27 22 26 20 21 31 36 34 30 35 13 12 18 
Beneficio: 107
d 7 17 16 11 10 14 16 10 17 8 3 6 9 4 2 27 22 26 24 19 21 25 31 36 30 34 35 32 12 
Beneficio: 164
d 7 17 16 11 10 14 16 10 17 8 3 6 9 4 2 27 22 26 20 25 21 19 24 23 31 36 30 34 35 13 12 32 15 18 
Beneficio: 124
d 7 17 16 11 10 14 16 10 17 8 3 6 9 4 2 27 22 24 23 20 21 19 36 34 30 35 
Beneficio: 101
d 7 17 16 11 10 14 16 10 17 8 3 6 9 4 2 27 22 24 26 20 23 31 21 19 36 34 30 35 13 
Beneficio: 138
d 7 17 16 11 10 14 16 10 17 8 3 6 9 4 2 22 26 24 23 20 21 25 31 36 30 34 12 
Beneficio: 135
d 7 17 16 11 10 14 16 10 17 8 3 6 9 4 6 9 2 27 22 26 20 25 21 31 36 34 12 13 35 32 15 
Beneficio: 169
d 7 17 16 11 10 14 16 10 17 8 3 6 9 4 6 9 2 27 22 26 24 23 31 36 30 34 36 19 21 25 
Beneficio: 110
d 7 17 16 11 10 14 16 10 17 8 3 6 9 4 6 9 2 27 22 26 20 21 31 36 30 35 34 12 13 32 15 
Beneficio: 143
d 7 17 16 11 10 14 16 10 17 8 3 6 9 4 6 9 2 27 22 24 23 20 25 21 31 36 30 34 12 13 32 35 
Beneficio: 93
d 7 17 16 11 10 14 16 10 17 8 3 6 9 4 6 9 2 22 26 24 19 21 25 31 36 30 35 34 12 13 32 
Beneficio: 140
d 7 17 16 11 10 14 16 10 17 8 3 6 9 4 6 5 27 22 26 20 21 31 36 30 35 13 12 
Beneficio: 116
d 7 17 16 11 10 14 16 10 17 8 3 6 9 4 2 27 22 26 20 23 31 21 19 36 34 30 35 32 12 
Beneficio: 191
d 7 17 16 11 10 14 16 10 17 8 3 6 9 4 2 27 22 26 24 23 20 26 24 19 36 30 34 12 13 32 
Beneficio: 135
d 7 17 16 11 10 14 16 10 17 8 3 6 9 4 2 27 22 26 24 19 21 31 36 30 34 12 32 13 
Beneficio: 164
d 7 17 16 11 10 14 16 10 17 8 3 6 9 4 2 27 22 26 24 23 31 36 30 34 35 13 12 32 15 18 33 
Beneficio: 155
d 7 17 16 11 10 14 16 10 17 8 3 6 9 4 2 27 22 26 20 23 24 19 21 25 31 36 30 34 35 30 
Beneficio: 138
d 7 17 16 11 10 14 16 10 17 8 3 6 9 4 2 27 22 26 24 23 31 36 30 13 35 32 12 34 
Beneficio: 173
d 7 17 16 11 10 14 16 10 17 8 3 6 9 4 2 27 22 24 26 22 24 23 20 25 31 36 30 34 12 32 
Beneficio: 131
d 7 17 16 11 10 14 16 10 17 8 3 6 9 4 2 27 22 24 23 20 25 19 36 30 34 12 18 15 
Beneficio: 113
d 7 17 16 11 10 14 16 10 17 8 3 6 9 4 2 27 22 24 26 20 23 31 36 30 35 13 32 12 
Beneficio: 121
d 7 17 16 11 10 14 16 10 17 8 3 6 9 4 2 22 26 20 21 19 36 30 13 35 32 12 
Beneficio: 154
d 7 17 16 11 10 14 16 10 17 8 3 6 9 4 2 22 26 20 23 24 19 21 31 
Beneficio: 126
d 7 17 16 11 10 14 16 10 17 8 3 6 9 4 2 22 24 26 22 26 20 25 19 36 30 34 35 30 
Beneficio: 127
d 7 17 16 11 10 14 16 10 17 8 3 6 9 4 2 27 22 24 26 20 23 31 36 30 34 12 13 35 32 
Beneficio: 175
d 7 17 16 11 10 14 16 10 17 8 3 6 9 4 9 2 27 22 26 20 25 21 19 24 23 31 36 30 13 12 32 35 34 
Beneficio: 123
d 7 17 16 11 10 14 16 10 17 8 3 6 9 4 9 2 27 22 26 24 19 21 31 36 30 35 34 12 
Beneficio: 90
d 7 17 16 11 10 14 16 10 17 8 3 6 9 4 9 2 27 22 24 26 20 25 31 36 34 35 13 12 32 
Beneficio: 123
d 7 17 16 11 10 14 16 10 17 8 3 6 9 4 9 2 22 26 20 25 21 31 36 30 34 12 32 15 18 33 
Beneficio: 129
d 7 17 16 11 10 14 16 10 17 8 3 6 9 4 9 2 22 24 26 22 26 23 24 
Beneficio: 128
d 7 17 16 11 10 14 16 10 17 8 3 6 9 2 4 9 6 4 2 27 22 26 23 20 21 31 36 34 
Beneficio: 148
d 7 17 16 11 10 14 16 10 17 8 3 6 9 2 4 9 6 4 2 22 26 24 23 31 36 34 12 13 32 15 18 
Beneficio: 120
d 7 17 16 11 10 14 16 10 17 8 3 6 9 2 4 9 3 4 2 27 22 26 23 20 25 21 31 36 30 34 35 32 13 12 
Beneficio: 217
d 7 17 16 11 10 14 16 10 17 8 3 6 9 2 4 6 9 4 2 27 22 26 20 25 21 31 36 30 34 12 32 
Beneficio: 117
d 7 17 16 11 10 14 16 10 17 8 3 6 9 2 4 6 9 4 2 27 22 26 20 25 31 36 30 34 35 32 12 13 
Beneficio: 113
d 7 17 16 11 10 14 16 10 17 8 3 6 9 2 4 6 9 4 2 22 26 20 25 21 31 36 30 35 34 12 13 32 15 
Beneficio: 60
d 7 17 16 11 10 14 16 10 17 8 3 6 9 2 4 6 5 27 22 26 24 19 25 21 31 
Beneficio: 142
d 7 17 16 11 10 14 16 10 17 8 3 6 9 2 27 22 26 20 25 19 24 23 31 36 30 13 12 
Beneficio: 95
d 7 17 16 11 10 14 16 10 17 8 3 6 9 2 27 22 26 20 23 24 19 21 31 36 34 12 32 13 30 
Beneficio: 128
d 7 17 16 11 10 14 16 10 17 8 3 6 9 2 27 22 26 20 21 25 31 36 30 34 12 32 15 18 33 28 33 
Beneficio: 69
d 7 17 16 11 10 14 16 10 17 8 3 6 9 2 27 22 26 20 25 21 19 36 34 30 13 12 32 15 18 
Beneficio: 104
d 7 17 16 11 10 14 16 10 17 8 3 6 9 2 27 22 26 20 21 31 23 24 19 36 34 35 32 12 
Beneficio: 83
d 7 17 16 11 10 14 16 10 17 8 3 6 9 2 27 22 26 24 23 20 25 21 31 36 30 34 12 32 35 13 
Beneficio: 78
d 7 17 16 11 10 14 16 10 17 8 3 6 9 2 27 22 26 24 23 20 25 31 36 34 30 35 32 13 
Beneficio: 121
d 7 17 16 11 10 14 16 10 17 8 3 6 9 2 27 22 26 24 23 26 20 25 31 36 34 12 13 32 35 30 
Beneficio: 57
d 7 17 16 11 10 14 16 10 17 8 3 6 9 2 27 22 26 24 19 21 25 31 36 30 13 12 34 35 32 
Beneficio: 46
d 7 17 16 11 10 14 16 10 17 8 3 6 9 2 27 22 26 24 19 21 25 20 23 31 36 34 12 13 30 
Beneficio: 98
d 7 17 16 11 10 14 16 10 17 8 3 6 9 2 27 22 26 22 24 23 31 21 20 25 19 36 30 34 12 13 35 32 15 18 
Beneficio: 95
d 7 17 16 11 10 14 16 10 17 8 3 6 9 2 27 22 26 22 24 23 20 21 25 31 36 30 35 13 12 
Beneficio: 91
d 7 17 16 11 10 14 16 10 17 8 3 6 9 2 27 22 26 24 23 20 25 21 31 36 34 30 35 13 12 32 
Beneficio: 62
d 7 17 16 11 10 14 16 10 17 8 3 6 9 2 27 22 26 24 19 21 31 36 30 35 34 30 13 12 32 
Beneficio: 106
d 7 17 16 11 10 14 16 10 17 8 3 6 9 2 27 22 26 23 24 26 20 21 25 31 36 30 35 32 12 13 
Beneficio: 55
d 7 17 16 11 10 14 16 10 17 8 3 6 9 2 27 22 26 23 20 25 19 21 31 36 30 34 12 32 13 35 
Beneficio: 31
d 7 17 16 11 10 14 16 10 17 8 3 6 9 2 27 22 26 20 25 21 31 36 30 35 13 12 18 15 
Beneficio: 36
d 7 17 16 11 10 14 16 10 17 8 3 6 9 2 27 22 26 20 23 31 21 25 19 36 30 34 35 32 13 12 
Beneficio: 29
d 7 17 16 11 10 14 16 10 17 8 3 6 9 2 27 22 26 20 25 31 36 34 30 13 35 
Beneficio: 48
d 7 17 16 11 10 14 16 10 17 8 3 6 9 2 27 22 26 24 23 20 25 21 31 36 34 35 13 12 18 15 
Beneficio: 43
d 7 17 16 11 10 14 16 10 17 8 3 6 9 2 27 22 26 24 19 21 20 23 31 36 34 
Beneficio: 83
d 7 17 16 11 10 14 16 10 17 8 3 6 9 2 27 22 26 24 23 20 25 21 31 36 30 34 35 13 32 12 
Beneficio: 39
d 7 17 16 11 10 14 16 10 17 8 3 6 9 2 27 22 26 23 20 25 19 21 31 36 30 35 34 30 
Beneficio: 68
d 7 17 16 11 10 14 16 10 17 8 3 6 9 2 27 22 24 23 20 21 25 19 36 30 13 12 
Beneficio: 118
d 7 17 16 11 10 14 16 10 17 8 3 6 9 2 27 22 24 23 26 22 26 20 25 31 36 30 34 12 13 32 35 
Beneficio: 71
d 7 17 16 11 10 14 16 10 17 8 3 6 9 2 27 22 24 26 22 26 20 25 21 31 36 34 12 13 32 35 
Beneficio: 36
d 7 17 16 11 10 14 16 10 17 8 3 6 9 2 27 22 24 26 22 24 19 21 31 36 34 35 13 
Beneficio: 24
d 7 17 16 11 10 14 16 10 17 8 3 6 9 2 27 22 24 26 20 21 25 31 36 34 30 35 13 32 
Beneficio: 59
d 7 17 16 11 10 14 16 10 17 8 3 6 9 2 27 22 24 26 20 25 21 31 36 30 13 35 34 12 
Beneficio: 63
d 7 17 16 11 10 14 16 10 17 8 3 6 9 2 27 22 24 19 21 31 36 30 35 34 12 32 15 
Beneficio: 101
d 7 17 16 11 10 14 16 10 17 8 3 6 9 2 27 22 24 23 20 26 24 19 36 30 34 12 13 35 32 15 18 
Beneficio: 121
d 7 17 16 11 10 14 16 10 17 8 3 6 9 2 27 22 24 23 31 21 20 26 22 24 19 36 30 34 12 32 15 18 
Beneficio: 90
d 7 17 16 11 10 14 16 10 17 8 3 6 9 2 27 22 24 23 26 20 25 21 31 36 30 35 32 12 34 
Beneficio: 94
d 7 17 16 11 10 14 16 10 17 8 3 6 9 2 27 22 24 26 22 24 23 20 21 25 31 36 30 35 
Beneficio: 24
d 7 17 16 11 10 14 16 10 17 8 3 6 9 2 27 22 24 26 20 21 19 25 31 36 30 35 13 12 32 
Beneficio: 74
d 7 17 16 11 10 14 16 10 17 8 3 6 9 2 27 22 24 26 20 23 24 19 21 25 31 36 30 
Beneficio: 20
d 7 17 16 11 10 14 16 10 17 8 3 6 9 2 27 22 24 19 21 20 23 31 36 30 35 32 12 13 
Beneficio: 71
d 7 17 16 11 10 14 16 10 17 8 3 6 9 2 27 22 26 20 25 19 21 31 36 30 34 35 
Beneficio: 67
d 7 17 16 11 10 14 16 10 17 8 3 6 9 2 27 22 24 23 31 36 30 34 35 13 12 32 15 18 
Beneficio: 45
d 7 17 16 11 10 14 16 10 17 8 3 6 9 2 22 26 20 25 21 19 36 34 12 32 13 35 
Beneficio: 60
d 7 17 16 11 10 14 16 10 17 8 3 6 9 2 22 26 20 23 31 25 21 19 36 30 34 12 13 32 15 
Beneficio: 113
d 7 17 16 11 10 14 16 10 17 8 3 6 9 2 22 26 20 21 31 23 24 19 36 30 34 12 13 35 
Beneficio: 72
d 7 17 16 11 10 14 16 10 17 8 3 6 9 2 22 26 24 23 20 21 19 36 34 30 35 13 
Beneficio: 92
d 7 17 16 11 10 14 16 10 17 8 3 6 9 2 22 26 24 19 21 31 36 30 34 35 30 13 12 
Beneficio: 65
d 7 17 16 11 10 14 16 10 17 8 3 6 9 2 22 26 24 23 20 21 31 36 34 35 13 12 32 15 18 
Beneficio: 20
d 7 17 16 11 10 14 16 10 17 8 3 6 9 2 22 26 23 20 21 25 31 36 34 12 32 13 35 
Beneficio: 21
d 7 17 16 11 10 14 16 10 17 8 3 6 9 2 22 26 20 21 31 36 30 34 35 32 12 13 
Beneficio: 13
d 7 17 16 11 10 14 16 10 17 8 3 6 9 2 22 26 24 19 25 21 20 23 31 36 30 35 13 12 34 
Beneficio: 148
d 7 17 16 11 10 14 16 10 17 8 3 6 9 2 22 24 23 31 21 25 20 26 22 27 28 33 18 15 32 12 13 35 30 36 
Beneficio: 61
d 7 17 16 11 10 14 16 10 17 8 3 6 9 2 22 24 26 20 23 24 19 25 21 31 36 34 30 35 32 12 13 
Beneficio: 79
d 7 17 16 11 10 14 16 10 17 8 3 6 9 2 22 24 23 20 26 22 24 19 36 34 12 13 35 30 
Beneficio: 142
d 7 17 16 11 10 14 16 10 17 8 3 6 9 2 22 24 26 22 24 23 26 20 
Beneficio: 9
d 7 17 16 11 10 14 16 10 17 8 3 6 9 2 22 24 19 21 25 31 36 30 34 12 32 35 
Beneficio: 81
d 7 17 16 11 10 14 16 10 17 8 3 6 9 2 27 22 26 20 25 19 36 30 35 13 12 34 
Beneficio: 33
d 7 17 16 11 10 14 16 10 17 8 3 6 9 2 27 22 26 24 19 21 31 36 30 34 12 13 32 35 
Beneficio: 104
d 7 17 16 11 10 14 16 10 17 8 3 6 9 2 27 22 26 20 23 24 19 25 21 31 36 30 34 12 13 
Beneficio: 64
d 7 17 16 11 10 14 16 10 17 8 3 6 9 2 27 22 24 23 20 25 19 36 30 35 34 12 
Beneficio: 43
d 7 17 16 11 10 14 16 10 17 8 3 6 9 2 27 22 24 26 20 25 21 31 36 30 34 35 32 13 12 
Beneficio: 109
d 7 17 16 11 10 14 16 10 17 8 3 6 9 2 22 26 24 23 20 25 21 19 36 30 34 12 
Beneficio: 34
d 7 17 16 11 10 14 16 10 17 8 3 6 9 2 22 24 23 31 36 30 34 35 13 32 12 
Beneficio: 86
d 7 17 16 11 10 14 16 10 17 8 3 6 9 4 2 27 22 26 24 23 20 21 25 31 36 34 30 35 13 32 
Beneficio: 77
d 7 17 16 11 10 14 16 10 17 8 3 6 9 4 2 27 22 26 20 25 21 31 36 30 34 35 13 12 32 15 
Beneficio: 32
d 7 17 16 11 10 14 16 10 17 8 3 6 9 4 2 27 22 24 26 20 25 21 31 36 34 35 30 34 12 13 
Beneficio: 61
d 7 17 16 11 10 14 16 10 17 8 3 6 9 4 2 22 24 23 20 21 31 36 30 34 35 32 
Beneficio: 73
d 7 17 16 11 10 14 16 10 17 8 3 6 9 4 2 22 26 24 23 31 36 34 12 13 35 32 
Beneficio: 222
d 7 17 16 11 10 14 16 10 17 8 3 6 9 4 6 9 2 27 22 26 20 25 21 31 36 30 34 35 32 
Beneficio: 206
d 7 17 16 11 10 14 16 10 17 8 3 6 9 4 6 9 2 27 22 26 20 23 24 19 21 25 31 36 30 34 12 32 13 
Beneficio: 197
d 7 17 16 11 10 14 16 10 17 8 3 6 9 4 6 9 2 27 22 26 20 25 21 19 36 30 34 12 32 15 18 33 28 29 
Beneficio: 168
d 7 17 16 11 10 14 16 10 17 8 3 6 9 4 6 9 2 27 22 26 24 23 20 25 21 31 36 30 13 35 34 12 
Beneficio: 193
d 7 17 16 11 10 14 16 10 17 8 3 6 9 4 6 9 2 27 22 26 24 23 31 25 21 19 36 30 34 35 13 12 32 
Beneficio: 144
d 7 17 16 11 10 14 16 10 17 8 3 6 9 4 6 9 2 27 22 26 24 19 21 25 31 36 30 34 35 32 15 
Beneficio: 130
d 7 17 16 11 10 14 16 10 17 8 3 6 9 4 6 9 2 27 22 26 22 24 19 21 20 23 31 36 30 34 12 
Beneficio: 120
d 7 17 16 11 10 14 16 10 17 8 3 6 9 4 6 9 2 27 22 26 24 19 21 25 31 36 34 35 13 12 32 
Beneficio: 130
d 7 17 16 11 10 14 16 10 17 8 3 6 9 4 6 9 2 27 22 26 23 20 25 21 31 36 34 12 32 
Beneficio: 117
d 7 17 16 11 10 14 16 10 17 8 3 6 9 4 6 9 2 27 22 26 20 21 31 36 34 30 13 35 
Beneficio: 183
d 7 17 16 11 10 14 16 10 17 8 3 6 9 4 6 9 2 27 22 26 24 23 20 25 21 31 36 30 34 12 13 32 
Beneficio: 180
d 7 17 16 11 10 14 16 10 17 8 3 6 9 4 6 9 2 27 22 24 23 20 26 22 24 19 36 34 35 32 
Beneficio: 173
d 7 17 16 11 10 14 16 10 17 8 3 6 9 4 6 9 2 27 22 24 23 20 25 31 36 30 34 35 13 12 
Beneficio: 113
d 7 17 16 11 10 14 16 10 17 8 3 6 9 4 6 9 2 27 22 24 26 20 21 25 31 36 34 12 13 32 35 30 
Beneficio: 94
d 7 17 16 11 10 14 16 10 17 8 3 6 9 4 6 9 2 27 22 24 19 36 34 12 18 15 
Beneficio: 168
d 7 17 16 11 10 14 16 10 17 8 3 6 9 4 6 9 2 27 22 24 23 26 20 21 31 36 30 35 34 12 18 
Beneficio: 182
d 7 17 16 11 10 14 16 10 17 8 3 6 9 4 6 9 2 27 22 24 26 20 21 31 23 24 19 36 30 34 12 13 32 15 18 
Beneficio: 160
d 7 17 16 11 10 14 16 10 17 8 3 6 9 4 6 9 2 27 28 33 29 18 15 32 13 35 30 36 34 30 
Beneficio: 166
d 7 17 16 11 10 14 16 10 17 8 3 6 9 4 6 9 2 22 26 20 25 19 36 34 12 32 
Beneficio: 143
d 7 17 16 11 10 14 16 10 17 8 3 6 9 4 6 9 2 22 26 24 23 20 25 21 19 36 30 35 13 12 32 
Beneficio: 151
d 7 17 16 11 10 14 16 10 17 8 3 6 9 4 6 9 2 22 26 24 23 20 25 19 21 31 36 34 12 13 35 32 
Beneficio: 150
d 7 17 16 11 10 14 16 10 17 8 3 6 9 4 6 9 2 22 26 24 23 20 26 24 19 25 21 31 36 30 
Beneficio: 117
d 7 17 16 11 10 14 16 10 17 8 3 6 9 4 6 9 2 22 24 26 20 23 31 36 34 12 32 35 30 
Beneficio: 137
d 7 17 16 11 10 14 16 10 17 8 3 6 9 4 6 9 2 22 24 26 20 25 31 36 30 34 35 13 
Beneficio: 142
d 7 17 16 11 10 14 16 10 17 8 3 6 9 4 6 9 2 27 22 26 24 19 36 34 35 30 34 12 13 32 
Beneficio: 175
d 7 17 16 11 10 14 16 10 17 8 3 6 9 4 6 9 2 27 22 24 23 26 20 25 21 31 36 30 34 12 13 
Beneficio: 160
d 7 17 16 11 10 14 16 10 17 8 3 6 9 4 6 9 2 22 26 24 23 20 21 31 36 30 13 12 32 
Beneficio: 146
d 7 17 16 11 10 14 16 10 17 8 3 6 9 4 6 5 27 22 26 24 23 20 25 31 36 
Beneficio: 146
d 7 17 16 11 10 14 16 10 17 8 3 6 9 4 6 3 9 2 27 22 26 24 19 25 21 31 36 30 34 12 13 35 
Beneficio: 115
d 7 17 16 11 10 14 16 10 17 8 3 6 9 4 6 3 9 2 22 24 26 22 24 19 21 31 
Beneficio: 193
d 7 17 16 11 10 14 16 10 17 8 3 6 9 4 6 5 27 22 26 23 24 26 20 23 31 36 30 35 32 12 13 
Beneficio: 189
d 7 17 16 11 10 14 16 10 17 8 3 6 9 4 3 6 9 2 27 22 26 24 23 20 21 31 36 30 34 12 32 13 
Beneficio: 106
d 7 17 16 11 10 14 16 10 17 8 3 6 9 4 3 6 9 2 27 22 26 20 21 25 31 36 34 12 13 
Beneficio: 119
d 7 17 16 11 10 14 16 10 17 8 3 6 9 4 3 6 9 2 27 22 24 26 20 25 19 21 31 36 30 34 35 
Beneficio: 149
d 7 17 16 11 10 14 16 10 17 8 3 6 9 4 3 6 9 2 22 24 26 22 24 23 20 21 31 36 30 
Beneficio: 177
d 7 17 16 11 10 14 16 10 17 8 3 6 9 4 3 9 2 27 22 26 20 23 24 19 21 31 36 34 35 13 12 
Beneficio: 155
d 7 17 16 11 10 14 16 10 17 8 3 6 9 4 3 9 2 27 22 26 24 23 20 21 25 31 36 30 34 35 13 12 32 15 18 
Beneficio: 183
d 7 17 16 11 10 14 16 10 17 8 3 6 9 4 3 9 2 27 22 26 24 23 20 21 25 19 36 30 34 36 
Beneficio: 174
d 7 17 16 11 10 14 16 10 17 8 3 6 9 4 3 9 2 27 22 26 20 21 19 24 23 31 36 30 34 35 13 12 
Beneficio: 110
d 7 17 16 11 10 14 16 10 17 8 3 6 9 4 3 9 2 27 22 24 26 20 25 21 19 36 30 34 35 32 15 18 
Beneficio: 163
d 7 17 16 11 10 14 16 10 17 8 3 6 9 4 3 9 2 27 22 24 26 20 23 24 19 21 31 36 30 34 12 13 32 15 18 
Beneficio: 138
d 7 17 16 11 10 14 16 10 17 8 3 6 9 4 3 9 2 22 26 24 23 20 25 19 21 31 36 30 35 13 32 12 34 
Beneficio: 109
d 7 17 16 11 10 14 16 10 17 8 3 6 9 4 3 9 2 22 24 26 22 26 23 20 21 25 
Beneficio: 189
d 7 17 16 11 10 14 16 10 17 8 3 6 9 4 3 9 2 27 22 26 20 25 21 31 36 30 34 
Beneficio: 115
d 7 17 16 11 10 14 16 10 17 8 3 6 9 4 3 9 2 27 22 26 24 19 36 30 34 35 13 12 
Beneficio: 135
d 7 17 16 11 10 14 16 10 17 8 3 6 9 4 3 9 2 27 22 24 23 31 36 34 30 36 19 21 20 
Beneficio: 133
d 7 17 16 11 10 14 16 10 17 8 3 6 9 4 3 9 2 22 26 20 25 31 36 30 13 12 34 
Beneficio: 130
d 7 17 16 11 10 14 16 10 17 8 3 6 9 4 3 6 9 2 27 22 26 20 25 21 31 36 30 35 34 12 32 15 
Beneficio: 124
d 7 17 16 11 10 14 16 10 17 8 3 6 9 4 3 6 9 2 27 22 26 24 19 25 21 31 36 30 34 35 32 
Beneficio: 151
d 7 17 16 11 10 14 16 10 17 8 3 6 9 4 3 6 9 2 27 22 24 23 31 
Beneficio: 152
d 7 17 16 11 10 14 16 10 17 8 3 6 9 4 3 6 9 2 22 26 24 23 20 25 21 31 36 30 35 32 12 13 
Beneficio: 148
d 7 17 16 11 10 14 16 10 17 8 3 6 9 4 3 9 2 27 22 26 20 25 21 31 36 30 34 35 30 13 32 
Beneficio: 129
d 7 17 16 11 10 14 16 10 17 8 3 6 9 4 3 9 2 27 22 26 20 21 25 31 36 30 13 12 34 35 
Beneficio: 168
d 7 17 16 11 10 14 16 10 17 8 3 6 9 4 3 9 2 27 22 26 22 24 23 20 21 31 36 30 13 12 34 35 
Beneficio: 142
d 7 17 16 11 10 14 16 10 17 8 3 6 9 4 3 9 2 27 22 26 20 21 31 23 24 19 36 34 30 35 34 
Beneficio: 159
d 7 17 16 11 10 14 16 10 17 8 3 6 9 4 3 9 2 27 22 24 26 22 24 23 20 25 21 31 36 30 34 35 30 13 12 32 15 
Beneficio: 95
d 7 17 16 11 10 14 16 10 17 8 3 6 9 4 3 9 2 27 22 24 26 20 23 31 36 34 30 13 32 
Beneficio: 177
d 7 17 16 11 10 14 16 10 17 8 3 6 9 4 3 9 2 22 26 24 23 31 36 30 35 34 12 32 15 18 33 28 
Beneficio: 144
d 7 17 16 11 10 14 16 10 17 8 3 6 9 4 3 9 2 27 22 26 20 23 31 36 34 35 30 34 12 32 15 
Beneficio: 171
d 7 17 16 11 10 14 16 10 17 8 3 6 9 4 3 9 2 27 22 26 20 21 25 31 36 30 34 35 13 
Beneficio: 169
d 7 17 16 11 10 14 16 10 17 8 3 6 9 4 3 9 2 27 22 26 23 24 19 21 25 31 36 30 34 12 32 
Beneficio: 181
d 7 17 16 11 10 14 16 10 17 8 3 6 9 4 3 9 2 27 22 24 23 26 22 26 20 21 31 36 30 34 35 13 12 
Beneficio: 172
d 7 17 16 11 10 14 16 10 17 8 3 6 9 4 3 9 2 27 22 26 20 25 19 24 23 31 36 30 35 34 12 13 
Beneficio: 164
d 7 17 16 11 10 14 16 10 17 8 3 6 9 4 2 27 22 26 20 25 21 19 24 23 31 36 30 34 12 18 15 
Beneficio: 170
d 7 17 16 11 10 14 16 10 17 8 3 6 9 4 2 27 22 26 20 23 24 19 25 31 36 34 30 35 13 
Beneficio: 158
d 7 17 16 11 10 14 16 10 17 8 3 6 9 4 2 27 22 26 20 21 25 31 36 34 30 36 34 12 13 35 32 
Beneficio: 173
d 7 17 16 11 10 14 16 10 17 8 3 6 9 4 2 27 22 26 20 25 19 21 31 36 30 34 35 13 12 32 
Beneficio: 139
d 7 17 16 11 10 14 16 10 17 8 3 6 9 4 2 27 22 26 20 23 31 21 19 36 34 30 35 32 
Beneficio: 222
d 7 17 16 11 10 14 16 10 17 8 3 6 9 4 2 27 22 26 24 23 20 21 31 36 30 35 32 13 
Beneficio: 155
d 7 17 16 11 10 14 16 10 17 8 3 6 9 4 2 27 22 26 24 23 31 25 21 19 36 30 34 12 13 35 
Beneficio: 158
d 7 17 16 11 10 14 16 10 17 8 3 6 9 4 2 27 22 26 24 23 20 21 25 31 36 30 35 34 12 13 
Beneficio: 119
d 7 17 16 11 10 14 16 10 17 8 3 6 9 4 2 27 22 26 24 19 21 25 31 36 30 35 13 32 
Beneficio: 107
d 7 17 16 11 10 14 16 10 17 8 3 6 9 4 2 27 22 26 22 24 19 21 25 31 36 34 12 32 
Beneficio: 157
d 7 17 16 11 10 14 16 10 17 8 3 6 9 4 2 27 22 26 24 23 20 25 21 19 36 30 35 34 12 13 32 
Beneficio: 150
d 7 17 16 11 10 14 16 10 17 8 3 6 9 4 2 27 22 26 24 23 20 25 19 21 31 36 34 35 32 
Beneficio: 157
d 7 17 16 11 10 14 16 10 17 8 3 6 9 4 2 27 22 26 23 24 26 20 25 31 36 34 35 30 13 12 32 
Beneficio: 108
d 7 17 16 11 10 14 16 10 17 8 3 6 9 4 2 27 22 26 23 31 21 25 19 36 34 12 
Beneficio: 150
d 7 17 16 11 10 14 16 10 17 8 3 6 9 4 2 27 22 26 20 25 21 31 23 24 19 36 30 34 12 32 15 18 
Beneficio: 147
d 7 17 16 11 10 14 16 10 17 8 3 6 9 4 2 27 22 26 20 21 19 36 30 34 12 32 15 18 33 29 
Beneficio: 115
d 7 17 16 11 10 14 16 10 17 8 3 6 9 4 2 27 22 26 24 23 20 25 31 36 34 30 35 32 13 12 
Beneficio: 80
d 7 17 16 11 10 14 16 10 17 8 3 6 9 4 2 27 22 26 24 19 21 31 36 34 30 35 32 13 12 
Beneficio: 70
d 7 17 16 11 10 14 16 10 17 8 3 6 9 4 2 27 22 26 24 19 21 20 23 31 36 34 35 30 
Beneficio: 153
d 7 17 16 11 10 14 16 10 17 8 3 6 9 4 2 27 22 24 23 20 26 24 19 25 21 31 36 30 13 12 32 15 
Beneficio: 142
d 7 17 16 11 10 14 16 10 17 8 3 6 9 4 2 27 22 24 23 31 21 25 19 36 30 35 32 12 13 
Beneficio: 145
d 7 17 16 11 10 14 16 10 17 8 3 6 9 4 2 27 22 24 23 26 20 21 31 36 30 13 
Beneficio: 134
d 7 17 16 11 10 14 16 10 17 8 3 6 9 4 2 27 22 24 26 22 24 19 25 21 31 36 30 35 13 12 
Beneficio: 124
d 7 17 16 11 10 14 16 10 17 8 3 6 9 4 2 27 22 24 26 20 25 21 31 36 34 30 35 
Beneficio: 116
d 7 17 16 11 10 14 16 10 17 8 3 6 9 4 2 27 22 24 26 20 25 21 31 36 30 34 12 13 35 32 15 18 
Beneficio: 170
d 7 17 16 11 10 14 16 10 17 8 3 6 9 4 2 27 22 24 23 20 26 22 24 19 21 25 31 36 34 30 
Beneficio: 125
d 7 17 16 11 10 14 16 10 17 8 3 6 9 4 2 27 22 24 23 31 21 25 19 36 34 12 13 35 
Beneficio: 129
d 7 17 16 11 10 14 16 10 17 8 3 6 9 4 2 27 22 24 26 22 26 20 25 19 21 31 36 30 35 34 12 13 32 15 18 
Beneficio: 112
d 7 17 16 11 10 14 16 10 17 8 3 6 9 4 2 27 22 24 26 20 25 19 21 31 36 30 35 32 13 12 34 
Beneficio: 88
d 7 17 16 11 10 14 16 10 17 8 3 6 9 4 2 27 22 24 26 23 20 25 31 36 30 34 12 13 35 32 15 
Beneficio: 96
d 7 17 16 11 10 14 16 10 17 8 3 6 9 4 2 27 22 24 19 21 25 31 36 30 35 32 12 34 
Beneficio: 157
d 7 17 16 11 10 14 16 10 17 8 3 6 9 4 2 27 22 26 24 23 20 21 31 36 30 34 12 32 15 
Beneficio: 187
d 7 17 16 11 10 14 16 10 17 8 3 6 9 4 2 22 26 20 25 21 31 36 30 34 12 13 35 32 15 18 33 29 28 33 
Beneficio: 166
d 7 17 16 11 10 14 16 10 17 8 3 6 9 4 2 22 26 20 21 25 31 36 30 35 34 30 13 12 32 
Beneficio: 154
d 7 17 16 11 10 14 16 10 17 8 3 6 9 4 2 22 26 24 23 20 26 24 19 21 25 31 36 30 35 13 12 
Beneficio: 138
d 7 17 16 11 10 14 16 10 17 8 3 6 9 4 2 22 26 24 23 20 25 21 19 36 30 34 35 13 12 32 
Beneficio: 111
d 7 17 16 11 10 14 16 10 17 8 3 6 9 4 2 22 26 22 24 19 25 20 21 31 36 30 34 12 13 
Beneficio: 103
d 7 17 16 11 10 14 16 10 17 8 3 6 9 4 2 22 26 23 20 21 25 31 36 34 30 35 34 12 32 
Beneficio: 106
d 7 17 16 11 10 14 16 10 17 8 3 6 9 4 2 22 26 20 21 25 31 36 30 35 13 32 
Beneficio: 170
d 7 17 16 11 10 14 16 10 17 8 3 6 9 4 2 22 24 23 20 26 22 26 24 19 36 30 34 12 13 32 15 
Beneficio: 78
d 7 17 16 11 10 14 16 10 17 8 3 6 9 4 2 22 24 26 20 25 21 19 36 34 12 13 30 35 
Beneficio: 121
d 7 17 16 11 10 14 16 10 17 8 3 6 9 4 2 22 24 23 20 26 24 19 25 21 31 36 34 35 13 12 
Beneficio: 74
d 7 17 16 11 10 14 16 10 17 8 3 6 9 4 2 22 24 26 20 21 25 31 36 34 30 35 13 12 32 
Beneficio: 180
d 7 17 16 11 10 14 16 10 17 8 3 6 9 4 2 27 22 26 20 23 24 19 36 30 34 12 32 13 
Beneficio: 171
d 7 17 16 11 10 14 16 10 17 8 3 6 9 4 2 27 22 26 24 23 20 25 31 36 30 34 35 30 13 12 
Beneficio: 152
d 7 17 16 11 10 14 16 10 17 8 3 6 9 4 2 27 22 26 20 21 25 19 24 23 31 36 30 35 32 12 
Beneficio: 120
d 7 17 16 11 10 14 16 10 17 8 3 6 9 4 2 27 22 24 26 20 25 31 36 30 35 34 12 13 32 
Beneficio: 131
d 7 17 16 11 10 14 16 10 17 8 3 6 9 4 2 22 26 20 25 21 19 36 30 34 35 32 12 13 
Beneficio: 77
d 7 17 16 11 10 14 16 10 17 8 3 6 9 4 2 22 24 19 21 25 31 36 30 34 12 13 
Beneficio: 138
d 7 17 16 11 10 14 16 10 17 8 3 6 9 4 6 9 2 27 22 26 24 23 20 21 25 31 36 34 35 13 12 
Beneficio: 117
d 7 17 16 11 10 14 16 10 17 8 3 6 9 4 6 9 2 27 22 26 20 25 21 31 36 34 30 35 32 
Beneficio: 144
d 7 17 16 11 10 14 16 10 17 8 3 6 9 4 6 9 2 27 22 24 26 22 24 19 21 31 36 30 34 35 
Beneficio: 101
d 7 17 16 11 10 14 16 10 17 8 3 6 9 4 6 9 2 22 24 23 20 25 21 31 36 34 35 30 34 12 13 
Beneficio: 148
d 7 17 16 11 10 14 16 10 17 8 3 6 9 4 2 27 22 26 20 25 31 21 19 36 30 35 32 13 
Beneficio: 118
d 7 17 16 11 10 14 16 10 17 8 3 6 9 4 2 27 22 26 20 21 25 31 36 34 35 30 13 12 32 
Beneficio: 149
d 7 17 16 11 10 14 16 10 17 8 3 6 9 4 2 27 22 26 24 23 20 25 21 31 36 30 34 12 32 15 18 
Beneficio: 178
d 7 17 16 11 10 14 16 10 17 8 3 6 9 4 2 27 22 26 24 23 31 36 30 34 12 13 35 32 15 18 
Beneficio: 101
d 7 17 16 11 10 14 16 10 17 8 3 6 9 4 2 27 22 26 20 21 19 25 31 36 30 35 13 12 
Beneficio: 130
d 7 17 16 11 10 14 16 10 17 8 3 6 9 4 2 27 22 24 23 20 25 31 21 19 36 34 30 35 
Beneficio: 150
d 7 17 16 11 10 14 16 10 17 8 3 6 9 4 2 27 22 24 26 20 23 24 19 21 31 36 30 34 35 13 32 
Beneficio: 133
d 7 17 16 11 10 14 16 10 17 8 3 6 9 4 2 27 22 24 26 20 23 31 36 30 34 35 32 13 12 
Beneficio: 108
d 7 17 16 11 10 14 16 10 17 8 3 6 9 4 2 22 26 20 23 31 36 34 35 13 12 32 
Beneficio: 72
d 7 17 16 11 10 14 16 10 17 8 3 6 9 4 2 22 26 20 25 19 21 31 36 34 12 32 35 
Beneficio: 142
d 7 17 16 11 10 14 16 10 17 8 3 6 9 4 2 27 22 26 20 25 21 19 36 34 30 36 34 
Beneficio: 133
d 7 17 16 11 10 14 16 10 17 8 3 6 9 4 9 2 27 22 26 20 25 21 31 36 30 34 35 32 13 
Beneficio: 102
d 7 17 16 11 10 14 16 10 17 8 3 6 9 4 9 2 27 22 26 24 19 25 20 21 31 36 34 
Beneficio: 122
d 7 17 16 11 10 14 16 10 17 8 3 6 9 4 9 2 27 22 24 23 20 21 19 36 30 35 34 12 32 15 18 
Beneficio: 130
d 7 17 16 11 10 14 16 10 17 8 3 6 9 4 9 2 22 26 20 25 21 19 36 30 35 34 12 13 
Beneficio: 153
d 7 17 16 11 10 14 16 10 17 8 3 6 9 2 4 9 6 4 2 27 22 26 20 25 19 21 31 36 30 34 12 13 32 15 
Beneficio: 165
d 7 17 16 11 10 14 16 10 17 8 3 6 9 2 4 9 6 4 2 27 22 24 26 22 26 20 25 21 31 36 30 35 32 12 13 
Beneficio: 107
d 7 17 16 11 10 14 16 10 17 8 3 6 9 2 4 9 6 5 27 22 24 26 20 21 25 31 36 30 34 12 
Beneficio: 129
d 7 17 16 11 10 14 16 10 17 8 3 6 9 2 4 9 3 4 2 22 26 20 25 21 31 36 30 35 13 32 
Beneficio: 125
d 7 17 16 11 10 14 16 10 17 8 3 6 9 2 4 6 9 4 2 27 22 26 20 25 19 21 31 36 30 35 32 13 12 
Beneficio: 156
d 7 17 16 11 10 14 16 10 17 8 3 6 9 2 4 6 9 4 2 27 22 26 20 21 19 36 30 35 34 12 
Beneficio: 92
d 7 17 16 11 10 14 16 10 17 8 3 6 9 2 27 22 26 20 25 21 19 36 34 30 36 34 35 32 13 12 
Beneficio: 138
d 7 17 16 11 10 14 16 10 17 8 3 6 9 2 27 22 26 20 23 24 26 23 31 21 19 36 30 35 34 12 13 
Beneficio: 89
d 7 17 16 11 10 14 16 10 17 8 3 6 9 2 27 22 26 20 23 31 36 34 12 13 32 15 18 33 28 29 
Beneficio: 84
d 7 17 16 11 10 14 16 10 17 8 3 6 9 2 27 22 26 20 25 21 31 36 30 35 34 12 13 32 15 18 33 29 28 
Beneficio: 67
d 7 17 16 11 10 14 16 10 17 8 3 6 9 2 27 22 26 20 21 31 25 19 36 30 13 12 32 35 
Beneficio: 107
d 7 17 16 11 10 14 16 10 17 8 3 6 9 2 27 22 26 24 23 20 25 21 31 36 30 35 13 12 32 15 18 
Beneficio: 75
d 7 17 16 11 10 14 16 10 17 8 3 6 9 2 27 22 26 24 23 20 21 25 19 36 34 35 32 13 12 
Beneficio: 128
d 7 17 16 11 10 14 16 10 17 8 3 6 9 2 27 22 26 24 23 26 20 21 19 36 34 30 35 32 
Beneficio: 47
d 7 17 16 11 10 14 16 10 17 8 3 6 9 2 27 22 26 24 19 21 25 31 36 34 30 35 13 12 
Beneficio: 84
d 7 17 16 11 10 14 16 10 17 8 3 6 9 2 27 22 26 24 19 25 31 36 30 35 34 12 32 15 
Beneficio: 132
d 7 17 16 11 10 14 16 10 17 8 3 6 9 2 27 22 26 22 24 23 20 26 24 19 25 21 31 36 30 34 
Beneficio: 121
d 7 17 16 11 10 14 16 10 17 8 3 6 9 2 27 22 26 24 23 20 25 31 36 30 13 32 35 34 12 
Beneficio: 98
d 7 17 16 11 10 14 16 10 17 8 3 6 9 2 27 22 26 24 23 20 25 21 31 36 30 34 12 13 35 32 
Beneficio: 113
d 7 17 16 11 10 14 16 10 17 8 3 6 9 2 27 22 26 23 24 26 20 23 31 36 30 35 34 30 13 12 32 15 
Beneficio: 33
d 7 17 16 11 10 14 16 10 17 8 3 6 9 2 27 22 26 23 20 21 19 36 34 12 32 
Beneficio: 37
d 7 17 16 11 10 14 16 10 17 8 3 6 9 2 27 22 26 20 25 21 31 36 34 30 35 32 13 
Beneficio: 59
d 7 17 16 11 10 14 16 10 17 8 3 6 9 2 27 22 26 20 21 25 31 36 34 30 36 34 12 13 32 35 
Beneficio: 80
d 7 17 16 11 10 14 16 10 17 8 3 6 9 2 27 22 26 24 23 20 26 24 19 21 25 31 36 30 35 34 12 
Beneficio: 85
d 7 17 16 11 10 14 16 10 17 8 3 6 9 2 27 22 26 24 23 26 20 25 21 31 36 30 35 32 15 
Beneficio: 53
d 7 17 16 11 10 14 16 10 17 8 3 6 9 2 27 22 26 24 23 20 21 19 36 34 35 13 12 
Beneficio: 46
d 7 17 16 11 10 14 16 10 17 8 3 6 9 2 27 22 26 23 31 36 30 34 35 13 12 32 
Beneficio: 85
d 7 17 16 11 10 14 16 10 17 8 3 6 9 2 27 22 24 23 20 21 25 31 36 30 35 34 30 
Beneficio: 105
d 7 17 16 11 10 14 16 10 17 8 3 6 9 2 27 22 24 23 26 20 25 19 36 30 35 13 12 32 
Beneficio: 68
d 7 17 16 11 10 14 16 10 17 8 3 6 9 2 27 22 24 26 22 26 20 25 21 31 36 30 13 12 32 35 
Beneficio: 45
d 7 17 16 11 10 14 16 10 17 8 3 6 9 2 27 22 24 26 20 25 19 21 31 36 30 34 35 13 
Beneficio: 46
d 7 17 16 11 10 14 16 10 17 8 3 6 9 2 27 22 24 26 20 23 31 36 34 30 35 32 12 13 
Beneficio: 32
d 7 17 16 11 10 14 16 10 17 8 3 6 9 2 27 22 24 26 23 20 21 31 36 30 34 12 13 32 35 
Beneficio: 123
d 7 17 16 11 10 14 16 10 17 8 3 6 9 2 27 22 24 23 20 26 24 19 36 30 34 35 13 12 32 
Beneficio: 65
d 7 17 16 11 10 14 16 10 17 8 3 6 9 2 27 22 24 23 31 21 19 36 30 34 12 32 35 
Beneficio: 73
d 7 17 16 11 10 14 16 10 17 8 3 6 9 2 27 22 24 26 22 26 20 25 31 21 19 36 30 35 13 12 
Beneficio: 53
d 7 17 16 11 10 14 16 10 17 8 3 6 9 2 27 22 24 26 20 25 19 21 31 36 30 13 35 34 12 32 
Beneficio: 62
d 7 17 16 11 10 14 16 10 17 8 3 6 9 2 27 22 24 26 23 24 19 21 31 36 30 35 13 12 34 
Beneficio: 5
d 7 17 16 11 10 14 16 10 17 8 3 6 9 2 27 22 24 19 21 31 36 34 12 32 15 18 
Beneficio: 95
d 7 17 16 11 10 14 16 10 17 8 3 6 9 2 27 22 26 20 23 24 19 21 31 36 30 13 12 32 35 
Beneficio: 52
d 7 17 16 11 10 14 16 10 17 8 3 6 9 2 27 22 24 23 31 21 19 36 30 34 35 32 13 12 
Beneficio: 98
d 7 17 16 11 10 14 16 10 17 8 3 6 9 2 22 26 20 25 21 19 24 23 31 36 30 35 32 13 12 34 
Beneficio: 65
d 7 17 16 11 10 14 16 10 17 8 3 6 9 2 22 26 20 21 31 36 30 13 32 12 34 35 
Beneficio: 98
d 7 17 16 11 10 14 16 10 17 8 3 6 9 2 22 26 24 23 20 25 21 31 36 30 35 34 30 13 32 12 
Beneficio: 111
d 7 17 16 11 10 14 16 10 17 8 3 6 9 2 22 26 24 23 20 21 25 31 36 30 34 35 
Beneficio: 41
d 7 17 16 11 10 14 16 10 17 8 3 6 9 2 22 26 22 24 19 21 25 31 36 30 34 12 32 
Beneficio: 64
d 7 17 16 11 10 14 16 10 17 8 3 6 9 2 22 26 23 24 19 25 31 36 34 35 13 
Beneficio: 67
d 7 17 16 11 10 14 16 10 17 8 3 6 9 2 22 26 20 21 19 36 30 35 32 12 13 
Beneficio: 41
d 7 17 16 11 10 14 16 10 17 8 3 6 9 2 22 26 24 23 31 36 30 34 35 13 12 32 15 
Beneficio: 55
d 7 17 16 11 10 14 16 10 17 8 3 6 9 2 22 24 23 20 21 19 36 30 34 36 
Beneficio: 21
d 7 17 16 11 10 14 16 10 17 8 3 6 9 2 22 24 26 20 23 31 36 34 12 13 32 35 30 
Beneficio: 41
d 7 17 16 11 10 14 16 10 17 8 3 6 9 2 22 24 23 20 21 31 36 34 12 
Beneficio: -9
d 7 17 16 11 10 14 16 10 17 8 3 6 9 2 22 24 19 21 31 36 30 35 34 12 32 13 
Beneficio: 94
d 7 17 16 11 10 14 16 10 17 8 3 6 9 2 27 22 26 20 25 19 24 23 31 36 34 12 13 32 35 
Beneficio: 108
d 7 17 16 11 10 14 16 10 17 8 3 6 9 2 27 22 26 22 24 23 20 26 24 19 21 25 31 36 30 35 
Beneficio: 58
d 7 17 16 11 10 14 16 10 17 8 3 6 9 2 27 22 26 24 23 20 21 31 36 34 12 32 13 35 30 
Beneficio: 24
d 7 17 16 11 10 14 16 10 17 8 3 6 9 2 27 22 24 19 21 25 31 36 30 13 12 34 35 
Beneficio: 106
d 7 17 16 11 10 14 16 10 17 8 3 6 9 2 22 26 20 23 24 26 23 31 36 34 30 35 34 12 13 
Beneficio: 32
d 7 17 16 11 10 14 16 10 17 8 3 6 9 2 22 24 26 20 25 21 31 36 30 35 13 12 32 
Beneficio: 81
d 7 17 16 11 10 14 16 10 17 8 3 6 9 4 2 27 22 26 24 23 20 25 21 31 36 34 12 32 15 
Beneficio: 22
d 7 17 16 11 10 14 16 10 17 8 3 6 9 4 2 27 22 26 24 19 21 31 36 30 35 13 
Beneficio: 52
d 7 17 16 11 10 14 16 10 17 8 3 6 9 4 2 22 26 20 21 25 31 36 30 34 12 13 
Beneficio: 57
d 7 17 16 11 10 14 16 10 17 8 3 6 9 4 2 27 22 26 24 19 21 31 36 30 35 34 
Beneficio: 67
d 7 17 16 11 10 14 16 10 17 8 3 6 9 2 22 26 22 24 23 31 25 20 
Beneficio: 96
d 7 17 16 11 10 14 16 10 17 8 3 6 5 27 22 26 24 23 20 25 19 36 34 30 13 12 
Beneficio: 49
d 7 17 16 11 10 14 16 10 17 8 3 6 5 27 22 26 20 21 25 31 36 30 35 34 12 13 
Beneficio: 103
d 7 17 16 11 10 14 16 10 17 8 3 6 5 27 22 24 23 26 20 21 31 36 30 34 12 13 35 
Beneficio: 151
d 7 17 16 11 10 14 16 10 17 8 3 6 4 9 2 27 22 26 20 25 21 31 36 30 34 12 13 32 15 18 33 28 
Beneficio: 169
d 7 17 16 11 10 14 16 10 17 8 3 6 4 9 2 27 22 26 20 21 25 31 23 24 22 2 4 3 6 5 
Beneficio: 137
d 7 17 16 11 10 14 16 10 17 8 3 6 4 9 2 27 22 26 20 21 19 36 30 34 35 13 32 12 
Beneficio: 182
d 7 17 16 11 10 14 16 10 17 8 3 6 4 9 2 27 22 26 24 23 31 21 25 19 36 30 34 35 30 
Beneficio: 139
d 7 17 16 11 10 14 16 10 17 8 3 6 4 9 2 27 22 26 24 19 21 31 36 34 12 32 15 18 33 28 
Beneficio: 159
d 7 17 16 11 10 14 16 10 17 8 3 6 4 9 2 27 22 26 24 23 20 21 25 31 36 30 35 32 12 34 
Beneficio: 167
d 7 17 16 11 10 14 16 10 17 8 3 6 4 9 2 27 22 26 23 24 19 21 31 36 34 12 13 32 
Beneficio: 108
d 7 17 16 11 10 14 16 10 17 8 3 6 4 9 2 27 22 26 20 21 25 31 36 34 35 32 15 18 
Beneficio: 135
d 7 17 16 11 10 14 16 10 17 8 3 6 4 9 2 27 22 26 24 23 20 25 21 31 36 30 
Beneficio: 155
d 7 17 16 11 10 14 16 10 17 8 3 6 4 9 2 27 22 24 23 20 25 31 21 19 
Beneficio: 206
d 7 17 16 11 10 14 16 10 17 8 3 6 4 9 2 27 22 24 26 22 24 23 26 20 25 21 19 
Beneficio: 117
d 7 17 16 11 10 14 16 10 17 8 3 6 4 9 2 27 22 24 26 20 21 19 36 30 34 35 32 15 18 
Beneficio: 151
d 7 17 16 11 10 14 16 10 17 8 3 6 4 9 2 27 22 24 23 26 20 25 21 19 36 30 34 12 13 35 32 
Beneficio: 82
d 7 17 16 11 10 14 16 10 17 8 3 6 4 9 2 27 22 24 26 23 20 25 21 31 36 34 35 30 34 12 13 
Beneficio: 65
d 7 17 16 11 10 14 16 10 17 8 3 6 4 9 2 27 22 26 24 19 21 31 36 34 30 35 34 
Beneficio: 151
d 7 17 16 11 10 14 16 10 17 8 3 6 4 9 2 22 26 20 21 25 31 36 30 35 13 12 34 
Beneficio: 145
d 7 17 16 11 10 14 16 10 17 8 3 6 4 9 2 22 26 24 23 20 21 31 36 30 35 34 12 13 32 15 18 
Beneficio: 136
d 7 17 16 11 10 14 16 10 17 8 3 6 4 9 2 22 26 24 23 31 36 30 34 12 13 35 
Beneficio: 135
d 7 17 16 11 10 14 16 10 17 8 3 6 4 9 2 22 24 23 26 20 25 21 31 36 34 30 35 
Beneficio: 200
d 7 17 16 11 10 14 16 10 17 8 3 6 4 9 2 27 22 26 24 23 26 20 25 21 19 36 30 34 35 30 
Beneficio: 132
d 7 17 16 11 10 14 16 10 17 8 3 6 4 9 2 27 22 26 20 25 31 36 30 34 36 
Beneficio: 167
d 7 17 16 11 10 14 16 10 17 8 3 6 4 9 6 3 4 2 27 22 26 24 23 20 21 25 19 36 30 34 12 13 
Beneficio: 69
d 7 17 16 11 10 14 16 10 17 8 3 6 4 9 6 3 4 2 22 24 26 20 25 31 36 
Beneficio: 95
d 7 17 16 11 10 14 16 10 17 8 3 6 4 9 6 3 4 2 27 22 26 20 21 31 36 30 34 35 32 12 
Beneficio: 127
d 7 17 16 11 10 14 16 10 17 8 3 6 4 9 6 4 2 27 22 26 20 25 19 36 34 30 35 32 13 12 
Beneficio: 89
d 7 17 16 11 10 14 16 10 17 8 3 6 4 9 6 4 2 27 22 24 26 23 31 21 19 36 30 34 12 13 
Beneficio: 161
d 7 17 16 11 10 14 16 10 17 8 3 6 4 9 6 3 4 2 27 22 26 20 21 31 36 30 35 32 12 13 
Beneficio: 139
d 7 17 16 11 10 14 16 10 17 8 3 6 4 9 6 3 4 2 27 22 26 20 25 21 31 36 30 34 35 32 13 12 
######### Overtime ############
Mejor solucion encontrada!
Beneficio: 259
d 7 17 16 11 10 14 16 10 17 8 3 6 4 9 2 22 26 20 23 24 22 27 28 33 29 28 d 
Time taken: 7200.00s
