Evaluando ./Instances\DEGREE\D13NoRPP
Solucion inicial: ./Instances\DEGREE\D13NoRPP-salida.txt

Beneficio: 430
d 7 5 8 6 7 d 19 21 25 30 33 36 29 32 31 12 14 11 17 15 16 14 11 18 13 10 28 32 12 3 2 27 22 26 20 27 2 9 
Beneficio: 537
d 7 5 8 6 7 d 19 21 25 30 33 36 29 32 31 12 14 11 17 15 16 11 18 15 13 10 28 32 12 3 2 9 24 26 22 27 20 26 24 4 8 3 
Beneficio: 222
d 7 5 8 6 7 d 19 21 25 30 33 36 29 32 31 12 14 11 17 15 16 11 18 13 10 31 23 22 26 24 4 
Beneficio: 449
d 7 5 8 6 7 d 19 21 25 30 33 36 29 32 31 12 14 11 17 15 16 11 18 15 13 10 28 32 12 3 2 9 27 20 26 24 
Beneficio: 329
d 7 5 8 6 7 d 19 21 25 30 33 36 29 32 31 12 14 11 17 15 18 13 10 28 36 33 34 30 34 21 22 27 2 3 8 
Beneficio: 302
d 7 5 8 6 7 d 19 21 25 30 33 36 29 32 31 12 14 11 17 15 18 13 10 28 32 12 3 8 4 26 24 9 2 27 20 26 22 
Beneficio: 359
d 7 5 8 6 7 d 19 21 25 30 33 36 29 32 31 12 14 11 17 15 18 13 10 29 36 35 34 21 22 26 20 27 2 3 8 
Beneficio: 442
d 7 5 8 6 7 d 19 21 25 30 33 36 29 32 31 12 14 11 17 15 18 13 10 28 32 12 3 2 9 24 23 3 8 4 26 20 27 2 
Beneficio: 429
d 7 5 8 6 7 d 19 21 25 30 33 36 29 32 31 12 14 11 17 15 18 13 10 29 28 36 35 34 21 22 26 20 2 9 4 8 3 2 
Beneficio: 292
d 7 5 8 6 7 d 19 21 25 30 33 36 29 32 31 12 14 11 17 15 13 10 28 36 35 34 21 22 23 3 2 9 4 26 
Beneficio: 272
d 7 5 8 6 7 d 19 21 25 30 33 36 29 32 31 12 14 11 17 15 13 10 28 32 12 3 8 4 24 9 2 27 
Beneficio: 358
d 7 5 8 6 7 d 19 21 25 30 33 36 29 32 31 12 14 11 17 15 13 10 28 32 12 3 2 9 24 26 22 27 20 26 24 4 9 
Beneficio: 234
d 7 5 8 6 7 d 19 21 25 30 33 36 29 32 31 12 14 11 17 15 13 10 31 23 3 8 4 9 2 27 20 26 24 9 
Beneficio: 524
d 7 5 8 6 7 d 19 21 25 30 33 36 29 32 31 12 14 11 17 18 15 16 11 18 13 10 28 36 35 34 21 22 27 2 20 26 24 9 4 8 3 2 
Beneficio: 450
d 7 5 8 6 7 d 19 21 25 30 33 36 29 32 31 12 14 11 17 18 15 13 10 28 32 12 3 23 24 26 20 27 2 9 4 8 3 2 
Beneficio: 206
d 7 5 8 6 7 d 19 21 25 30 33 36 29 32 31 12 14 11 17 18 15 16 11 18 15 13 10 28 32 31 23 24 9 2 
Beneficio: 370
d 7 5 8 6 7 d 19 21 25 30 33 36 29 32 31 12 14 11 17 18 13 10 28 36 35 30 34 21 22 27 20 2 3 8 4 26 24 9 
Beneficio: 440
d 7 5 8 6 7 d 19 21 25 30 33 36 29 32 31 12 14 11 17 18 13 10 28 32 12 3 8 4 24 26 20 2 3 23 24 9 2 27 
Beneficio: 531
d 7 5 8 6 7 d 19 21 25 30 33 36 29 32 31 12 14 11 17 15 16 14 19 20 27 2 3 8 4 9 2 27 20 26 24 9 
Beneficio: 373
d 7 5 8 6 7 d 19 21 25 30 33 36 29 32 31 12 14 11 17 15 16 11 18 13 10 28 32 12 3 8 4 9 2 27 20 26 4 
Beneficio: 267
d 7 5 8 6 7 d 19 21 25 30 33 36 29 32 31 12 14 11 17 15 18 13 10 28 36 35 34 21 22 26 20 27 2 3 
Beneficio: 284
d 7 5 8 6 7 d 19 21 25 30 33 36 29 32 31 12 14 11 17 15 13 10 28 32 12 3 8 4 24 26 20 27 2 9 24 4 
Beneficio: 443
d 7 5 8 6 7 d 19 21 25 30 33 36 29 32 31 12 14 11 17 18 15 16 14 12 31 23 3 2 9 24 26 20 27 2 
Beneficio: 171
d 7 5 8 6 7 d 19 21 25 30 33 36 29 32 31 12 14 11 17 18 15 13 10 28 36 35 34 30 34 33 
Beneficio: 334
d 7 5 8 6 7 d 19 21 25 30 33 36 29 32 31 12 14 11 17 18 15 13 10 28 32 12 3 23 22 26 20 2 3 
Beneficio: 201
d 7 5 8 6 7 d 19 21 25 30 33 36 29 32 31 12 14 11 17 18 13 10 28 32 12 3 8 4 9 24 
Beneficio: 352
d 7 5 8 6 7 d 19 21 25 30 33 36 29 32 31 12 14 11 17 13 10 28 32 12 3 2 27 20 26 4 9 2 
Beneficio: 434
d 7 5 8 6 7 d 19 21 25 30 33 36 29 32 31 12 14 11 16 15 17 11 18 13 10 28 32 12 3 2 9 24 26 20 27 
Beneficio: 370
d 7 5 8 6 7 d 19 21 25 30 33 36 29 32 31 12 14 11 16 15 17 18 13 10 29 28 32 12 3 8 4 24 9 2 27 20 26 22 
Beneficio: 373
d 7 5 8 6 7 d 19 21 25 30 33 36 29 32 31 12 14 11 16 15 17 18 13 10 28 32 31 23 3 2 9 24 26 22 27 20 
Beneficio: 375
d 7 5 8 6 7 d 19 21 25 30 33 36 29 32 31 12 14 11 16 15 18 13 10 28 32 31 23 22 26 20 2 9 4 8 3 
Beneficio: 442
d 7 5 8 6 7 d 19 21 25 30 33 36 29 32 31 12 14 11 16 15 18 11 17 13 10 28 32 12 3 2 9 24 26 20 27 
Beneficio: 287
d 7 5 8 6 7 d 19 21 25 30 33 36 29 32 31 12 14 11 16 15 18 13 10 28 32 31 23 24 26 20 27 2 
Beneficio: 464
d 7 5 8 6 7 d 19 21 25 30 33 36 29 32 31 12 14 11 16 15 13 10 28 36 33 35 34 21 22 27 20 2 3 8 4 24 
Beneficio: 392
d 7 5 8 6 7 d 19 21 25 30 33 36 29 32 31 12 14 11 16 15 13 10 28 32 12 3 2 27 22 26 24 4 
Beneficio: 443
d 7 5 8 6 7 d 19 21 25 30 33 36 29 32 31 12 14 11 16 15 17 11 18 13 10 28 36 35 34 21 22 27 20 26 24 9 2 3 
Beneficio: 338
d 7 5 8 6 7 d 19 21 25 30 33 36 29 32 31 12 14 11 16 14 12 3 2 9 4 24 26 20 27 22 26 
Beneficio: 522
d 7 5 8 6 7 d 19 21 25 30 33 36 29 32 31 12 14 11 18 15 16 14 12 3 2 20 26 24 23 3 8 4 24 9 
Beneficio: 384
d 7 5 8 6 7 d 19 21 25 30 33 36 29 32 31 12 14 11 18 15 16 11 17 18 15 13 10 28 32 31 23 22 27 2 3 8 
Beneficio: 307
d 7 5 8 6 7 d 19 21 25 30 33 36 29 32 31 12 14 11 18 15 16 11 17 18 15 13 10 28 32 12 3 8 4 9 2 20 27 
Beneficio: 214
d 7 5 8 6 7 d 19 21 25 30 33 36 29 32 31 12 14 11 18 15 16 14 11 17 18 15 13 10 28 29 36 
Beneficio: 453
d 7 5 8 6 7 d 19 21 25 30 33 36 29 32 31 12 14 11 18 15 16 11 17 15 13 10 28 32 12 3 2 9 24 26 20 27 2 9 4 
Beneficio: 222
d 7 5 8 6 7 d 19 21 25 30 33 36 29 32 31 12 14 11 18 15 16 11 17 15 18 13 10 28 29 36 33 35 34 
Beneficio: 351
d 7 5 8 6 7 d 19 21 25 30 33 36 29 32 31 12 14 11 18 15 13 10 28 32 12 3 2 9 4 24 26 20 27 2 9 
Beneficio: 190
d 7 5 8 6 7 d 19 21 25 30 33 36 29 32 31 12 14 11 18 13 10 28 32 12 3 23 24 4 8 
Beneficio: 509
d 7 5 8 6 7 d 19 21 25 30 33 36 29 32 31 12 14 11 18 17 15 16 11 17 18 15 13 10 28 32 12 3 2 20 26 24 4 8 
Beneficio: 254
d 7 5 8 6 7 d 19 21 25 30 33 36 29 32 31 12 14 11 18 17 13 15 16 11 18 13 10 28 36 35 34 30 
Beneficio: 428
d 7 5 8 6 7 d 19 21 25 30 33 36 29 32 31 12 14 11 18 17 15 16 11 17 18 13 10 28 32 12 3 2 20 26 24 9 
Beneficio: 528
d 7 5 8 6 7 d 19 21 25 30 33 36 29 32 31 12 14 11 16 15 18 13 10 28 32 12 3 8 4 26 24 9 2 3 23 22 27 20 26 
Beneficio: 241
d 7 5 8 6 7 d 19 21 25 30 33 36 29 32 31 12 14 11 16 15 13 10 29 36 35 34 30 
Beneficio: 389
d 7 5 8 6 7 d 19 21 25 30 33 36 29 32 31 12 14 11 14 16 15 18 13 10 28 32 12 3 8 4 26 22 27 20 26 24 9 
Beneficio: 371
d 7 5 8 6 7 d 19 21 25 30 33 36 29 32 31 12 14 11 14 16 15 17 18 13 10 28 36 35 34 21 22 26 20 27 2 9 24 4 8 3 
Beneficio: 245
d 7 5 8 6 7 d 19 21 25 30 33 36 29 32 31 12 14 11 17 15 16 14 11 18 13 10 28 36 35 33 34 
Beneficio: 432
d 7 5 8 6 7 d 19 21 25 30 33 36 29 32 31 12 14 11 17 18 13 10 28 36 35 34 21 22 26 20 27 2 3 8 4 9 24 26 
Beneficio: 214
d 7 5 8 6 7 d 19 21 25 30 33 36 29 32 31 12 14 11 18 15 16 11 17 15 18 13 10 29 36 28 
Beneficio: 460
d 7 5 8 6 7 d 19 21 25 30 33 36 29 32 31 12 14 16 15 17 11 14 16 11 18 15 13 10 28 32 12 3 2 27 20 26 24 9 4 
Beneficio: 374
d 7 5 8 6 7 d 19 21 25 30 33 36 29 32 31 12 14 16 15 17 11 14 16 11 18 13 10 28 32 12 3 8 4 26 20 2 9 4 
Beneficio: 423
d 7 5 8 6 7 d 19 21 25 30 33 36 29 32 31 12 14 16 15 17 11 16 14 11 18 15 13 10 28 32 12 3 2 27 20 26 4 
Beneficio: 324
d 7 5 8 6 7 d 19 21 25 30 33 36 29 32 31 12 14 16 15 17 11 16 14 12 3 23 24 9 2 20 26 24 4 8 
Beneficio: 512
d 7 5 8 6 7 d 19 21 25 30 33 36 29 32 31 12 14 16 15 17 11 18 13 10 28 32 12 3 23 22 27 2 3 8 4 24 26 20 27 
Beneficio: 408
d 7 5 8 6 7 d 19 21 25 30 33 36 29 32 31 12 14 16 15 17 11 16 14 12 3 2 9 24 26 20 27 9 
Beneficio: 269
d 7 5 8 6 7 d 19 21 25 30 33 36 29 32 31 12 14 16 15 17 18 13 10 28 32 12 3 23 24 26 20 27 22 23 
Beneficio: 400
d 7 5 8 6 7 d 19 21 25 30 33 36 29 32 31 12 14 16 15 17 18 13 10 29 28 32 31 23 3 2 27 20 26 4 24 
Beneficio: 352
d 7 5 8 6 7 d 19 21 25 30 33 36 29 32 31 12 14 16 15 17 18 13 10 28 29 32 12 3 8 4 24 26 20 27 2 9 24 4 
Beneficio: 400
d 7 5 8 6 7 d 19 21 25 30 33 36 29 32 31 12 14 16 15 17 18 13 10 28 32 12 3 2 9 4 26 20 27 
Beneficio: 353
d 7 5 8 6 7 d 19 21 25 30 33 36 29 32 31 12 14 16 15 17 13 10 28 32 12 3 8 4 24 26 20 2 9 4 26 
Beneficio: 412
d 7 5 8 6 7 d 19 21 25 30 33 36 29 32 31 12 14 16 15 18 13 10 28 32 12 3 2 20 27 22 26 20 27 2 9 24 26 22 
Beneficio: 453
d 7 5 8 6 7 d 19 21 25 30 33 36 29 32 31 12 14 16 15 18 13 10 28 32 12 3 2 27 20 26 22 27 2 9 24 4 8 
Beneficio: 383
d 7 5 8 6 7 d 19 21 25 30 33 36 29 32 31 12 14 16 15 18 17 11 14 16 11 18 13 10 28 32 12 3 8 4 24 26 20 27 2 9 24 23 
Beneficio: 363
d 7 5 8 6 7 d 19 21 25 30 33 36 29 32 31 12 14 16 15 18 11 14 16 11 17 15 13 10 28 32 12 3 2 9 4 24 
Beneficio: 275
d 7 5 8 6 7 d 19 21 25 30 33 36 29 32 31 12 14 16 15 18 11 16 14 12 3 8 4 24 9 2 27 22 26 
Beneficio: 443
d 7 5 8 6 7 d 19 21 25 30 33 36 29 32 31 12 14 16 15 18 13 10 28 36 35 34 21 22 27 20 26 4 24 9 2 3 8 
Beneficio: 403
d 7 5 8 6 7 d 19 21 25 30 33 36 29 32 31 12 14 16 15 18 13 10 28 32 31 12 3 2 20 26 24 9 2 
Beneficio: 345
d 7 5 8 6 7 d 19 21 25 30 33 36 29 32 31 12 14 16 15 18 13 10 29 28 32 12 3 8 4 24 9 2 20 26 24 4 
Beneficio: 233
d 7 5 8 6 7 d 19 21 25 30 33 36 29 32 31 12 14 16 15 18 11 14 16 11 17 15 18 13 10 28 32 12 3 23 22 26 24 
Beneficio: 546
d 7 5 8 6 7 d 19 21 25 30 33 36 29 32 31 12 14 16 15 18 11 16 14 11 17 15 13 10 28 32 12 3 2 20 26 24 9 4 8 3 23 
Beneficio: 484
d 7 5 8 6 7 d 19 21 25 30 33 36 29 32 31 12 14 16 15 18 11 17 13 10 28 36 35 34 21 22 26 20 27 2 3 8 4 
Beneficio: 495
d 7 5 8 6 7 d 19 21 25 30 33 36 29 32 31 12 14 16 15 13 10 28 36 33 35 34 21 22 27 2 3 8 4 26 20 2 9 24 26 
Beneficio: 423
d 7 5 8 6 7 d 19 21 25 30 33 36 29 32 31 12 14 16 15 13 10 28 32 12 3 2 20 27 22 23 3 8 4 9 2 27 20 
Beneficio: 380
d 7 5 8 6 7 d 19 21 25 30 33 36 29 32 31 12 14 16 15 13 10 28 32 12 3 8 4 9 2 20 26 24 4 
Beneficio: 386
d 7 5 8 6 7 d 19 21 25 30 33 36 29 32 31 12 14 16 15 13 10 29 28 32 12 3 2 27 22 26 20 2 9 
Beneficio: 368
d 7 5 8 6 7 d 19 21 25 30 33 36 29 32 31 12 14 16 15 17 11 14 12 3 8 4 26 20 2 9 24 23 22 
Beneficio: 344
d 7 5 8 6 7 d 19 21 25 30 33 36 29 32 31 12 14 16 15 17 11 16 14 12 3 8 4 26 20 2 9 
Beneficio: 257
d 7 5 8 6 7 d 19 21 25 30 33 36 29 32 31 12 14 16 15 17 18 13 10 28 36 35 34 21 22 26 24 9 2 27 20 26 
Beneficio: 387
d 7 5 8 6 7 d 19 21 25 30 33 36 29 32 31 12 14 16 15 13 10 28 32 31 23 3 2 20 26 4 24 9 2 
Beneficio: 382
d 7 5 8 6 7 d 19 21 25 30 33 36 29 32 31 12 14 16 11 14 16 15 17 18 13 10 28 32 12 3 8 4 26 22 27 20 26 22 
Beneficio: 362
d 7 5 8 6 7 d 19 21 25 30 33 36 29 32 31 12 14 16 11 14 16 15 17 18 13 10 28 32 31 23 3 2 9 24 4 
Beneficio: 328
d 7 5 8 6 7 d 19 21 25 30 33 36 29 32 31 12 14 16 11 14 16 15 18 13 10 29 28 32 12 3 8 4 26 24 9 2 27 20 
Beneficio: 240
d 7 5 8 6 7 d 19 21 25 30 33 36 29 32 31 12 14 16 11 14 16 15 18 13 10 29 28 36 35 30 
Beneficio: 535
d 7 5 8 6 7 d 19 21 25 30 33 36 29 32 31 12 14 16 11 14 16 15 13 10 28 32 31 23 24 26 20 2 9 4 8 3 2 27 20 
Beneficio: 335
d 7 5 8 6 7 d 19 21 25 30 33 36 29 32 31 12 14 16 11 14 16 15 17 18 13 10 28 32 12 3 8 4 26 20 27 22 
Beneficio: 222
d 7 5 8 6 7 d 19 21 25 30 33 36 29 32 31 12 14 16 11 14 11 18 17 15 16 11 17 13 10 28 36 
Beneficio: 377
d 7 5 8 6 7 d 19 21 25 30 33 36 29 32 31 12 14 16 11 17 15 16 14 11 18 13 10 28 32 12 3 2 20 27 9 
Beneficio: 406
d 7 5 8 6 7 d 19 21 25 30 33 36 29 32 31 12 14 16 11 17 15 16 14 12 3 2 9 24 23 22 26 20 27 2 
Beneficio: 341
d 7 5 8 6 7 d 19 21 25 30 33 36 29 32 31 12 14 16 11 17 15 18 13 10 28 29 36 35 34 21 22 27 20 2 9 4 8 3 2 27 
Beneficio: 347
d 7 5 8 6 7 d 19 21 25 30 33 36 29 32 31 12 14 16 11 17 18 15 16 14 12 3 8 4 9 27 20 26 24 9 2 
Beneficio: 232
d 7 5 8 6 7 d 19 21 25 30 33 36 29 32 31 12 14 16 11 17 15 16 14 11 18 15 13 10 28 29 36 35 30 34 21 
Beneficio: 271
d 7 5 8 6 7 d 19 21 25 30 33 36 29 32 31 12 14 16 11 17 18 15 16 14 11 18 15 13 10 28 32 12 3 23 22 26 20 27 
Beneficio: 295
d 7 5 8 6 7 d 19 21 25 30 33 36 29 32 31 12 14 16 11 17 13 10 28 36 35 34 21 22 23 3 2 27 20 26 
Beneficio: 456
d 7 5 8 6 7 d 19 21 25 30 33 36 29 32 31 12 14 16 11 18 15 16 14 11 17 18 13 10 28 32 12 3 23 24 9 2 3 8 4 
Beneficio: 427
d 7 5 8 6 7 d 19 21 25 30 33 36 29 32 31 12 14 16 11 18 15 16 14 11 17 15 13 10 28 32 12 3 2 9 24 4 26 20 
Beneficio: 406
d 7 5 8 6 7 d 19 21 25 30 33 36 29 32 31 12 14 16 11 18 13 10 28 36 35 33 34 21 22 27 2 9 4 8 3 2 27 20 26 24 
Beneficio: 168
d 7 5 8 6 7 d 19 21 25 30 33 36 29 32 31 12 14 16 11 18 17 15 13 10 28 36 35 33 34 21 22 26 24 9 2 27 20 26 
Beneficio: 175
d 7 5 8 6 7 d 19 21 25 30 33 36 29 32 31 12 14 16 11 18 13 10 28 36 35 34 30 34 21 22 27 20 26 24 
Beneficio: 358
d 7 5 8 6 7 d 19 21 25 30 33 36 29 32 31 12 14 16 11 14 16 15 18 17 13 10 28 32 12 3 2 20 
Beneficio: 186
d 7 5 8 6 7 d 19 21 25 30 33 36 29 32 31 12 14 16 11 17 15 16 14 11 18 15 13 10 29 28 36 
Beneficio: 97
d 7 5 8 6 7 d 19 21 25 30 33 36 29 32 31 12 14 16 11 17 13 10 28 36 35 33 34 21 22 
Beneficio: 503
d 7 5 8 6 7 d 19 21 25 30 33 36 29 32 31 12 14 16 11 18 15 16 14 11 17 15 18 13 10 28 32 12 3 2 27 20 26 24 4 8 
Beneficio: 247
d 7 5 8 6 7 d 19 21 25 30 33 36 29 32 31 12 14 16 15 17 11 14 11 18 13 10 28 36 35 30 
Beneficio: 385
d 7 5 8 6 7 d 19 21 25 30 33 36 29 32 31 12 14 16 15 17 11 16 14 11 18 13 10 31 23 3 8 4 24 26 20 27 2 
Beneficio: 351
d 7 5 8 6 7 d 19 21 25 30 33 36 29 32 31 12 14 16 15 17 11 18 13 10 28 32 12 3 8 4 24 9 2 27 20 26 4 
Beneficio: 346
d 7 5 8 6 7 d 19 21 25 30 33 36 29 32 31 12 14 16 15 17 18 13 10 28 29 32 12 3 8 4 24 26 20 2 9 4 
Beneficio: 503
d 7 5 8 6 7 d 19 21 25 30 33 36 29 32 31 12 14 16 15 17 18 13 10 28 32 12 3 8 4 24 26 20 27 2 3 
Beneficio: 253
d 7 5 8 6 7 d 19 21 25 30 33 36 29 32 31 12 14 16 15 17 18 13 10 28 32 31 23 22 27 2 9 24 26 20 27 9 
Beneficio: 413
d 7 5 8 6 7 d 19 21 25 30 33 36 29 32 31 12 14 16 15 17 13 10 28 32 12 3 2 9 24 26 20 27 
Beneficio: 241
d 7 5 8 6 7 d 19 21 25 30 33 36 29 32 31 12 14 16 15 18 13 10 28 32 12 3 23 22 26 20 27 2 9 4 
Beneficio: 239
d 7 5 8 6 7 d 19 21 25 30 33 36 29 32 31 12 14 16 15 18 17 11 14 12 31 23 3 8 
Beneficio: 452
d 7 5 8 6 7 d 19 21 25 30 33 36 29 32 31 12 14 16 15 18 11 16 14 11 17 18 13 10 28 32 12 3 2 9 24 4 8 3 23 
Beneficio: 343
d 7 5 8 6 7 d 19 21 25 30 33 36 29 32 31 12 14 16 15 18 13 10 28 32 12 3 8 4 26 20 27 2 9 24 26 22 23 3 
Beneficio: 187
d 7 5 8 6 7 d 19 21 25 30 33 36 29 32 31 12 14 16 15 18 13 10 29 32 12 3 23 
Beneficio: 527
d 7 5 8 6 7 d 19 21 25 30 33 36 29 32 31 12 14 16 15 18 11 14 12 3 23 22 26 4 8 3 2 27 20 26 24 
Beneficio: 337
d 7 5 8 6 7 d 19 21 25 30 33 36 29 32 31 12 14 16 15 13 18 17 11 16 14 12 3 8 4 26 20 
Beneficio: 276
d 7 5 8 6 7 d 19 21 25 30 33 36 29 32 31 12 14 16 15 13 10 28 32 12 3 8 4 24 9 2 27 22 21 25 
Beneficio: 350
d 7 5 8 6 7 d 19 21 25 30 33 36 29 32 31 12 14 16 15 13 10 28 32 12 3 23 22 26 20 27 2 9 24 26 4 8 3 23 
Beneficio: 441
d 7 5 8 6 7 d 19 21 25 30 33 36 29 32 31 12 14 16 15 17 11 14 16 11 18 13 10 28 36 35 34 21 22 27 20 26 24 9 2 3 
Beneficio: 453
d 7 5 8 6 7 d 19 21 25 30 33 36 29 32 31 12 14 16 15 17 11 18 13 10 28 32 12 3 2 27 20 26 4 8 
Beneficio: 171
d 7 5 8 6 7 d 19 21 25 30 33 36 29 32 31 12 14 16 15 17 13 10 28 32 12 3 23 22 27 2 
Beneficio: 466
d 7 5 8 6 7 d 19 21 25 30 33 36 29 32 31 12 14 16 11 14 16 15 17 18 13 10 28 32 12 3 8 4 24 26 22 27 20 2 3 
Beneficio: 436
d 7 5 8 6 7 d 19 21 25 30 33 36 29 32 31 12 14 16 11 14 16 15 18 13 10 28 32 12 3 2 27 22 26 20 2 
Beneficio: 387
d 7 5 8 6 7 d 19 21 25 30 33 36 29 32 31 12 14 16 11 14 16 15 13 10 28 36 35 34 21 22 26 20 27 2 9 24 4 8 3 23 
Beneficio: 378
d 7 5 8 6 7 d 19 21 25 30 33 36 29 32 31 12 14 16 11 14 16 15 17 11 18 13 10 28 32 12 3 8 4 24 9 2 27 20 26 24 
Beneficio: 441
d 7 5 8 6 7 d 19 21 25 30 33 36 29 32 31 12 14 16 11 17 15 16 14 11 18 15 13 10 28 36 35 34 21 22 27 20 2 9 24 26 20 27 2 3 
Beneficio: 346
d 7 5 8 6 7 d 19 21 25 30 33 36 29 32 31 12 14 16 11 17 15 16 14 12 3 8 4 24 9 2 20 26 22 27 20 
Beneficio: 340
d 7 5 8 6 7 d 19 21 25 30 33 36 29 32 31 12 14 16 11 17 18 15 16 14 11 18 13 10 28 32 12 3 8 4 26 24 
Beneficio: 438
d 7 5 8 6 7 d 19 21 25 30 33 36 29 32 31 12 14 16 11 17 15 16 14 11 17 15 18 13 10 28 32 12 3 2 9 24 26 4 8 
Beneficio: 315
d 7 5 8 6 7 d 19 21 25 30 33 36 29 32 31 12 14 16 11 17 13 15 16 14 11 18 13 10 28 32 12 3 8 4 24 26 
Beneficio: 379
d 7 5 8 6 7 d 19 21 25 30 33 36 29 32 31 12 14 16 11 18 15 16 14 11 17 15 18 13 10 28 32 12 3 8 4 9 2 27 20 26 24 4 
Beneficio: 212
d 7 5 8 6 7 d 19 21 25 30 33 36 29 32 31 12 14 16 11 18 13 15 16 14 11 17 13 10 28 32 29 36 
Beneficio: 309
d 7 5 8 6 7 d 19 21 25 30 33 36 29 32 31 12 14 16 11 18 15 16 14 11 17 18 13 10 28 32 12 3 8 4 24 9 
Beneficio: 289
d 7 5 8 6 7 d 19 21 25 30 33 36 29 32 31 12 14 16 11 14 16 15 13 10 28 32 12 3 8 4 26 24 
Beneficio: 371
d 7 5 8 6 7 d 19 21 25 30 33 36 29 32 31 12 14 16 11 17 18 15 16 14 11 18 15 13 10 28 32 12 3 8 4 26 20 27 
Beneficio: 257
d 7 5 8 6 7 d 19 21 25 30 33 36 29 32 31 12 14 11 17 15 16 14 12 3 23 24 9 2 20 26 24 
Beneficio: 298
d 7 5 8 6 7 d 19 21 25 30 33 36 29 32 31 12 14 11 16 15 17 18 13 10 28 32 12 3 8 4 26 
Beneficio: 410
d 7 5 8 6 7 d 19 21 25 30 33 36 29 32 31 12 14 11 18 17 15 16 14 12 3 2 27 20 26 24 9 2 
Beneficio: 435
d 7 5 8 6 7 d 19 21 25 30 33 36 29 32 31 12 3 2 9 24 26 20 27 22 23 3 12 14 11 16 15 17 18 13 10 29 28 
Beneficio: 534
d 7 5 8 6 7 d 19 21 25 30 33 36 29 32 31 12 3 2 9 24 26 20 27 22 26 4 8 3 12 14 16 11 17 15 16 11 14 
Beneficio: 475
d 7 5 8 6 7 d 19 21 25 30 33 36 29 32 31 12 3 2 9 24 26 4 8 3 23 31 32 12 14 16 15 17 11 14 16 11 18 13 10 
Beneficio: 545
d 7 5 8 6 7 d 19 21 25 30 33 36 29 32 31 12 3 2 9 24 26 22 27 20 26 4 8 3 12 14 16 15 17 18 11 16 14 11 
Beneficio: 545
d 7 5 8 6 7 d 19 21 25 30 33 36 29 32 31 12 3 2 9 24 4 26 22 27 20 26 24 4 8 3 12 14 16 11 14 16 15 17 11 18 
Beneficio: 318
d 7 5 8 6 7 d 19 21 25 30 33 36 29 32 31 12 3 2 9 24 4 8 3 12 14 11 18 13 15 17 
Beneficio: 382
d 7 5 8 6 7 d 19 21 25 30 33 36 29 32 31 12 3 2 9 24 23 3 12 14 16 11 17 15 16 14 11 18 15 17 
Beneficio: 550
d 7 5 8 6 7 d 19 21 25 30 33 36 29 32 31 12 3 2 9 4 26 20 27 22 26 24 9 4 8 3 12 14 16 11 14 16 15 17 11 18 
Beneficio: 249
d 7 5 8 6 7 d 19 21 25 30 33 36 29 32 31 12 3 2 9 4 24 26 20 27 9 24 26 22 23 3 
Beneficio: 427
d 7 5 8 6 7 d 19 21 25 30 33 36 29 32 31 12 3 2 9 4 26 20 2 27 22 23 3 12 14 16 15 18 17 11 14 16 
Beneficio: 538
d 7 5 8 6 7 d 19 21 25 30 33 36 29 32 31 12 3 2 9 27 20 26 24 9 4 8 3 12 14 11 17 15 16 14 11 18 15 13 10 
Beneficio: 443
d 7 5 8 6 7 d 19 21 25 30 33 36 29 32 31 12 3 2 9 24 26 4 8 3 12 14 16 15 17 11 18 13 10 29 36 
Beneficio: 422
d 7 5 8 6 7 d 19 21 25 30 33 36 29 32 31 12 3 2 9 27 22 26 4 8 3 12 14 16 15 17 18 13 10 28 
Beneficio: 532
d 7 5 8 6 7 d 19 21 25 30 33 36 29 32 31 12 3 2 27 20 26 24 4 8 3 23 31 12 14 16 15 18 11 16 14 11 17 
Beneficio: 329
d 7 5 8 6 7 d 19 21 25 30 33 36 29 32 31 12 3 2 27 20 26 4 24 23 3 12 14 16 11 14 16 11 
Beneficio: 526
d 7 5 8 6 7 d 19 21 25 30 33 36 29 32 31 12 3 2 27 20 26 22 27 20 2 9 24 4 8 3 12 14 11 17 15 16 14 11 18 13 
Beneficio: 345
d 7 5 8 6 7 d 19 21 25 30 33 36 29 32 31 12 3 2 27 20 26 24 9 4 8 3 12 32 28 10 13 18 11 16 14 
Beneficio: 526
d 7 5 8 6 7 d 19 21 25 30 33 36 29 32 31 12 3 2 27 20 26 22 27 20 2 9 4 8 3 12 14 16 15 17 18 11 14 
Beneficio: 385
d 7 5 8 6 7 d 19 21 25 30 33 36 29 32 31 12 3 2 27 22 23 3 8 4 9 24 26 20 27 2 
Beneficio: 487
d 7 5 8 6 7 d 19 21 25 30 33 36 29 32 31 12 3 2 27 22 26 24 4 8 3 12 14 16 11 18 17 15 16 14 11 17 15 18 
Beneficio: 271
d 7 5 8 6 7 d 19 21 25 30 33 36 29 32 31 12 3 2 27 22 26 24 9 4 8 3 23 22 26 4 24 
Beneficio: 351
d 7 5 8 6 7 d 19 21 25 30 33 36 29 32 31 12 3 2 27 9 4 24 26 20 27 2 9 24 23 3 8 4 26 22 
Beneficio: 316
d 7 5 8 6 7 d 19 21 25 30 33 36 29 32 31 12 3 2 20 26 24 23 3 12 14 11 17 18 15 13 
Beneficio: 451
d 7 5 8 6 7 d 19 21 25 30 33 36 29 32 31 12 3 2 20 26 24 4 8 3 12 14 11 17 13 10 
Beneficio: 382
d 7 5 8 6 7 d 19 21 25 30 33 36 29 32 31 12 3 2 20 27 22 26 24 4 8 3 12 14 11 18 13 10 28 36 
Beneficio: 358
d 7 5 8 6 7 d 19 21 25 30 33 36 29 32 31 12 3 2 20 27 22 23 31 12 14 16 15 17 13 18 11 14 
Beneficio: 501
d 7 5 8 6 7 d 19 21 25 30 33 36 29 32 31 12 3 2 27 20 26 24 9 4 8 3 23 31 32 12 14 16 11 17 18 15 16 
Beneficio: 529
d 7 5 8 6 7 d 19 21 25 30 33 36 29 32 31 12 3 2 27 20 26 22 27 20 2 9 24 4 8 3 12 14 16 15 18 11 14 
Beneficio: 538
d 7 5 8 6 7 d 19 21 25 30 33 36 29 32 31 12 3 2 27 20 26 24 9 4 8 3 12 14 11 17 15 16 11 18 13 17 15 
Beneficio: 421
d 7 5 8 6 7 d 19 21 25 30 33 36 29 32 31 12 3 2 27 20 26 22 23 3 12 14 11 17 18 15 16 11 18 
Beneficio: 412
d 7 5 8 6 7 d 19 21 25 30 33 36 29 32 31 12 3 2 27 22 26 20 2 9 4 8 3 12 14 16 11 17 18 13 15 
Beneficio: 531
d 7 5 8 6 7 d 19 21 25 30 33 36 29 32 31 12 3 2 20 26 24 9 4 8 3 23 31 12 14 16 15 13 18 11 16 14 11 
Beneficio: 482
d 7 5 8 6 7 d 19 21 25 30 33 36 29 32 31 12 3 2 20 26 22 23 24 9 4 8 3 12 14 16 15 18 11 16 
Beneficio: 511
d 7 5 8 6 7 d 19 21 25 30 33 36 29 32 31 12 3 2 20 27 22 26 20 27 2 9 24 26 4 8 3 12 14 16 15 17 11 18 
Beneficio: 457
d 7 5 8 6 7 d 19 21 25 30 33 36 29 32 31 12 3 2 20 27 9 4 8 3 12 14 11 18 15 16 11 
Beneficio: 302
d 7 5 8 6 7 d 19 21 25 30 33 36 29 32 31 12 3 2 9 24 26 20 2 27 22 23 3 8 4 9 
Beneficio: 433
d 7 5 8 6 7 d 19 21 25 30 33 36 29 32 31 12 3 2 9 27 20 26 24 4 8 3 12 14 11 17 18 15 
Beneficio: 376
d 7 5 8 6 7 d 19 21 25 30 33 36 29 32 31 12 3 8 4 26 20 27 22 26 24 23 3 12 14 16 11 17 15 16 14 11 18 13 
Beneficio: 494
d 7 5 8 6 7 d 19 21 25 30 33 36 29 32 31 12 3 8 4 26 20 27 22 26 24 9 2 3 12 14 16 11 17 15 16 11 18 15 13 10 
Beneficio: 376
d 7 5 8 6 7 d 19 21 25 30 33 36 29 32 31 12 3 8 4 26 20 2 9 24 26 22 23 3 12 14 11 17 18 13 15 16 14 
Beneficio: 545
d 7 5 8 6 7 d 19 21 25 30 33 36 29 32 31 12 3 8 4 26 24 9 2 27 20 26 22 27 20 2 3 12 14 16 15 18 17 11 16 14 11 
Beneficio: 551
d 7 5 8 6 7 d 19 21 25 30 33 36 29 32 31 12 3 8 4 26 22 27 20 26 24 9 2 3 12 14 11 16 15 13 18 17 11 16 14 
Beneficio: 334
d 7 5 8 6 7 d 19 21 25 30 33 36 29 32 31 12 3 8 4 26 24 9 2 20 26 22 23 3 12 14 16 15 18 17 11 16 
Beneficio: 342
d 7 5 8 6 7 d 19 21 25 30 33 36 29 32 31 12 3 8 4 24 26 20 27 2 3 23 24 9 2 20 26 22 
Beneficio: 562
d 7 5 8 6 7 d 19 21 25 30 33 36 29 32 31 12 3 8 4 24 26 20 27 9 2 3 12 14 11 18 17 15 16 11 17 15 18 
Beneficio: 380
d 7 5 8 6 7 d 19 21 25 30 33 36 29 32 31 12 3 8 4 24 26 20 2 9 24 23 3 12 14 16 11 14 11 17 15 16 
Beneficio: 496
d 7 5 8 6 7 d 19 21 25 30 33 36 29 32 31 12 3 8 4 24 26 22 27 20 26 4 24 9 2 3 12 14 16 15 18 17 11 
Beneficio: 529
d 7 5 8 6 7 d 19 21 25 30 33 36 29 32 31 12 3 8 4 24 9 2 27 20 26 22 27 2 3 12 14 16 11 18 13 15 16 14 11 17 15 18 
Beneficio: 341
d 7 5 8 6 7 d 19 21 25 30 33 36 29 32 31 12 3 8 4 24 9 2 3 12 14 16 11 17 13 15 
Beneficio: 494
d 7 5 8 6 7 d 19 21 25 30 33 36 29 32 31 12 3 8 4 24 26 20 27 2 3 23 31 12 14 16 15 18 13 
Beneficio: 531
d 7 5 8 6 7 d 19 21 25 30 33 36 29 32 31 12 3 8 4 24 9 2 27 22 26 20 27 2 3 12 14 11 17 15 16 14 
Beneficio: 359
d 7 5 8 6 7 d 19 21 25 30 33 36 29 32 31 12 3 8 4 24 26 20 27 2 9 24 23 3 2 27 22 
Beneficio: 527
d 7 5 8 6 7 d 19 21 25 30 33 36 29 32 31 12 3 8 4 24 26 20 2 3 12 14 16 11 17 15 16 14 11 18 15 13 10 28 36 
Beneficio: 363
d 7 5 8 6 7 d 19 21 25 30 33 36 29 32 31 12 3 8 4 24 26 22 27 2 3 23 22 26 20 27 2 9 
Beneficio: 262
d 7 5 8 6 7 d 19 21 25 30 33 36 29 32 31 12 3 8 4 24 9 2 27 20 26 24 23 3 12 14 16 11 18 13 10 28 
Beneficio: 334
d 7 5 8 6 7 d 19 21 25 30 33 36 29 32 31 12 3 8 4 24 9 2 3 23 22 26 20 27 2 9 4 24 
Beneficio: 367
d 7 5 8 6 7 d 19 21 25 30 33 36 29 32 31 12 3 8 4 24 26 20 27 2 3 12 32 28 10 13 18 17 11 14 
Beneficio: 387
d 7 5 8 6 7 d 19 21 25 30 33 36 29 32 31 12 3 8 4 24 9 2 27 20 26 22 23 3 12 14 16 15 17 11 14 16 11 
Beneficio: 533
d 7 5 8 6 7 d 19 21 25 30 33 36 29 32 31 12 3 8 4 9 2 27 20 26 24 9 2 3 12 14 11 18 15 16 14 11 17 15 
Beneficio: 545
d 7 5 8 6 7 d 19 21 25 30 33 36 29 32 31 12 3 8 4 9 2 27 20 26 24 9 2 3 12 14 16 15 17 11 16 14 11 18 15 13 10 
Beneficio: 346
d 7 5 8 6 7 d 19 21 25 30 33 36 29 32 31 12 3 8 4 9 24 26 20 27 2 3 23 22 27 2 9 24 26 
Beneficio: 378
d 7 5 8 6 7 d 19 21 25 30 33 36 29 32 31 12 3 8 4 9 24 26 20 27 2 3 12 14 11 17 15 18 13 10 29 
Beneficio: 533
d 7 5 8 6 7 d 19 21 25 30 33 36 29 32 31 12 3 8 4 9 27 20 26 24 9 2 3 12 14 11 17 18 15 16 11 18 13 15 
Beneficio: 353
d 7 5 8 6 7 d 19 21 25 30 33 36 29 32 31 12 3 8 4 9 27 22 26 24 23 3 2 27 20 26 24 
Beneficio: 329
d 7 5 8 6 7 d 19 21 25 30 33 36 29 32 31 12 3 8 4 9 2 27 22 26 20 27 2 3 23 24 9 4 26 22 
Beneficio: 534
d 7 5 8 6 7 d 19 21 25 30 33 36 29 32 31 12 3 8 4 9 24 26 20 27 2 3 12 14 16 11 17 18 15 16 14 11 18 13 17 
Beneficio: 488
d 7 5 8 6 7 d 19 21 25 30 33 36 29 32 31 12 3 8 4 9 24 26 22 27 2 3 12 14 11 18 15 16 11 17 
Beneficio: 461
d 7 5 8 6 7 d 19 21 25 30 33 36 29 32 31 12 3 8 4 9 27 20 2 3 12 14 16 15 13 18 17 11 14 16 11 18 
Beneficio: 529
d 7 5 8 6 7 d 19 21 25 30 33 36 29 32 31 12 3 8 4 26 20 27 2 3 12 14 16 11 17 15 16 14 11 18 13 15 
Beneficio: 465
d 7 5 8 6 7 d 19 21 25 30 33 36 29 32 31 12 3 8 4 26 24 9 2 3 12 14 11 18 17 15 16 14 11 17 
Beneficio: 430
d 7 5 8 6 7 d 19 21 25 30 33 36 29 32 31 12 3 8 4 24 9 27 20 26 24 4 9 2 3 12 14 16 15 
Beneficio: 325
d 7 5 8 6 7 d 19 21 25 30 33 36 29 32 31 12 3 23 22 27 20 26 24 4 8 3 2 9 24 4 
Beneficio: 344
d 7 5 8 6 7 d 19 21 25 30 33 36 29 32 31 12 3 23 22 27 2 20 26 24 9 2 3 12 14 11 18 17 13 
Beneficio: 364
d 7 5 8 6 7 d 19 21 25 30 33 36 29 32 31 12 3 23 22 27 9 24 26 20 2 9 4 8 3 12 14 16 15 17 
Beneficio: 387
d 7 5 8 6 7 d 19 21 25 30 33 36 29 32 31 12 3 23 22 26 24 9 2 27 20 26 4 8 3 12 14 11 16 15 13 18 17 
Beneficio: 282
d 7 5 8 6 7 d 19 21 25 30 33 36 29 32 31 12 3 23 22 26 20 27 2 9 4 8 3 12 14 11 17 15 18 13 10 28 36 
Beneficio: 357
d 7 5 8 6 7 d 19 21 25 30 33 36 29 32 31 12 3 23 22 26 24 9 2 3 12 14 16 11 18 17 15 16 14 11 17 18 15 
Beneficio: 326
d 7 5 8 6 7 d 19 21 25 30 33 36 29 32 31 12 3 23 24 26 4 8 3 12 14 16 15 17 11 16 14 11 18 15 13 10 28 29 
Beneficio: 377
d 7 5 8 6 7 d 19 21 25 30 33 36 29 32 31 12 3 23 24 9 2 20 26 24 4 8 3 12 14 11 16 15 18 
Beneficio: 283
d 7 5 8 6 7 d 19 21 25 30 33 36 29 32 31 12 3 23 24 26 20 27 2 9 24 4 8 3 12 14 11 17 15 18 13 10 28 29 
Beneficio: 242
d 7 5 8 6 7 d 19 21 25 30 33 36 29 32 31 12 3 23 24 26 22 27 2 3 12 14 16 11 17 13 18 
Beneficio: 386
d 7 5 8 6 7 d 19 21 25 30 33 36 29 32 31 12 3 23 24 4 9 2 20 26 22 27 2 3 12 14 16 15 18 
Beneficio: 337
d 7 5 8 6 7 d 19 21 25 30 33 36 29 32 31 12 3 23 22 27 20 26 24 4 9 2 3 8 4 24 
Beneficio: 445
d 7 5 8 6 7 d 19 21 25 30 33 36 29 32 31 12 3 23 22 27 20 2 9 24 26 20 27 2 3 12 14 16 15 18 11 16 14 11 17 
Beneficio: 333
d 7 5 8 6 7 d 19 21 25 30 33 36 29 32 31 12 3 23 22 26 20 27 2 9 24 4 8 3 2 20 27 22 26 4 24 
Beneficio: 390
d 7 5 8 6 7 d 19 21 25 30 33 36 29 32 31 12 3 23 22 26 24 9 2 27 20 26 4 8 3 12 14 16 11 14 16 15 17 
Beneficio: 346
d 7 5 8 6 7 d 19 21 25 30 33 36 29 32 31 12 3 23 24 9 2 20 27 22 26 20 27 2 3 8 4 24 26 22 21 
Beneficio: 429
d 7 5 8 6 7 d 19 21 25 30 33 36 29 32 31 12 3 23 24 26 20 2 3 12 14 11 14 16 15 13 18 17 11 
Beneficio: 425
d 7 5 8 6 7 d 19 21 25 30 33 36 29 32 31 12 3 23 22 27 20 26 24 9 2 3 12 14 16 11 17 15 16 14 11 18 
Beneficio: 376
d 7 5 8 6 7 d 19 21 25 30 33 36 29 32 31 12 3 8 4 24 9 2 27 20 26 24 4 9 2 3 12 14 16 11 
Beneficio: 524
d 7 5 8 6 7 d 19 21 25 30 33 36 29 32 31 12 3 8 4 9 24 26 20 27 2 3 12 14 16 15 18 17 11 14 
Beneficio: 534
d 7 5 8 6 7 d 19 21 25 30 33 36 29 32 31 12 3 2 9 24 26 20 27 9 4 8 3 12 14 11 18 13 15 16 11 17 15 18 
Beneficio: 530
d 7 5 8 6 7 d 19 21 25 30 33 36 29 32 31 12 3 2 9 24 26 20 2 9 24 4 8 3 12 14 11 18 15 16 11 17 15 18 
Beneficio: 408
d 7 5 8 6 7 d 19 21 25 30 33 36 29 32 31 12 3 2 9 24 26 22 27 20 26 24 4 8 3 12 14 16 11 18 17 15 13 
Beneficio: 377
d 7 5 8 6 7 d 19 21 25 30 33 36 29 32 31 12 3 2 9 24 4 8 3 23 24 26 22 27 20 26 
Beneficio: 436
d 7 5 8 6 7 d 19 21 25 30 33 36 29 32 31 12 3 2 9 24 26 20 27 9 4 8 3 12 14 11 17 15 18 
Beneficio: 370
d 7 5 8 6 7 d 19 21 25 30 33 36 29 32 31 12 3 2 9 4 8 3 23 31 32 12 14 11 17 18 13 10 28 
Beneficio: 537
d 7 5 8 6 7 d 19 21 25 30 33 36 29 32 31 12 3 2 9 4 24 26 22 27 20 26 24 9 4 8 3 12 14 16 11 17 15 16 14 11 18 
Beneficio: 402
d 7 5 8 6 7 d 19 21 25 30 33 36 29 32 31 12 3 2 9 4 26 20 27 9 24 4 8 3 12 14 16 11 18 15 13 
Beneficio: 416
d 7 5 8 6 7 d 19 21 25 30 33 36 29 32 31 12 3 2 9 27 20 26 24 4 8 3 12 14 16 11 18 13 10 28 36 
Beneficio: 329
d 7 5 8 6 7 d 19 21 25 30 33 36 29 32 31 12 3 2 9 24 26 20 2 27 22 26 4 8 3 23 22 
Beneficio: 540
d 7 5 8 6 7 d 19 21 25 30 33 36 29 32 31 12 3 2 27 20 26 24 9 4 8 3 12 14 16 15 18 11 16 14 11 17 15 18 13 10 28 
Beneficio: 492
d 7 5 8 6 7 d 19 21 25 30 33 36 29 32 31 12 3 2 27 20 26 4 8 3 23 31 32 12 14 16 15 13 10 28 29 
Beneficio: 438
d 7 5 8 6 7 d 19 21 25 30 33 36 29 32 31 12 3 2 27 20 26 24 4 8 3 12 14 11 18 13 10 29 28 36 
Beneficio: 379
d 7 5 8 6 7 d 19 21 25 30 33 36 29 32 31 12 3 2 27 20 26 24 9 4 8 3 12 14 16 11 17 15 18 13 10 
Beneficio: 331
d 7 5 8 6 7 d 19 21 25 30 33 36 29 32 31 12 3 2 27 20 26 22 23 31 12 14 11 17 18 15 13 10 28 29 
Beneficio: 531
d 7 5 8 6 7 d 19 21 25 30 33 36 29 32 31 12 3 2 27 22 26 20 27 2 9 4 8 3 12 14 11 17 15 16 
Beneficio: 331
d 7 5 8 6 7 d 19 21 25 30 33 36 29 32 31 12 3 2 27 22 26 20 2 9 24 4 8 3 12 32 28 10 13 
Beneficio: 546
d 7 5 8 6 7 d 19 21 25 30 33 36 29 32 31 12 3 2 27 9 24 26 20 27 2 9 4 8 3 12 14 16 11 14 16 15 18 17 
Beneficio: 351
d 7 5 8 6 7 d 19 21 25 30 33 36 29 32 31 12 3 2 20 26 24 4 9 2 27 22 23 31 12 14 11 16 
Beneficio: 345
d 7 5 8 6 7 d 19 21 25 30 33 36 29 32 31 12 3 2 20 26 24 9 2 27 22 23 3 12 14 11 17 
Beneficio: 530
d 7 5 8 6 7 d 19 21 25 30 33 36 29 32 31 12 3 2 20 27 22 26 20 2 9 24 4 8 3 12 14 11 17 18 13 15 16 14 
Beneficio: 371
d 7 5 8 6 7 d 19 21 25 30 33 36 29 32 31 12 3 2 20 27 22 26 24 9 4 8 3 12 14 16 11 14 
Beneficio: 370
d 7 5 8 6 7 d 19 21 25 30 33 36 29 32 31 12 3 2 27 20 26 24 23 3 12 14 11 17 18 15 13 
Beneficio: 476
d 7 5 8 6 7 d 19 21 25 30 33 36 29 32 31 12 3 2 27 20 26 24 4 8 3 12 14 16 15 13 18 11 16 14 11 17 
Beneficio: 417
d 7 5 8 6 7 d 19 21 25 30 33 36 29 32 31 12 3 2 27 20 26 22 23 31 12 14 11 18 13 15 16 14 
Beneficio: 372
d 7 5 8 6 7 d 19 21 25 30 33 36 29 32 31 12 3 2 27 22 26 24 23 3 12 14 16 11 17 15 16 14 11 18 
Beneficio: 438
d 7 5 8 6 7 d 19 21 25 30 33 36 29 32 31 12 3 2 20 26 24 4 8 3 12 14 16 11 14 11 18 17 15 13 
Beneficio: 285
d 7 5 8 6 7 d 19 21 25 30 33 36 29 32 31 12 3 2 20 27 22 23 3 8 4 24 26 22 21 34 33 
Beneficio: 461
d 7 5 8 6 7 d 19 21 25 30 33 36 29 32 31 12 3 2 20 27 22 26 4 8 3 12 14 16 11 18 15 16 14 11 17 15 18 
Beneficio: 443
d 7 5 8 6 7 d 19 21 25 30 33 36 29 32 31 12 3 2 9 24 4 26 20 27 22 26 24 4 8 3 12 14 11 17 15 
Beneficio: 456
d 7 5 8 6 7 d 19 21 25 30 33 36 29 32 31 12 3 8 4 26 20 27 2 3 12 14 11 17 15 18 13 10 28 36 35 33 34 30 
Beneficio: 387
d 7 5 8 6 7 d 19 21 25 30 33 36 29 32 31 12 3 8 4 26 20 27 2 9 24 26 22 23 3 12 14 11 17 15 16 14 11 18 
Beneficio: 433
d 7 5 8 6 7 d 19 21 25 30 33 36 29 32 31 12 3 8 4 26 20 2 3 23 31 12 14 11 17 15 18 13 
Beneficio: 394
d 7 5 8 6 7 d 19 21 25 30 33 36 29 32 31 12 3 8 4 26 24 9 2 27 20 26 24 23 3 12 14 11 17 15 16 14 
Beneficio: 435
d 7 5 8 6 7 d 19 21 25 30 33 36 29 32 31 12 3 8 4 26 24 9 2 3 12 14 16 11 18 15 16 11 17 15 18 13 
Beneficio: 363
d 7 5 8 6 7 d 19 21 25 30 33 36 29 32 31 12 3 8 4 26 24 9 2 20 26 22 23 3 12 14 11 16 15 18 13 
Beneficio: 440
d 7 5 8 6 7 d 19 21 25 30 33 36 29 32 31 12 3 8 4 24 26 20 27 2 3 12 14 16 11 17 15 13 10 28 
Beneficio: 498
d 7 5 8 6 7 d 19 21 25 30 33 36 29 32 31 12 3 8 4 24 26 20 27 22 23 24 9 2 3 12 14 16 11 17 18 15 16 14 
Beneficio: 346
d 7 5 8 6 7 d 19 21 25 30 33 36 29 32 31 12 3 8 4 24 26 22 27 20 26 4 9 24 23 3 2 20 27 
Beneficio: 520
d 7 5 8 6 7 d 19 21 25 30 33 36 29 32 31 12 3 8 4 24 9 2 27 20 26 22 27 2 3 12 14 11 16 15 17 13 
Beneficio: 332
d 7 5 8 6 7 d 19 21 25 30 33 36 29 32 31 12 3 8 4 24 9 2 3 23 22 26 20 27 9 4 26 
Beneficio: 329
d 7 5 8 6 7 d 19 21 25 30 33 36 29 32 31 12 3 8 4 24 26 20 2 3 23 22 26 4 24 9 27 20 
Beneficio: 467
d 7 5 8 6 7 d 19 21 25 30 33 36 29 32 31 12 3 8 4 24 26 20 27 2 3 12 32 28 10 13 15 18 17 11 14 16 15 18 13 
Beneficio: 529
d 7 5 8 6 7 d 19 21 25 30 33 36 29 32 31 12 3 8 4 24 26 20 27 22 26 4 24 9 2 3 12 14 16 11 14 16 15 17 18 13 10 
Beneficio: 499
d 7 5 8 6 7 d 19 21 25 30 33 36 29 32 31 12 3 8 4 24 26 22 27 20 26 24 4 9 2 3 12 14 16 15 17 18 11 
Beneficio: 376
d 7 5 8 6 7 d 19 21 25 30 33 36 29 32 31 12 3 8 4 24 9 2 27 20 26 22 23 3 12 14 16 11 18 17 15 16 14 11 17 15 18 
Beneficio: 371
d 7 5 8 6 7 d 19 21 25 30 33 36 29 32 31 12 3 8 4 24 9 2 3 12 14 11 18 15 13 10 28 36 
Beneficio: 516
d 7 5 8 6 7 d 19 21 25 30 33 36 29 32 31 12 3 8 4 24 26 20 2 3 12 14 11 18 17 15 16 11 17 15 18 13 10 
Beneficio: 426
d 7 5 8 6 7 d 19 21 25 30 33 36 29 32 31 12 3 8 4 9 2 3 12 14 16 11 17 15 16 11 17 18 15 13 10 
Beneficio: 250
d 7 5 8 6 7 d 19 21 25 30 33 36 29 32 31 12 3 8 4 9 2 20 26 22 23 31 12 14 16 11 
Beneficio: 294
d 7 5 8 6 7 d 19 21 25 30 33 36 29 32 31 12 3 8 4 9 24 26 20 27 22 23 3 12 14 11 17 18 
Beneficio: 360
d 7 5 8 6 7 d 19 21 25 30 33 36 29 32 31 12 3 8 4 9 24 26 22 27 20 2 3 12 14 16 11 18 17 
Beneficio: 274
d 7 5 8 6 7 d 19 21 25 30 33 36 29 32 31 12 3 8 4 9 27 20 26 24 23 3 12 14 11 16 14 
Beneficio: 460
d 7 5 8 6 7 d 19 21 25 30 33 36 29 32 31 12 3 8 4 9 2 3 12 14 16 11 18 17 13 15 16 14 11 
Beneficio: 495
d 7 5 8 6 7 d 19 21 25 30 33 36 29 32 31 12 3 8 4 9 2 27 20 26 22 27 20 2 3 12 14 16 15 17 18 11 
Beneficio: 439
d 7 5 8 6 7 d 19 21 25 30 33 36 29 32 31 12 3 8 4 9 24 26 20 2 3 12 14 16 11 14 11 18 17 15 13 
Beneficio: 534
d 7 5 8 6 7 d 19 21 25 30 33 36 29 32 31 12 3 8 4 9 2 20 26 22 27 2 3 12 14 16 11 17 15 16 14 11 
Beneficio: 255
d 7 5 8 6 7 d 19 21 25 30 33 36 29 32 31 12 3 8 4 26 20 27 2 9 24 23 3 12 14 16 11 17 15 18 13 10 
Beneficio: 353
d 7 5 8 6 7 d 19 21 25 30 33 36 29 32 31 12 3 8 4 26 22 23 3 2 27 20 26 24 4 9 2 20 27 22 
Beneficio: 465
d 7 5 8 6 7 d 19 21 25 30 33 36 29 32 31 12 3 8 4 9 24 26 20 2 3 12 14 16 11 18 15 16 14 11 17 15 
Beneficio: 267
d 7 5 8 6 7 d 19 21 25 30 33 36 29 32 31 12 3 23 22 27 2 3 8 4 26 24 9 2 27 20 
Beneficio: 327
d 7 5 8 6 7 d 19 21 25 30 33 36 29 32 31 12 3 23 22 27 2 9 24 26 20 2 3 12 14 11 17 18 15 13 10 
Beneficio: 367
d 7 5 8 6 7 d 19 21 25 30 33 36 29 32 31 12 3 23 22 26 24 9 2 3 12 14 11 17 18 15 16 11 18 15 17 
Beneficio: 378
d 7 5 8 6 7 d 19 21 25 30 33 36 29 32 31 12 3 23 22 26 20 27 2 9 24 4 8 3 12 14 16 11 18 15 16 14 11 17 15 18 
Beneficio: 260
d 7 5 8 6 7 d 19 21 25 30 33 36 29 32 31 12 3 23 24 26 20 27 2 9 24 4 8 3 12 14 16 11 17 15 18 13 10 28 29 
Beneficio: 403
d 7 5 8 6 7 d 19 21 25 30 33 36 29 32 31 12 3 23 24 9 2 27 20 26 22 27 20 2 3 12 14 16 11 17 15 16 
Beneficio: 369
d 7 5 8 6 7 d 19 21 25 30 33 36 29 32 31 12 3 23 24 4 26 20 27 2 9 24 4 8 3 12 14 16 11 14 16 15 17 11 18 
Beneficio: 268
d 7 5 8 6 7 d 19 21 25 30 33 36 29 32 31 12 3 23 24 26 20 2 9 4 8 3 12 14 16 11 17 18 15 
Beneficio: 342
d 7 5 8 6 7 d 19 21 25 30 33 36 29 32 31 12 3 23 24 4 9 2 27 20 26 4 8 3 12 14 16 15 17 18 13 
Beneficio: 349
d 7 5 8 6 7 d 19 21 25 30 33 36 29 32 31 12 3 23 22 26 20 27 9 24 26 4 8 3 2 9 4 24 
Beneficio: 377
d 7 5 8 6 7 d 19 21 25 30 33 36 29 32 31 12 3 23 22 27 20 26 24 9 4 8 3 12 14 11 18 17 15 16 11 17 18 15 
Beneficio: 331
d 7 5 8 6 7 d 19 21 25 30 33 36 29 32 31 12 3 23 22 26 24 4 8 3 2 27 20 26 24 9 27 20 
Beneficio: 281
d 7 5 8 6 7 d 19 21 25 30 33 36 29 32 31 12 3 23 24 26 22 27 2 20 26 24 4 9 2 3 8 
Beneficio: 438
d 7 5 8 6 7 d 19 21 25 30 33 36 29 32 31 12 3 23 24 26 20 2 3 12 14 11 18 15 16 11 17 18 13 
Beneficio: 344
d 7 5 8 6 7 d 19 21 25 30 33 36 29 32 31 12 3 23 22 26 24 4 8 3 2 9 24 4 26 20 2 27 22 
Beneficio: 253
d 7 5 8 6 7 d 19 21 25 30 33 36 29 32 31 12 3 8 4 24 9 2 3 8 6 d 
Beneficio: 169
d 7 5 8 6 7 d 19 21 25 30 33 36 29 32 31 12 14 16 11 14 16 15 18 11 17 13 
Beneficio: 407
d 7 5 8 6 7 d 19 21 25 30 33 36 29 32 31 23 3 2 9 24 26 20 27 22 26 4 8 3 12 14 16 11 17 15 13 
Beneficio: 469
d 7 5 8 6 7 d 19 21 25 30 33 36 29 32 31 23 3 2 9 24 26 20 27 2 9 4 8 3 12 14 16 15 17 18 11 16 14 11 
Beneficio: 503
d 7 5 8 6 7 d 19 21 25 30 33 36 29 32 31 23 3 2 9 24 26 20 27 22 23 24 4 8 3 12 14 16 15 13 10 28 36 29 
Beneficio: 532
d 7 5 8 6 7 d 19 21 25 30 33 36 29 32 31 23 3 2 9 24 26 20 27 9 4 8 3 12 14 11 14 16 15 17 11 18 13 10 
Beneficio: 539
d 7 5 8 6 7 d 19 21 25 30 33 36 29 32 31 23 3 2 9 24 26 20 2 9 4 8 3 12 14 11 17 18 15 16 11 18 
Beneficio: 414
d 7 5 8 6 7 d 19 21 25 30 33 36 29 32 31 23 3 2 9 24 26 20 26 24 4 8 3 12 14 11 17 15 13 10 
Beneficio: 435
d 7 5 8 6 7 d 19 21 25 30 33 36 29 32 31 23 3 2 9 24 26 4 8 3 12 32 28 10 13 15 18 11 14 16 15 17 
Beneficio: 443
d 7 5 8 6 7 d 19 21 25 30 33 36 29 32 31 23 3 2 9 24 26 22 27 20 26 24 4 8 3 12 14 16 11 17 15 13 18 
Beneficio: 544
d 7 5 8 6 7 d 19 21 25 30 33 36 29 32 31 23 3 2 9 24 26 22 27 20 26 24 4 8 3 12 14 11 16 15 17 11 16 14 
Beneficio: 345
d 7 5 8 6 7 d 19 21 25 30 33 36 29 32 31 23 3 2 9 24 4 8 3 12 14 16 11 17 15 18 13 10 29 28 36 35 
Beneficio: 501
d 7 5 8 6 7 d 19 21 25 30 33 36 29 32 31 23 3 2 9 24 4 26 20 27 22 26 24 4 8 3 12 14 16 15 18 17 11 16 14 
Beneficio: 279
d 7 5 8 6 7 d 19 21 25 30 33 36 29 32 31 23 3 2 9 24 4 26 22 23 3 12 14 11 17 18 13 
Beneficio: 404
d 7 5 8 6 7 d 19 21 25 30 33 36 29 32 31 23 3 2 9 24 4 8 3 12 32 28 10 13 18 15 16 14 11 17 
Beneficio: 363
d 7 5 8 6 7 d 19 21 25 30 33 36 29 32 31 23 3 2 9 24 4 26 22 23 3 12 14 11 17 15 16 11 18 17 
Beneficio: 537
d 7 5 8 6 7 d 19 21 25 30 33 36 29 32 31 23 3 2 9 24 26 20 27 9 4 8 3 12 14 16 11 18 15 16 14 11 
Beneficio: 354
d 7 5 8 6 7 d 19 21 25 30 33 36 29 32 31 23 3 2 9 24 26 4 8 3 12 14 16 11 17 15 13 10 28 36 35 30 
Beneficio: 453
d 7 5 8 6 7 d 19 21 25 30 33 36 29 32 31 23 3 2 9 24 26 4 8 3 12 14 16 15 18 17 11 16 14 11 18 13 10 29 
Beneficio: 359
d 7 5 8 6 7 d 19 21 25 30 33 36 29 32 31 23 3 2 9 24 23 3 12 14 16 11 18 15 16 14 11 17 15 
Beneficio: 380
d 7 5 8 6 7 d 19 21 25 30 33 36 29 32 31 23 3 2 9 4 8 3 12 14 16 11 18 17 15 13 10 28 36 
Beneficio: 385
d 7 5 8 6 7 d 19 21 25 30 33 36 29 32 31 23 3 2 9 4 26 20 27 22 26 24 4 8 3 12 14 16 11 
Beneficio: 360
d 7 5 8 6 7 d 19 21 25 30 33 36 29 32 31 23 3 2 9 4 24 26 20 27 22 26 4 24 23 3 8 4 
Beneficio: 284
d 7 5 8 6 7 d 19 21 25 30 33 36 29 32 31 23 3 2 9 4 24 23 3 12 14 11 18 17 15 13 10 
Beneficio: 371
d 7 5 8 6 7 d 19 21 25 30 33 36 29 32 31 23 3 2 9 4 24 26 22 23 3 12 14 16 11 18 13 15 16 14 11 17 15 
Beneficio: 331
d 7 5 8 6 7 d 19 21 25 30 33 36 29 32 31 23 3 2 9 4 8 3 12 32 28 10 13 18 11 14 16 
Beneficio: 427
d 7 5 8 6 7 d 19 21 25 30 33 36 29 32 31 23 3 2 9 4 26 20 27 2 9 24 4 8 3 12 14 11 17 15 13 18 
Beneficio: 549
d 7 5 8 6 7 d 19 21 25 30 33 36 29 32 31 23 3 2 9 4 24 26 20 27 9 24 4 8 3 12 14 16 11 14 16 15 17 18 13 
Beneficio: 408
d 7 5 8 6 7 d 19 21 25 30 33 36 29 32 31 23 3 2 9 4 24 26 20 27 2 9 24 4 8 3 12 14 11 17 18 
Beneficio: 531
d 7 5 8 6 7 d 19 21 25 30 33 36 29 32 31 23 3 2 9 27 20 26 24 9 4 8 3 12 14 11 14 16 15 13 18 17 11 
Beneficio: 338
d 7 5 8 6 7 d 19 21 25 30 33 36 29 32 31 23 3 2 9 27 20 26 24 23 3 8 4 26 24 9 27 
Beneficio: 454
d 7 5 8 6 7 d 19 21 25 30 33 36 29 32 31 23 3 2 9 27 22 23 24 4 8 3 12 14 16 11 14 16 15 18 13 10 
Beneficio: 474
d 7 5 8 6 7 d 19 21 25 30 33 36 29 32 31 23 3 2 9 24 26 4 8 3 12 14 11 18 17 15 16 11 18 13 15 
Beneficio: 529
d 7 5 8 6 7 d 19 21 25 30 33 36 29 32 31 23 3 2 9 24 26 22 27 20 26 24 4 8 3 12 14 11 16 15 17 11 
Beneficio: 499
d 7 5 8 6 7 d 19 21 25 30 33 36 29 32 31 23 3 2 9 27 20 26 24 4 8 3 12 14 16 15 13 17 11 16 
Beneficio: 450
d 7 5 8 6 7 d 19 21 25 30 33 36 29 32 31 23 3 2 27 20 26 24 9 2 20 27 22 23 31 12 14 11 18 17 15 16 
Beneficio: 541
d 7 5 8 6 7 d 19 21 25 30 33 36 29 32 31 23 3 2 27 20 26 24 9 4 8 3 12 14 16 11 18 17 15 16 14 11 17 15 18 13 
Beneficio: 555
d 7 5 8 6 7 d 19 21 25 30 33 36 29 32 31 23 3 2 27 20 26 24 4 8 3 12 14 11 17 18 15 16 11 18 
Beneficio: 538
d 7 5 8 6 7 d 19 21 25 30 33 36 29 32 31 23 3 2 27 20 26 24 4 8 3 12 14 16 11 17 18 15 16 14 11 17 15 13 10 28 29 
Beneficio: 548
d 7 5 8 6 7 d 19 21 25 30 33 36 29 32 31 23 3 2 27 20 26 4 8 3 12 14 11 16 15 17 18 13 10 28 36 35 30 34 30 
Beneficio: 437
d 7 5 8 6 7 d 19 21 25 30 33 36 29 32 31 23 3 2 27 20 26 4 9 2 20 27 22 23 3 12 14 16 15 17 11 14 
Beneficio: 430
d 7 5 8 6 7 d 19 21 25 30 33 36 29 32 31 23 3 2 27 20 26 22 23 3 12 14 16 11 18 17 15 16 14 11 
Beneficio: 488
d 7 5 8 6 7 d 19 21 25 30 33 36 29 32 31 23 3 2 27 20 26 24 4 8 3 12 14 16 15 17 18 13 10 28 32 12 31 
Beneficio: 527
d 7 5 8 6 7 d 19 21 25 30 33 36 29 32 31 23 3 2 27 20 26 22 27 2 9 24 4 8 3 12 14 11 18 15 16 11 17 18 15 13 10 
Beneficio: 429
d 7 5 8 6 7 d 19 21 25 30 33 36 29 32 31 23 3 2 27 20 26 4 8 3 12 14 16 11 17 18 13 15 16 
Beneficio: 528
d 7 5 8 6 7 d 19 21 25 30 33 36 29 32 31 23 3 2 27 20 26 24 9 4 8 3 12 14 16 15 16 11 14 11 18 
Beneficio: 533
d 7 5 8 6 7 d 19 21 25 30 33 36 29 32 31 23 3 2 27 20 26 24 4 8 3 12 14 16 11 18 17 15 16 15 18 17 11 14 
Beneficio: 442
d 7 5 8 6 7 d 19 21 25 30 33 36 29 32 31 23 3 2 27 20 26 24 23 3 12 14 11 16 15 18 17 11 
Beneficio: 491
d 7 5 8 6 7 d 19 21 25 30 33 36 29 32 31 23 3 2 27 20 26 22 27 20 2 9 4 8 3 12 14 16 15 17 18 11 16 14 
Beneficio: 512
d 7 5 8 6 7 d 19 21 25 30 33 36 29 32 31 23 3 2 27 20 26 24 4 8 3 12 14 11 17 13 15 16 11 18 13 10 28 36 
Beneficio: 541
d 7 5 8 6 7 d 19 21 25 30 33 36 29 32 31 23 3 2 27 20 26 22 23 24 4 8 3 12 14 16 15 17 11 14 16 11 18 
Beneficio: 477
d 7 5 8 6 7 d 19 21 25 30 33 36 29 32 31 23 3 2 27 22 23 24 9 4 8 3 12 14 16 11 14 16 15 17 11 18 13 
Beneficio: 508
d 7 5 8 6 7 d 19 21 25 30 33 36 29 32 31 23 3 2 27 22 26 20 27 9 4 8 3 12 14 16 15 18 17 11 16 
Beneficio: 467
d 7 5 8 6 7 d 19 21 25 30 33 36 29 32 31 23 3 2 27 22 26 20 2 9 24 26 4 8 3 12 14 11 16 15 17 11 
Beneficio: 467
d 7 5 8 6 7 d 19 21 25 30 33 36 29 32 31 23 3 2 27 22 26 24 4 8 3 12 14 16 11 18 15 16 14 11 18 15 17 
Beneficio: 406
d 7 5 8 6 7 d 19 21 25 30 33 36 29 32 31 23 3 2 27 22 26 20 27 2 9 4 8 3 12 14 16 11 17 18 13 10 28 
Beneficio: 528
d 7 5 8 6 7 d 19 21 25 30 33 36 29 32 31 23 3 2 27 22 26 20 2 9 24 4 8 3 12 14 16 11 14 16 15 18 13 
Beneficio: 366
d 7 5 8 6 7 d 19 21 25 30 33 36 29 32 31 23 3 2 27 22 26 24 23 3 12 14 16 11 14 16 15 13 18 
Beneficio: 537
d 7 5 8 6 7 d 19 21 25 30 33 36 29 32 31 23 3 2 27 9 24 26 20 2 9 4 8 3 12 14 11 16 15 17 11 18 13 10 28 
Beneficio: 544
d 7 5 8 6 7 d 19 21 25 30 33 36 29 32 31 23 3 2 27 9 4 24 26 20 27 2 9 24 4 8 3 12 14 11 16 15 18 13 
Beneficio: 428
d 7 5 8 6 7 d 19 21 25 30 33 36 29 32 31 23 3 2 27 9 24 26 20 27 22 23 3 12 14 11 16 15 
Beneficio: 465
d 7 5 8 6 7 d 19 21 25 30 33 36 29 32 31 23 3 2 20 26 24 9 4 8 3 12 14 16 11 18 15 16 11 17 18 
Beneficio: 389
d 7 5 8 6 7 d 19 21 25 30 33 36 29 32 31 23 3 2 20 26 24 4 9 2 27 22 23 3 8 4 24 9 
Beneficio: 484
d 7 5 8 6 7 d 19 21 25 30 33 36 29 32 31 23 3 2 20 26 4 8 3 23 31 12 14 16 15 13 18 17 
Beneficio: 400
d 7 5 8 6 7 d 19 21 25 30 33 36 29 32 31 23 3 2 20 26 22 27 2 9 24 23 3 12 14 16 15 17 11 18 
Beneficio: 498
d 7 5 8 6 7 d 19 21 25 30 33 36 29 32 31 23 3 2 20 26 24 9 4 8 3 12 14 16 11 18 15 16 11 17 15 13 18 
Beneficio: 482
d 7 5 8 6 7 d 19 21 25 30 33 36 29 32 31 23 3 2 20 26 22 27 20 2 9 24 4 8 3 12 14 16 11 17 13 15 16 
Beneficio: 506
d 7 5 8 6 7 d 19 21 25 30 33 36 29 32 31 23 3 2 20 27 22 23 24 26 20 27 2 9 4 8 3 12 14 16 15 17 11 16 
Beneficio: 521
d 7 5 8 6 7 d 19 21 25 30 33 36 29 32 31 23 3 2 20 27 22 26 20 2 9 4 8 3 12 14 16 15 18 17 11 14 16 11 
Beneficio: 519
d 7 5 8 6 7 d 19 21 25 30 33 36 29 32 31 23 3 2 20 27 22 26 20 27 2 9 4 8 3 12 14 16 11 18 17 15 16 14 11 17 
Beneficio: 430
d 7 5 8 6 7 d 19 21 25 30 33 36 29 32 31 23 3 2 20 27 22 26 4 8 3 12 14 16 11 17 18 15 16 
Beneficio: 438
d 7 5 8 6 7 d 19 21 25 30 33 36 29 32 31 23 3 2 20 27 9 24 4 8 3 12 14 16 15 18 13 17 11 
Beneficio: 469
d 7 5 8 6 7 d 19 21 25 30 33 36 29 32 31 23 3 2 20 27 22 26 24 4 8 3 12 14 16 11 18 15 16 14 11 17 15 13 18 
Beneficio: 419
d 7 5 8 6 7 d 19 21 25 30 33 36 29 32 31 23 3 2 20 27 22 26 4 8 3 12 14 11 17 18 15 16 11 18 15 
Beneficio: 449
d 7 5 8 6 7 d 19 21 25 30 33 36 29 32 31 23 3 2 20 26 24 4 8 3 12 14 11 16 15 18 11 16 
Beneficio: 548
d 7 5 8 6 7 d 19 21 25 30 33 36 29 32 31 23 3 2 27 20 26 24 4 8 3 12 14 11 17 18 13 15 16 11 14 
Beneficio: 380
d 7 5 8 6 7 d 19 21 25 30 33 36 29 32 31 23 3 2 27 20 26 24 4 8 3 12 32 28 10 13 15 18 11 16 14 11 
Beneficio: 333
d 7 5 8 6 7 d 19 21 25 30 33 36 29 32 31 23 3 2 27 20 26 4 24 9 2 27 22 23 3 12 14 11 18 15 13 
Beneficio: 506
d 7 5 8 6 7 d 19 21 25 30 33 36 29 32 31 23 3 2 27 20 26 24 9 4 8 3 12 14 16 11 17 15 16 14 11 18 17 
Beneficio: 439
d 7 5 8 6 7 d 19 21 25 30 33 36 29 32 31 23 3 2 27 20 26 22 23 3 12 14 16 15 13 18 11 16 14 11 17 15 18 
Beneficio: 528
d 7 5 8 6 7 d 19 21 25 30 33 36 29 32 31 23 3 2 27 20 26 24 9 4 8 3 12 14 11 18 17 15 16 14 11 17 18 13 10 28 36 
Beneficio: 434
d 7 5 8 6 7 d 19 21 25 30 33 36 29 32 31 23 3 2 27 20 26 24 23 3 12 14 11 17 15 16 11 17 18 13 10 
Beneficio: 527
d 7 5 8 6 7 d 19 21 25 30 33 36 29 32 31 23 3 2 27 20 26 24 9 4 8 3 12 14 16 11 17 15 16 14 11 18 13 10 28 
Beneficio: 328
d 7 5 8 6 7 d 19 21 25 30 33 36 29 32 31 23 3 2 27 20 26 24 9 4 8 3 12 14 16 11 18 
Beneficio: 453
d 7 5 8 6 7 d 19 21 25 30 33 36 29 32 31 23 3 2 27 22 26 20 27 9 4 8 3 12 14 16 15 
Beneficio: 328
d 7 5 8 6 7 d 19 21 25 30 33 36 29 32 31 23 3 2 27 22 26 4 8 3 12 14 11 17 15 13 10 28 32 
Beneficio: 518
d 7 5 8 6 7 d 19 21 25 30 33 36 29 32 31 23 3 2 27 22 26 20 2 9 24 4 8 3 12 14 16 11 14 16 15 13 10 28 
Beneficio: 382
d 7 5 8 6 7 d 19 21 25 30 33 36 29 32 31 23 3 2 27 9 24 26 20 27 2 9 4 8 3 12 14 16 11 17 15 18 13 
Beneficio: 362
d 7 5 8 6 7 d 19 21 25 30 33 36 29 32 31 23 3 2 27 9 24 4 8 3 12 14 11 17 18 15 13 10 29 28 
Beneficio: 524
d 7 5 8 6 7 d 19 21 25 30 33 36 29 32 31 23 3 2 20 26 24 9 4 8 3 12 14 16 11 18 15 16 14 11 17 18 15 13 
Beneficio: 426
d 7 5 8 6 7 d 19 21 25 30 33 36 29 32 31 23 3 2 20 26 24 23 3 12 14 11 16 15 13 10 28 36 
Beneficio: 494
d 7 5 8 6 7 d 19 21 25 30 33 36 29 32 31 23 3 2 20 26 22 27 2 9 4 8 3 12 14 16 15 13 18 11 16 
Beneficio: 508
d 7 5 8 6 7 d 19 21 25 30 33 36 29 32 31 23 3 2 20 26 24 4 8 3 12 14 16 15 13 18 11 
Beneficio: 544
d 7 5 8 6 7 d 19 21 25 30 33 36 29 32 31 23 3 2 20 27 22 23 24 26 20 27 2 9 24 4 8 3 12 14 16 15 18 11 14 
Beneficio: 362
d 7 5 8 6 7 d 19 21 25 30 33 36 29 32 31 23 3 2 20 27 22 26 24 23 31 12 14 16 15 17 11 16 14 
Beneficio: 455
d 7 5 8 6 7 d 19 21 25 30 33 36 29 32 31 23 3 2 20 27 22 26 4 8 3 12 14 16 11 18 13 15 16 14 11 17 
Beneficio: 422
d 7 5 8 6 7 d 19 21 25 30 33 36 29 32 31 23 3 2 20 27 9 24 26 4 8 3 12 14 16 15 18 17 11 
Beneficio: 463
d 7 5 8 6 7 d 19 21 25 30 33 36 29 32 31 23 3 2 20 27 22 26 24 4 8 3 12 14 16 15 18 11 16 14 
Beneficio: 495
d 7 5 8 6 7 d 19 21 25 30 33 36 29 32 31 23 3 2 9 24 26 20 27 22 26 24 4 8 3 12 14 16 15 13 17 11 18 
Beneficio: 408
d 7 5 8 6 7 d 19 21 25 30 33 36 29 32 31 23 3 2 9 24 26 4 8 3 12 14 11 16 15 18 13 
Beneficio: 194
d 7 5 8 6 7 d 19 21 25 30 33 36 29 32 31 23 3 2 9 24 4 26 22 21 34 30 35 36 28 
Beneficio: 528
d 7 5 8 6 7 d 19 21 25 30 33 36 29 32 31 23 3 2 9 24 23 22 27 20 26 4 8 3 12 14 11 18 15 16 
Beneficio: 414
d 7 5 8 6 7 d 19 21 25 30 33 36 29 32 31 23 3 2 9 4 26 22 27 20 26 24 9 4 8 3 12 14 16 
Beneficio: 525
d 7 5 8 6 7 d 19 21 25 30 33 36 29 32 31 23 3 2 9 27 20 26 24 4 8 3 12 14 11 17 15 16 11 18 13 
Beneficio: 524
d 7 5 8 6 7 d 19 21 25 30 33 36 29 32 31 23 3 8 4 26 20 27 2 3 12 14 16 11 14 16 15 17 11 18 13 10 28 36 35 33 
Beneficio: 376
d 7 5 8 6 7 d 19 21 25 30 33 36 29 32 31 23 3 8 4 26 20 27 22 23 3 12 14 16 11 18 15 16 14 11 17 15 18 
Beneficio: 506
d 7 5 8 6 7 d 19 21 25 30 33 36 29 32 31 23 3 8 4 26 20 27 22 26 24 4 9 2 3 12 14 16 15 17 18 13 10 29 
Beneficio: 352
d 7 5 8 6 7 d 19 21 25 30 33 36 29 32 31 23 3 8 4 26 20 27 2 9 24 23 31 12 14 16 15 17 11 16 14 
Beneficio: 333
d 7 5 8 6 7 d 19 21 25 30 33 36 29 32 31 23 3 8 4 26 20 27 2 3 12 32 28 10 13 15 17 11 14 16 
Beneficio: 519
d 7 5 8 6 7 d 19 21 25 30 33 36 29 32 31 23 3 8 4 26 20 27 22 26 24 9 2 3 12 14 16 15 17 18 11 16 14 11 
Beneficio: 442
d 7 5 8 6 7 d 19 21 25 30 33 36 29 32 31 23 3 8 4 26 20 2 3 12 32 28 10 13 15 16 11 17 18 
Beneficio: 289
d 7 5 8 6 7 d 19 21 25 30 33 36 29 32 31 23 3 8 4 26 20 2 9 4 24 23 3 12 14 11 17 15 
Beneficio: 440
d 7 5 8 6 7 d 19 21 25 30 33 36 29 32 31 23 3 8 4 26 24 9 2 3 12 14 16 15 17 11 18 13 10 28 36 35 
Beneficio: 351
d 7 5 8 6 7 d 19 21 25 30 33 36 29 32 31 23 3 8 4 26 24 9 2 27 22 23 3 12 14 16 15 18 17 11 14 16 
Beneficio: 535
d 7 5 8 6 7 d 19 21 25 30 33 36 29 32 31 23 3 8 4 26 24 9 2 20 26 22 27 2 3 12 14 11 16 15 13 10 29 
Beneficio: 497
d 7 5 8 6 7 d 19 21 25 30 33 36 29 32 31 23 3 8 4 26 24 9 27 20 26 22 27 2 3 12 14 16 11 18 15 16 14 
Beneficio: 283
d 7 5 8 6 7 d 19 21 25 30 33 36 29 32 31 23 3 8 4 26 24 9 2 3 12 32 28 10 13 18 11 16 14 
Beneficio: 530
d 7 5 8 6 7 d 19 21 25 30 33 36 29 32 31 23 3 8 4 26 22 27 20 26 24 9 2 3 12 14 16 15 17 11 14 16 11 
Beneficio: 547
d 7 5 8 6 7 d 19 21 25 30 33 36 29 32 31 23 3 8 4 26 22 27 20 26 24 9 27 2 3 12 14 11 17 15 16 14 
Beneficio: 430
d 7 5 8 6 7 d 19 21 25 30 33 36 29 32 31 23 3 8 4 26 24 9 2 3 12 14 16 11 17 18 15 16 14 11 18 13 15 17 
Beneficio: 417
d 7 5 8 6 7 d 19 21 25 30 33 36 29 32 31 23 3 8 4 26 24 9 27 20 26 22 27 2 3 12 14 
Beneficio: 430
d 7 5 8 6 7 d 19 21 25 30 33 36 29 32 31 23 3 8 4 26 22 27 20 26 4 24 9 2 3 12 14 11 17 18 13 10 28 29 
Beneficio: 460
d 7 5 8 6 7 d 19 21 25 30 33 36 29 32 31 23 3 8 4 26 22 27 20 2 3 12 14 16 11 14 16 15 17 18 13 10 
Beneficio: 495
d 7 5 8 6 7 d 19 21 25 30 33 36 29 32 31 23 3 8 4 24 26 20 27 2 3 12 14 16 15 16 11 18 13 10 
Beneficio: 561
d 7 5 8 6 7 d 19 21 25 30 33 36 29 32 31 23 3 8 4 24 26 20 27 22 26 4 9 2 3 12 14 11 18 13 15 16 11 17 15 
Beneficio: 500
d 7 5 8 6 7 d 19 21 25 30 33 36 29 32 31 23 3 8 4 24 26 20 27 2 3 12 14 16 11 18 15 16 14 11 17 15 13 10 29 
Beneficio: 503
d 7 5 8 6 7 d 19 21 25 30 33 36 29 32 31 23 3 8 4 24 26 20 27 2 3 12 14 11 17 18 15 16 11 17 15 18 
Beneficio: 350
d 7 5 8 6 7 d 19 21 25 30 33 36 29 32 31 23 3 8 4 24 26 20 27 2 9 24 26 22 23 3 12 14 16 15 17 11 18 
Beneficio: 532
d 7 5 8 6 7 d 19 21 25 30 33 36 29 32 31 23 3 8 4 24 26 20 2 3 12 14 16 15 17 11 16 14 11 18 13 10 
Beneficio: 350
d 7 5 8 6 7 d 19 21 25 30 33 36 29 32 31 23 3 8 4 24 26 22 27 20 2 3 12 14 16 11 17 15 13 10 28 36 
Beneficio: 449
d 7 5 8 6 7 d 19 21 25 30 33 36 29 32 31 23 3 8 4 24 26 22 27 20 26 4 24 9 2 3 12 14 16 11 14 11 18 
Beneficio: 402
d 7 5 8 6 7 d 19 21 25 30 33 36 29 32 31 23 3 8 4 24 26 22 27 2 3 12 14 11 18 17 15 13 
Beneficio: 395
d 7 5 8 6 7 d 19 21 25 30 33 36 29 32 31 23 3 8 4 24 9 2 3 12 14 11 17 18 13 10 28 29 36 35 
Beneficio: 358
d 7 5 8 6 7 d 19 21 25 30 33 36 29 32 31 23 3 8 4 24 9 2 27 20 26 22 23 3 12 14 16 15 13 10 28 36 
Beneficio: 497
d 7 5 8 6 7 d 19 21 25 30 33 36 29 32 31 23 3 8 4 24 9 2 20 26 24 9 2 3 12 14 11 17 18 15 16 14 
Beneficio: 503
d 7 5 8 6 7 d 19 21 25 30 33 36 29 32 31 23 3 8 4 24 9 2 27 20 26 22 27 2 3 12 14 16 11 18 17 15 16 
Beneficio: 462
d 7 5 8 6 7 d 19 21 25 30 33 36 29 32 31 23 3 8 4 24 9 2 3 12 14 11 18 15 16 14 11 17 15 18 13 10 
Beneficio: 345
d 7 5 8 6 7 d 19 21 25 30 33 36 29 32 31 23 3 8 4 24 9 27 20 26 24 23 3 2 27 22 26 
Beneficio: 462
d 7 5 8 6 7 d 19 21 25 30 33 36 29 32 31 23 3 8 4 24 9 27 2 3 12 14 16 11 18 15 16 14 11 18 15 17 
Beneficio: 529
d 7 5 8 6 7 d 19 21 25 30 33 36 29 32 31 23 3 8 4 24 26 20 27 9 2 3 12 14 11 17 15 16 11 18 15 13 10 28 
Beneficio: 509
d 7 5 8 6 7 d 19 21 25 30 33 36 29 32 31 23 3 8 4 24 26 22 27 20 26 20 27 2 3 12 14 16 15 17 11 
Beneficio: 396
d 7 5 8 6 7 d 19 21 25 30 33 36 29 32 31 23 3 8 4 24 23 22 26 20 2 3 12 14 16 11 17 15 18 13 10 28 36 
Beneficio: 518
d 7 5 8 6 7 d 19 21 25 30 33 36 29 32 31 23 3 8 4 24 9 2 27 22 26 20 27 2 3 12 14 16 15 13 18 17 11 14 16 
Beneficio: 300
d 7 5 8 6 7 d 19 21 25 30 33 36 29 32 31 23 3 8 4 24 26 20 27 2 9 24 26 22 23 3 12 14 16 11 14 16 
Beneficio: 409
d 7 5 8 6 7 d 19 21 25 30 33 36 29 32 31 23 3 8 4 24 26 20 27 22 26 4 9 2 3 12 14 16 11 17 18 13 10 28 
Beneficio: 542
d 7 5 8 6 7 d 19 21 25 30 33 36 29 32 31 23 3 8 4 24 26 20 27 9 2 3 12 14 16 11 14 16 15 18 17 
Beneficio: 528
d 7 5 8 6 7 d 19 21 25 30 33 36 29 32 31 23 3 8 4 24 26 20 27 22 26 4 9 2 3 12 14 16 11 14 16 15 18 13 10 
Beneficio: 380
d 7 5 8 6 7 d 19 21 25 30 33 36 29 32 31 23 3 8 4 24 26 20 2 3 12 32 28 10 13 15 18 17 11 14 16 11 
Beneficio: 441
d 7 5 8 6 7 d 19 21 25 30 33 36 29 32 31 23 3 8 4 24 26 22 27 20 26 4 24 9 2 3 12 14 11 17 18 13 10 28 
Beneficio: 344
d 7 5 8 6 7 d 19 21 25 30 33 36 29 32 31 23 3 8 4 24 26 22 27 20 26 24 23 3 12 14 16 15 18 13 
Beneficio: 471
d 7 5 8 6 7 d 19 21 25 30 33 36 29 32 31 23 3 8 4 24 26 22 27 2 3 12 14 16 11 18 17 15 16 14 11 17 15 18 13 10 28 
Beneficio: 471
d 7 5 8 6 7 d 19 21 25 30 33 36 29 32 31 23 3 8 4 24 9 2 3 12 14 11 17 15 16 11 18 13 17 15 
Beneficio: 287
d 7 5 8 6 7 d 19 21 25 30 33 36 29 32 31 23 3 8 4 24 9 2 27 20 26 24 23 3 12 14 16 11 14 11 17 18 15 13 
Beneficio: 535
d 7 5 8 6 7 d 19 21 25 30 33 36 29 32 31 23 3 8 4 24 9 2 27 22 26 20 27 2 3 12 14 11 17 18 15 16 11 18 15 17 
Beneficio: 522
d 7 5 8 6 7 d 19 21 25 30 33 36 29 32 31 23 3 8 4 24 9 2 20 27 22 26 20 27 2 3 12 14 11 18 13 15 16 11 17 
Beneficio: 538
d 7 5 8 6 7 d 19 21 25 30 33 36 29 32 31 23 3 8 4 24 9 2 20 26 24 9 2 3 12 14 16 11 17 18 15 16 14 11 
Beneficio: 524
d 7 5 8 6 7 d 19 21 25 30 33 36 29 32 31 23 3 8 4 24 9 2 20 26 20 27 2 3 12 14 16 15 17 11 14 
Beneficio: 527
d 7 5 8 6 7 d 19 21 25 30 33 36 29 32 31 23 3 8 4 24 9 27 22 26 20 27 2 3 12 14 16 11 14 16 15 17 18 
Beneficio: 515
d 7 5 8 6 7 d 19 21 25 30 33 36 29 32 31 23 3 8 4 24 26 20 27 2 3 12 14 16 11 17 18 15 16 14 11 18 13 17 15 
Beneficio: 551
d 7 5 8 6 7 d 19 21 25 30 33 36 29 32 31 23 3 8 4 24 26 20 27 9 2 3 12 14 16 15 18 11 14 16 
Beneficio: 273
d 7 5 8 6 7 d 19 21 25 30 33 36 29 32 31 23 3 8 4 24 26 22 23 3 2 20 27 9 
Beneficio: 270
d 7 5 8 6 7 d 19 21 25 30 33 36 29 32 31 23 3 8 4 24 23 3 12 14 16 11 17 15 16 11 17 
Beneficio: 459
d 7 5 8 6 7 d 19 21 25 30 33 36 29 32 31 23 3 8 4 9 2 3 12 14 16 11 17 18 15 16 14 11 18 15 13 10 29 28 
Beneficio: 531
d 7 5 8 6 7 d 19 21 25 30 33 36 29 32 31 23 3 8 4 9 2 27 20 26 24 4 9 2 3 12 14 11 17 18 13 15 16 11 18 15 
Beneficio: 388
d 7 5 8 6 7 d 19 21 25 30 33 36 29 32 31 23 3 8 4 9 2 27 20 26 24 23 3 12 14 16 11 17 18 15 16 14 11 18 15 17 
Beneficio: 561
d 7 5 8 6 7 d 19 21 25 30 33 36 29 32 31 23 3 8 4 9 2 20 26 24 9 27 20 2 3 12 14 11 18 17 15 16 
Beneficio: 520
d 7 5 8 6 7 d 19 21 25 30 33 36 29 32 31 23 3 8 4 9 2 20 27 22 26 20 27 2 3 12 14 11 18 15 16 11 17 15 18 
Beneficio: 542
d 7 5 8 6 7 d 19 21 25 30 33 36 29 32 31 23 3 8 4 9 2 27 22 26 20 27 2 3 12 14 16 15 17 11 16 14 11 18 13 10 28 
Beneficio: 374
d 7 5 8 6 7 d 19 21 25 30 33 36 29 32 31 23 3 8 4 9 24 26 20 27 2 3 23 22 26 24 9 2 20 
Beneficio: 544
d 7 5 8 6 7 d 19 21 25 30 33 36 29 32 31 23 3 8 4 9 24 26 20 27 2 3 12 14 16 11 18 13 15 16 14 11 17 18 
Beneficio: 258
d 7 5 8 6 7 d 19 21 25 30 33 36 29 32 31 23 3 8 4 9 24 26 20 27 22 26 24 23 3 12 14 16 11 17 
Beneficio: 557
d 7 5 8 6 7 d 19 21 25 30 33 36 29 32 31 23 3 8 4 9 24 26 20 2 3 12 14 16 11 17 15 16 14 11 18 15 13 10 
Beneficio: 460
d 7 5 8 6 7 d 19 21 25 30 33 36 29 32 31 23 3 8 4 9 24 26 22 27 20 2 3 12 14 16 15 17 11 18 13 
Beneficio: 533
d 7 5 8 6 7 d 19 21 25 30 33 36 29 32 31 23 3 8 4 9 24 26 20 27 2 3 12 14 16 11 18 15 16 14 11 17 15 18 13 
Beneficio: 522
d 7 5 8 6 7 d 19 21 25 30 33 36 29 32 31 23 3 8 4 9 24 23 22 26 20 27 2 3 23 31 12 14 11 17 15 16 
Beneficio: 502
d 7 5 8 6 7 d 19 21 25 30 33 36 29 32 31 23 3 8 4 9 2 20 26 24 9 2 3 12 14 16 15 17 13 
Beneficio: 456
d 7 5 8 6 7 d 19 21 25 30 33 36 29 32 31 23 3 8 4 9 27 20 2 3 12 14 11 17 18 13 15 16 11 17 18 
Beneficio: 449
d 7 5 8 6 7 d 19 21 25 30 33 36 29 32 31 23 3 8 4 9 24 26 20 27 2 3 12 14 16 11 14 11 18 13 15 
Beneficio: 523
d 7 5 8 6 7 d 19 21 25 30 33 36 29 32 31 23 3 8 4 9 27 20 26 24 9 2 3 12 14 16 11 14 16 15 17 18 13 10 
Beneficio: 459
d 7 5 8 6 7 d 19 21 25 30 33 36 29 32 31 23 3 8 4 9 2 3 12 14 16 11 17 13 18 15 16 14 11 18 15 17 
Beneficio: 339
d 7 5 8 6 7 d 19 21 25 30 33 36 29 32 31 23 3 8 4 9 2 27 20 26 4 24 23 3 12 14 16 15 18 17 11 16 14 
Beneficio: 525
d 7 5 8 6 7 d 19 21 25 30 33 36 29 32 31 23 3 8 4 9 2 27 22 26 20 27 2 3 12 14 16 11 14 11 17 15 16 
Beneficio: 492
d 7 5 8 6 7 d 19 21 25 30 33 36 29 32 31 23 3 8 4 9 2 20 27 22 26 20 27 2 3 12 14 16 15 13 17 11 18 
Beneficio: 518
d 7 5 8 6 7 d 19 21 25 30 33 36 29 32 31 23 3 8 4 9 2 27 22 26 20 27 2 3 12 14 16 15 18 17 11 14 11 16 
Beneficio: 495
d 7 5 8 6 7 d 19 21 25 30 33 36 29 32 31 23 3 8 4 9 24 26 20 27 2 3 12 32 28 10 13 18 15 17 11 14 16 15 13 
Beneficio: 541
d 7 5 8 6 7 d 19 21 25 30 33 36 29 32 31 23 3 8 4 9 24 26 20 27 2 3 12 14 11 18 15 16 11 17 13 18 
Beneficio: 425
d 7 5 8 6 7 d 19 21 25 30 33 36 29 32 31 23 3 8 4 9 24 26 20 2 3 12 14 11 17 15 18 13 
Beneficio: 473
d 7 5 8 6 7 d 19 21 25 30 33 36 29 32 31 23 3 8 4 9 24 26 22 27 2 3 12 14 16 11 18 15 16 14 11 17 15 18 13 10 
Beneficio: 546
d 7 5 8 6 7 d 19 21 25 30 33 36 29 32 31 23 3 8 4 9 24 26 20 2 3 12 14 16 15 18 11 14 16 11 17 15 13 10 
Beneficio: 462
d 7 5 8 6 7 d 19 21 25 30 33 36 29 32 31 23 3 8 4 9 2 3 12 14 16 11 14 16 15 13 18 11 17 
Beneficio: 436
d 7 5 8 6 7 d 19 21 25 30 33 36 29 32 31 23 3 8 4 9 27 20 26 24 9 2 3 12 14 11 16 15 17 
Beneficio: 538
d 7 5 8 6 7 d 19 21 25 30 33 36 29 32 31 23 3 8 4 9 24 26 20 27 2 3 12 14 11 17 18 15 16 11 18 
Beneficio: 284
d 7 5 8 6 7 d 19 21 25 30 33 36 29 32 31 23 3 8 4 9 27 20 26 22 23 3 12 14 11 17 18 
Beneficio: 537
d 7 5 8 6 7 d 19 21 25 30 33 36 29 32 31 23 3 8 4 26 20 27 2 3 12 14 16 15 18 11 14 16 11 17 15 13 10 
Beneficio: 389
d 7 5 8 6 7 d 19 21 25 30 33 36 29 32 31 23 3 8 4 26 20 27 9 2 3 12 14 16 11 17 15 13 18 
Beneficio: 501
d 7 5 8 6 7 d 19 21 25 30 33 36 29 32 31 23 3 8 4 26 24 9 2 27 20 26 22 27 2 3 12 14 16 15 17 11 
Beneficio: 501
d 7 5 8 6 7 d 19 21 25 30 33 36 29 32 31 23 3 8 4 26 22 27 20 26 24 9 2 3 12 14 16 11 17 15 16 14 11 18 17 
Beneficio: 455
d 7 5 8 6 7 d 19 21 25 30 33 36 29 32 31 23 3 8 4 26 24 9 27 2 3 12 14 16 11 18 17 15 16 14 11 
Beneficio: 462
d 7 5 8 6 7 d 19 21 25 30 33 36 29 32 31 23 3 8 4 26 20 27 22 26 24 9 2 3 12 14 11 17 18 15 16 14 
Beneficio: 398
d 7 5 8 6 7 d 19 21 25 30 33 36 29 32 31 23 3 8 4 24 26 22 27 20 2 3 12 14 16 11 18 15 16 14 11 17 
Beneficio: 271
d 7 5 8 6 7 d 19 21 25 30 33 36 29 32 31 23 3 8 4 24 9 2 3 23 22 26 20 27 
Beneficio: 393
d 7 5 8 6 7 d 19 21 25 30 33 36 29 32 31 23 3 8 4 9 2 3 12 14 16 15 18 17 11 14 11 16 
Beneficio: 438
d 7 5 8 6 7 d 19 21 25 30 33 36 29 32 31 23 3 12 14 16 15 17 11 14 12 3 2 20 26 24 9 2 27 22 
Beneficio: 395
d 7 5 8 6 7 d 19 21 25 30 33 36 29 32 31 23 3 8 4 26 20 27 2 3 12 14 16 11 14 11 17 18 15 
Beneficio: 389
d 7 5 8 6 7 d 19 21 25 30 33 36 29 32 31 23 3 8 4 24 26 20 27 2 3 12 14 16 11 17 18 13 10 28 36 
Beneficio: 424
d 7 5 8 6 7 d 19 21 25 30 33 36 29 32 31 23 3 8 4 24 9 27 2 3 12 14 16 11 14 16 15 18 13 10 
Beneficio: 424
d 7 5 8 6 7 d 19 21 25 30 33 36 29 32 31 23 3 8 4 24 9 2 3 12 14 16 15 13 18 17 11 14 16 11 18 
Beneficio: 520
d 7 5 8 6 7 d 19 21 25 30 33 36 29 32 31 23 3 8 4 9 24 26 20 27 2 3 12 14 11 18 13 15 16 11 17 18 15 
Beneficio: 492
d 7 5 8 6 7 d 19 21 25 30 33 36 29 32 31 23 3 8 4 9 2 20 26 22 27 2 3 12 14 11 17 15 16 11 18 13 
Beneficio: 448
d 7 5 8 6 7 d 19 21 25 30 33 36 29 32 31 23 3 8 4 26 24 9 2 3 12 14 11 17 15 16 11 18 17 
Beneficio: 379
d 7 5 8 6 7 d 19 21 25 30 33 36 29 32 31 23 3 2 27 20 26 4 8 3 12 14 16 15 17 11 14 16 
Beneficio: 318
d 7 5 8 6 7 d 19 21 25 30 33 36 29 32 31 23 22 27 20 26 24 9 2 3 12 14 16 11 18 17 15 13 10 29 28 36 35 
Beneficio: 363
d 7 5 8 6 7 d 19 21 25 30 33 36 29 32 31 23 22 27 20 26 24 9 4 8 3 12 14 11 17 15 16 11 18 15 17 
Beneficio: 456
d 7 5 8 6 7 d 19 21 25 30 33 36 29 32 31 23 22 27 20 26 24 9 27 2 3 12 14 16 11 14 16 15 13 18 17 
Beneficio: 348
d 7 5 8 6 7 d 19 21 25 30 33 36 29 32 31 23 22 27 20 26 24 4 8 3 12 14 16 15 17 18 13 10 29 28 32 
Beneficio: 528
d 7 5 8 6 7 d 19 21 25 30 33 36 29 32 31 23 22 27 20 26 24 4 8 3 2 9 4 24 23 3 12 14 11 14 16 15 
Beneficio: 347
d 7 5 8 6 7 d 19 21 25 30 33 36 29 32 31 23 22 27 20 26 24 4 9 2 3 12 14 11 17 15 18 13 10 28 32 12 
Beneficio: 293
d 7 5 8 6 7 d 19 21 25 30 33 36 29 32 31 23 22 27 20 26 24 23 3 12 14 16 15 17 11 16 
Beneficio: 435
d 7 5 8 6 7 d 19 21 25 30 33 36 29 32 31 23 22 27 20 26 24 9 2 3 12 14 16 11 14 11 17 13 18 15 16 
Beneficio: 381
d 7 5 8 6 7 d 19 21 25 30 33 36 29 32 31 23 22 27 20 26 4 8 3 12 14 16 11 17 18 15 16 14 11 18 15 13 10 
Beneficio: 306
d 7 5 8 6 7 d 19 21 25 30 33 36 29 32 31 23 22 27 20 26 4 24 9 2 3 12 14 16 11 17 18 13 10 
Beneficio: 531
d 7 5 8 6 7 d 19 21 25 30 33 36 29 32 31 23 22 27 20 26 24 9 2 3 23 24 4 8 3 12 14 16 11 17 15 16 14 11 18 
Beneficio: 372
d 7 5 8 6 7 d 19 21 25 30 33 36 29 32 31 23 22 27 20 26 24 4 8 3 12 14 16 11 18 17 15 16 14 11 18 13 10 28 
Beneficio: 508
d 7 5 8 6 7 d 19 21 25 30 33 36 29 32 31 23 22 27 20 26 24 23 3 2 9 4 8 3 12 14 16 15 18 17 11 
Beneficio: 366
d 7 5 8 6 7 d 19 21 25 30 33 36 29 32 31 23 22 27 20 26 20 27 2 9 4 8 3 12 14 11 18 15 16 11 
Beneficio: 462
d 7 5 8 6 7 d 19 21 25 30 33 36 29 32 31 23 22 27 20 2 3 23 24 9 4 8 3 12 14 11 16 15 17 13 
Beneficio: 392
d 7 5 8 6 7 d 19 21 25 30 33 36 29 32 31 23 22 27 20 2 9 24 26 20 27 2 3 8 4 26 22 21 25 
Beneficio: 324
d 7 5 8 6 7 d 19 21 25 30 33 36 29 32 31 23 22 27 20 2 9 24 26 4 8 3 12 14 11 17 15 16 14 11 18 13 15 17 
Beneficio: 370
d 7 5 8 6 7 d 19 21 25 30 33 36 29 32 31 23 22 27 20 2 9 24 26 20 26 4 8 3 12 14 16 15 17 18 11 14 16 
Beneficio: 429
d 7 5 8 6 7 d 19 21 25 30 33 36 29 32 31 23 22 27 20 2 9 4 26 20 27 2 3 12 14 16 15 18 17 11 14 16 11 18 13 10 
Beneficio: 543
d 7 5 8 6 7 d 19 21 25 30 33 36 29 32 31 23 22 27 20 2 3 8 4 26 20 27 2 9 24 26 22 23 3 12 14 11 17 15 16 14 
Beneficio: 328
d 7 5 8 6 7 d 19 21 25 30 33 36 29 32 31 23 22 27 20 2 3 12 14 16 11 18 15 16 11 17 15 13 
Beneficio: 498
d 7 5 8 6 7 d 19 21 25 30 33 36 29 32 31 23 22 27 20 2 9 24 4 8 3 2 20 26 24 23 3 12 14 16 15 18 17 11 16 14 
Beneficio: 438
d 7 5 8 6 7 d 19 21 25 30 33 36 29 32 31 23 22 27 20 2 9 4 26 20 27 2 3 12 14 16 11 14 16 15 18 11 17 
Beneficio: 314
d 7 5 8 6 7 d 19 21 25 30 33 36 29 32 31 23 22 27 20 2 9 4 8 3 12 14 16 15 13 18 17 11 14 
Beneficio: 440
d 7 5 8 6 7 d 19 21 25 30 33 36 29 32 31 23 22 27 2 3 8 4 24 26 20 2 9 4 24 23 3 12 14 11 16 
Beneficio: 487
d 7 5 8 6 7 d 19 21 25 30 33 36 29 32 31 23 22 27 2 3 8 4 9 2 27 20 26 4 24 23 3 12 14 16 15 17 11 
Beneficio: 530
d 7 5 8 6 7 d 19 21 25 30 33 36 29 32 31 23 22 27 2 3 23 24 9 2 20 26 24 4 8 3 12 14 11 16 15 17 11 18 13 
Beneficio: 355
d 7 5 8 6 7 d 19 21 25 30 33 36 29 32 31 23 22 27 2 3 12 14 11 17 15 16 14 11 18 15 13 10 28 29 
Beneficio: 439
d 7 5 8 6 7 d 19 21 25 30 33 36 29 32 31 23 22 27 2 9 24 26 20 27 2 3 12 14 11 17 15 16 11 18 15 13 
Beneficio: 324
d 7 5 8 6 7 d 19 21 25 30 33 36 29 32 31 23 22 27 2 9 24 26 20 2 3 12 14 16 11 17 15 18 13 10 28 36 
Beneficio: 268
d 7 5 8 6 7 d 19 21 25 30 33 36 29 32 31 23 22 27 2 9 24 26 4 8 3 12 14 16 15 18 11 14 16 11 
Beneficio: 430
d 7 5 8 6 7 d 19 21 25 30 33 36 29 32 31 23 22 27 2 9 24 4 8 3 2 20 26 24 23 3 12 14 11 17 15 13 
Beneficio: 337
d 7 5 8 6 7 d 19 21 25 30 33 36 29 32 31 23 22 27 2 9 24 26 20 27 2 3 23 24 26 4 8 3 12 
Beneficio: 284
d 7 5 8 6 7 d 19 21 25 30 33 36 29 32 31 23 22 27 2 9 4 8 3 12 14 16 11 17 15 16 14 11 18 15 13 10 28 36 
Beneficio: 426
d 7 5 8 6 7 d 19 21 25 30 33 36 29 32 31 23 22 27 2 9 4 24 26 20 27 2 3 12 14 16 11 18 15 16 14 11 17 18 
Beneficio: 290
d 7 5 8 6 7 d 19 21 25 30 33 36 29 32 31 23 22 27 2 9 4 24 26 20 2 9 4 8 3 12 14 11 17 15 18 
Beneficio: 446
d 7 5 8 6 7 d 19 21 25 30 33 36 29 32 31 23 22 27 2 20 26 24 9 2 3 12 14 11 16 15 17 18 13 10 28 29 
Beneficio: 217
d 7 5 8 6 7 d 19 21 25 30 33 36 29 32 31 23 22 27 2 20 26 24 4 8 3 12 14 11 17 15 18 13 10 28 36 
Beneficio: 401
d 7 5 8 6 7 d 19 21 25 30 33 36 29 32 31 23 22 27 2 20 26 4 8 3 12 14 16 11 18 15 16 14 11 17 
Beneficio: 271
d 7 5 8 6 7 d 19 21 25 30 33 36 29 32 31 23 22 27 2 20 26 4 8 3 12 14 16 15 18 17 11 16 
Beneficio: 383
d 7 5 8 6 7 d 19 21 25 30 33 36 29 32 31 23 22 27 2 20 26 24 4 8 3 12 14 16 11 17 15 16 14 11 18 17 13 
Beneficio: 323
d 7 5 8 6 7 d 19 21 25 30 33 36 29 32 31 23 22 27 2 20 26 24 4 8 3 12 14 16 15 13 
Beneficio: 432
d 7 5 8 6 7 d 19 21 25 30 33 36 29 32 31 23 22 27 2 9 24 26 20 2 3 12 14 11 17 18 15 16 11 18 
Beneficio: 462
d 7 5 8 6 7 d 19 21 25 30 33 36 29 32 31 23 22 27 20 26 24 9 2 3 12 14 16 11 17 15 16 14 11 18 15 13 10 29 28 
Beneficio: 355
d 7 5 8 6 7 d 19 21 25 30 33 36 29 32 31 23 22 27 20 26 24 9 4 8 3 12 14 11 16 15 18 11 16 
Beneficio: 384
d 7 5 8 6 7 d 19 21 25 30 33 36 29 32 31 23 22 27 20 26 24 4 8 3 12 14 16 15 18 11 14 16 11 17 18 13 10 29 
Beneficio: 377
d 7 5 8 6 7 d 19 21 25 30 33 36 29 32 31 23 22 27 20 26 24 4 8 3 12 14 16 15 17 11 16 14 11 18 15 13 10 29 28 
Beneficio: 202
d 7 5 8 6 7 d 19 21 25 30 33 36 29 32 31 23 22 27 20 26 24 23 3 12 14 16 11 14 11 18 15 17 
Beneficio: 375
d 7 5 8 6 7 d 19 21 25 30 33 36 29 32 31 23 22 27 20 26 4 8 3 12 14 16 11 17 15 16 14 11 18 15 13 10 28 32 
Beneficio: 394
d 7 5 8 6 7 d 19 21 25 30 33 36 29 32 31 23 22 27 20 26 4 9 2 3 12 14 16 15 18 13 17 11 
Beneficio: 430
d 7 5 8 6 7 d 19 21 25 30 33 36 29 32 31 23 22 27 20 26 24 4 9 2 3 12 14 16 11 17 15 16 14 11 18 17 
Beneficio: 469
d 7 5 8 6 7 d 19 21 25 30 33 36 29 32 31 23 22 27 20 2 3 8 4 26 24 23 3 12 14 16 15 17 11 16 14 11 18 15 13 
Beneficio: 415
d 7 5 8 6 7 d 19 21 25 30 33 36 29 32 31 23 22 27 20 2 9 24 26 20 27 2 3 23 31 12 14 16 15 17 11 18 
Beneficio: 418
d 7 5 8 6 7 d 19 21 25 30 33 36 29 32 31 23 22 27 20 2 9 24 4 26 20 27 2 3 12 14 11 18 15 16 11 17 18 15 
Beneficio: 337
d 7 5 8 6 7 d 19 21 25 30 33 36 29 32 31 23 22 27 20 2 9 24 26 20 2 3 12 14 16 11 14 
Beneficio: 369
d 7 5 8 6 7 d 19 21 25 30 33 36 29 32 31 23 22 27 20 2 9 24 26 20 27 2 3 8 4 24 26 22 23 
Beneficio: 310
d 7 5 8 6 7 d 19 21 25 30 33 36 29 32 31 23 22 27 20 2 9 4 8 3 12 14 16 15 17 18 11 14 16 11 17 13 10 
Beneficio: 369
d 7 5 8 6 7 d 19 21 25 30 33 36 29 32 31 23 22 27 2 3 8 4 26 24 9 2 27 20 26 22 21 34 30 35 
Beneficio: 484
d 7 5 8 6 7 d 19 21 25 30 33 36 29 32 31 23 22 27 2 3 23 24 4 26 20 27 2 9 24 4 8 3 12 14 16 15 
Beneficio: 335
d 7 5 8 6 7 d 19 21 25 30 33 36 29 32 31 23 22 27 2 3 12 14 16 11 17 18 15 16 11 18 17 
Beneficio: 458
d 7 5 8 6 7 d 19 21 25 30 33 36 29 32 31 23 22 27 2 9 24 26 20 2 3 12 14 11 17 15 16 11 14 
Beneficio: 522
d 7 5 8 6 7 d 19 21 25 30 33 36 29 32 31 23 22 27 2 9 24 4 8 3 23 24 26 20 27 2 3 12 14 16 11 17 15 16 
Beneficio: 194
d 7 5 8 6 7 d 19 21 25 30 33 36 29 32 31 23 22 27 2 9 4 8 3 12 14 11 17 15 18 13 10 
Beneficio: 454
d 7 5 8 6 7 d 19 21 25 30 33 36 29 32 31 23 22 27 2 9 4 26 20 2 3 12 14 16 11 14 16 15 17 11 
Beneficio: 441
d 7 5 8 6 7 d 19 21 25 30 33 36 29 32 31 23 22 27 2 20 26 24 9 2 3 12 14 16 15 18 17 11 14 11 16 
Beneficio: 304
d 7 5 8 6 7 d 19 21 25 30 33 36 29 32 31 23 22 27 2 20 26 24 9 2 3 12 14 16 11 17 15 18 13 
Beneficio: 396
d 7 5 8 6 7 d 19 21 25 30 33 36 29 32 31 23 22 27 2 20 26 4 8 3 23 24 4 9 2 3 12 14 16 11 17 15 
Beneficio: 415
d 7 5 8 6 7 d 19 21 25 30 33 36 29 32 31 23 22 27 2 9 4 8 3 23 24 26 20 2 3 12 14 16 
Beneficio: 550
d 7 5 8 6 7 d 19 21 25 30 33 36 29 32 31 23 22 27 9 24 26 20 27 2 3 23 24 4 8 3 12 14 11 17 15 16 14 
Beneficio: 373
d 7 5 8 6 7 d 19 21 25 30 33 36 29 32 31 23 22 27 9 24 4 26 20 27 2 9 4 8 3 12 14 16 11 14 16 15 17 18 13 
Beneficio: 433
d 7 5 8 6 7 d 19 21 25 30 33 36 29 32 31 23 22 27 9 4 24 26 20 27 2 3 12 14 16 11 14 16 15 17 18 13 10 28 
Beneficio: 401
d 7 5 8 6 7 d 19 21 25 30 33 36 29 32 31 23 22 27 9 24 26 20 27 2 9 24 4 8 3 12 14 16 11 14 16 15 17 
Beneficio: 308
d 7 5 8 6 7 d 19 21 25 30 33 36 29 32 31 23 22 27 9 4 8 3 12 14 16 11 14 16 15 18 13 17 
Beneficio: 524
d 7 5 8 6 7 d 19 21 25 30 33 36 29 32 31 23 22 26 20 27 2 3 8 4 9 24 23 3 12 14 16 15 17 11 14 16 11 
Beneficio: 400
d 7 5 8 6 7 d 19 21 25 30 33 36 29 32 31 23 22 26 20 27 2 3 12 14 11 18 17 15 16 11 17 13 18 
Beneficio: 307
d 7 5 8 6 7 d 19 21 25 30 33 36 29 32 31 23 22 26 20 27 2 9 24 4 8 3 12 14 16 15 18 11 14 16 11 17 15 18 13 10 
Beneficio: 342
d 7 5 8 6 7 d 19 21 25 30 33 36 29 32 31 23 22 26 20 27 2 9 24 4 8 3 12 14 16 11 18 15 16 14 11 17 15 
Beneficio: 322
d 7 5 8 6 7 d 19 21 25 30 33 36 29 32 31 23 22 26 20 27 22 26 24 23 3 2 9 24 4 8 3 
Beneficio: 427
d 7 5 8 6 7 d 19 21 25 30 33 36 29 32 31 23 22 26 20 27 2 3 12 14 11 17 18 13 15 16 11 
Beneficio: 279
d 7 5 8 6 7 d 19 21 25 30 33 36 29 32 31 23 22 26 20 27 2 9 24 26 4 8 3 12 14 16 11 17 15 18 13 
Beneficio: 396
d 7 5 8 6 7 d 19 21 25 30 33 36 29 32 31 23 22 26 20 27 9 24 26 4 8 3 12 14 16 11 18 15 16 14 11 17 15 13 
Beneficio: 517
d 7 5 8 6 7 d 19 21 25 30 33 36 29 32 31 23 22 26 20 27 2 3 23 24 9 4 8 3 12 14 16 11 18 15 16 14 11 17 15 
Beneficio: 374
d 7 5 8 6 7 d 19 21 25 30 33 36 29 32 31 23 22 26 20 27 2 9 24 4 8 3 12 14 16 11 17 18 15 16 
Beneficio: 229
d 7 5 8 6 7 d 19 21 25 30 33 36 29 32 31 23 22 26 20 27 2 9 4 8 3 12 14 11 17 15 18 
Beneficio: 417
d 7 5 8 6 7 d 19 21 25 30 33 36 29 32 31 23 22 26 20 27 2 3 12 14 11 18 17 15 16 14 11 17 13 
Beneficio: 364
d 7 5 8 6 7 d 19 21 25 30 33 36 29 32 31 23 22 26 20 27 2 9 4 8 3 12 14 16 11 18 15 16 14 11 17 15 18 13 
Beneficio: 484
d 7 5 8 6 7 d 19 21 25 30 33 36 29 32 31 23 22 26 20 2 3 23 22 27 2 9 4 8 3 12 14 16 15 17 
Beneficio: 371
d 7 5 8 6 7 d 19 21 25 30 33 36 29 32 31 23 22 26 20 2 9 24 4 8 3 12 14 11 14 16 15 18 13 17 11 
Beneficio: 371
d 7 5 8 6 7 d 19 21 25 30 33 36 29 32 31 23 22 26 20 2 27 9 4 8 3 12 14 16 15 17 11 14 16 11 18 
Beneficio: 311
d 7 5 8 6 7 d 19 21 25 30 33 36 29 32 31 23 22 26 20 2 9 24 26 4 8 3 12 14 11 17 15 18 13 10 
Beneficio: 379
d 7 5 8 6 7 d 19 21 25 30 33 36 29 32 31 23 22 26 20 2 9 24 4 8 3 12 14 16 15 17 11 14 16 11 18 13 15 
Beneficio: 470
d 7 5 8 6 7 d 19 21 25 30 33 36 29 32 31 23 22 26 24 9 2 3 23 24 4 8 3 12 14 11 14 16 15 18 17 11 
Beneficio: 309
d 7 5 8 6 7 d 19 21 25 30 33 36 29 32 31 23 22 26 24 9 2 27 20 26 4 8 3 12 14 11 18 15 13 10 28 29 
Beneficio: 312
d 7 5 8 6 7 d 19 21 25 30 33 36 29 32 31 23 22 26 24 9 2 27 20 26 22 27 2 3 23 
Beneficio: 345
d 7 5 8 6 7 d 19 21 25 30 33 36 29 32 31 23 22 26 24 9 2 27 20 26 4 8 3 12 14 16 11 17 18 15 16 
Beneficio: 324
d 7 5 8 6 7 d 19 21 25 30 33 36 29 32 31 23 22 26 24 9 4 8 3 12 14 11 17 18 15 16 14 11 18 13 10 28 36 
Beneficio: 429
d 7 5 8 6 7 d 19 21 25 30 33 36 29 32 31 23 22 26 24 9 2 27 20 26 22 27 20 2 3 12 14 16 11 14 16 15 13 10 28 
######### Overtime ############
Mejor solucion encontrada!
Beneficio: 556
d 7 5 8 3 23 3 2 9 24 26 20 19 21 25 30 33 36 29 32 12 14 11 17 15 16 7 d 
Time taken: 7200.00s
