Evaluando ./Instances\DEGREE\D14NoRPP
Solucion inicial: ./Instances\DEGREE\D14NoRPP-salida.txt

Nueva solucion parcial! a los 0.134s
Imprimiendo solucion: 
Beneficio: 694
1  * 60
3  * -1
17  * 20
16  * 13
10  * 66
15  * -8
13  * 16
14  * 62
11  * 7
13  * -11
33  * 40
29  * 19
28  * -6
36  * 33
34  * -33
36  * -3
29  * -14
32  * 21
31  * -13
30  * 20
32  * 4
35  * -13
26  * 46
27  * 46
22  * 12
26  * -7
22  * -10
21  * 56
23  * 55
25  * 12
19  * -34
24  * 82
20  * -8
23  * -4
5  * 101
7  * -4
8  * 22
6  * -21
2  * 42
9  * 47
4  * 39
2  * -23
9  * 1
5  * 39
4  * -34
17  * -9
3  * -31
1
Nueva solucion parcial! a los 0.14s
Imprimiendo solucion: 
Beneficio: 706
1  * 60
3  * -1
17  * 20
16  * 13
10  * 66
15  * -8
13  * 16
14  * 62
11  * 7
13  * -11
33  * 40
29  * 19
28  * -6
36  * 33
34  * -33
36  * -3
29  * -14
32  * 21
31  * -13
30  * 20
32  * 4
35  * -13
26  * 46
27  * 46
22  * 12
26  * -7
22  * -10
21  * 56
23  * 55
25  * 12
19  * -34
24  * 82
20  * -8
23  * -4
5  * 101
7  * -4
8  * 22
6  * -21
2  * 42
9  * 47
4  * 39
2  * -48
6  * 3
1
Nueva solucion parcial! a los 0.143s
Imprimiendo solucion: 
Beneficio: 721
1  * 60
3  * -1
17  * 20
16  * 13
10  * 66
15  * -8
13  * 16
14  * 62
11  * 7
13  * -11
33  * 40
29  * 19
28  * -6
36  * 33
34  * -33
36  * -3
29  * -14
32  * 21
31  * -13
30  * 20
32  * 4
35  * -13
26  * 46
27  * 46
22  * 12
26  * -7
22  * -10
21  * 56
23  * 55
25  * 12
19  * -34
24  * 82
20  * -8
23  * -4
5  * 101
7  * -4
8  * 22
6  * -21
2  * 42
9  * 47
4  * 39
5  * 1
9  * -25
4  * 39
2  * -48
6  * 3
1
Nueva solucion parcial! a los 0.35s
Imprimiendo solucion: 
Beneficio: 790
1  * 60
3  * -1
17  * 20
16  * 13
10  * 66
15  * -8
13  * 16
14  * 62
11  * 7
13  * -11
33  * 40
29  * 19
28  * -6
36  * 33
34  * -33
36  * -3
29  * -14
32  * 21
31  * -13
30  * 20
32  * 4
35  * -13
26  * 46
27  * 46
22  * 12
26  * -7
22  * -10
21  * 56
23  * 55
25  * 12
19  * -34
24  * 82
20  * -8
23  * -4
5  * 39
4  * 47
9  * 42
2  * 39
4  * -25
9  * 1
5  * 101
7  * -4
8  * 22
6  * 3
1
Nueva solucion parcial! a los 0.399s
Imprimiendo solucion: 
Beneficio: 808
1  * 60
3  * -1
17  * 20
16  * 13
10  * 66
15  * -8
13  * 16
14  * 62
11  * 7
13  * -11
33  * 40
29  * 19
28  * -6
36  * 33
34  * -33
36  * -3
29  * -14
32  * 21
31  * -13
30  * 20
32  * 4
35  * -13
26  * 46
27  * 46
22  * 12
26  * -7
22  * -10
21  * 56
23  * 55
25  * -4
24  * 82
20  * -8
23  * -4
5  * 39
4  * 47
9  * 42
2  * 39
4  * -25
9  * 1
5  * 101
7  * -4
8  * 22
6  * 3
1
Beneficio: 515
d 3 17 16 10 15 13 14 11 13 33 29 28 36 34 36 29 32 31 30 35 22 27 26 19 25 23 21 8 6 7 5 9 
Beneficio: 561
d 3 17 16 10 15 13 14 11 13 33 29 28 36 34 36 29 32 31 7 6 8 7 5 4 9 2 4 9 5 23 21 22 26 35 32 30 31 
Beneficio: 521
d 3 17 16 10 15 13 14 11 13 33 29 28 36 34 36 29 32 31 32 35 22 26 19 25 23 5 7 6 8 21 23 20 24 
Beneficio: 423
d 3 17 16 10 15 13 14 11 13 33 29 28 36 34 36 29 32 30 31 32 35 26 22 21 23 5 9 4 5 7 6 8 7 6 d 
Beneficio: 554
d 3 17 16 10 15 13 14 11 13 33 29 28 36 34 36 29 32 30 35 32 31 7 5 9 2 4 5 23 21 27 26 19 25 24 
Beneficio: 642
d 3 17 16 10 15 13 14 11 13 33 29 28 36 34 36 29 32 30 31 32 35 26 22 26 27 22 21 23 20 24 25 23 5 7 8 6 7 
Beneficio: 582
d 3 17 16 10 15 13 14 11 13 33 29 28 36 34 36 29 32 35 26 27 21 22 27 21 23 25 24 20 23 5 4 2 9 5 
Beneficio: 600
d 3 17 16 10 15 13 14 11 13 33 29 28 36 34 36 29 32 35 26 22 21 8 7 5 9 2 4 9 4 5 23 25 19 26 27 22 
Beneficio: 598
d 3 17 16 10 15 13 14 11 13 33 29 28 36 34 36 29 32 35 22 27 26 22 21 23 20 24 25 23 5 9 2 9 4 5 
Beneficio: 683
d 3 17 16 10 15 13 14 11 13 33 29 28 36 34 36 29 32 35 26 22 26 27 22 21 23 25 24 20 23 5 4 2 9 5 7 6 
Beneficio: 564
d 3 17 16 10 15 13 14 11 13 33 29 28 36 34 36 29 32 31 32 35 26 27 22 26 22 21 23 5 4 9 5 7 8 6 
Beneficio: 469
d 3 17 16 10 15 13 14 11 13 33 29 28 36 34 36 29 32 35 22 26 27 22 21 23 5 7 31 32 30 31 
Beneficio: 561
d 3 17 16 10 15 13 14 11 13 33 29 28 36 34 36 29 32 31 7 5 23 20 24 25 23 21 22 26 27 21 
Beneficio: 671
d 3 17 16 10 15 13 14 11 13 33 29 28 36 34 36 29 32 31 30 32 35 26 22 27 26 22 21 23 25 24 20 9 4 5 7 8 
Beneficio: 754
d 3 17 16 10 15 13 14 11 13 33 29 28 36 34 36 29 32 30 35 32 31 7 6 8 7 5 9 2 4 5 23 25 24 20 23 21 27 22 26 27 
Beneficio: 516
d 3 17 16 10 15 13 14 11 13 33 29 28 36 34 36 29 32 35 26 27 22 21 8 7 5 4 9 5 23 21 8 6 7 31 
Beneficio: 623
d 3 17 16 10 15 13 14 11 13 33 29 28 36 34 36 29 32 35 30 32 31 7 5 9 2 4 5 23 21 27 22 26 19 25 24 20 
Beneficio: 511
d 3 17 16 10 15 13 14 11 13 33 29 28 36 34 36 29 32 31 7 6 8 7 5 9 2 4 5 23 25 20 23 21 
Beneficio: 708
d 3 17 16 10 15 13 14 11 13 33 29 28 36 34 36 30 32 31 30 35 26 22 27 26 22 21 8 6 7 5 4 9 5 23 25 24 20 23 21 
Beneficio: 561
d 3 17 16 10 15 13 14 11 13 33 29 28 36 34 36 30 32 31 7 5 23 20 24 25 23 21 27 22 26 27 
Beneficio: 638
d 3 17 16 10 15 13 14 11 13 33 29 28 36 34 36 30 32 31 7 6 8 7 5 4 2 9 5 23 20 24 25 23 21 22 26 35 32 
Nueva solucion parcial! a los 251.692s
Imprimiendo solucion: 
Beneficio: 810
1  * 60
3  * -1
17  * 20
16  * 13
10  * 66
15  * -8
13  * 16
14  * 62
11  * 7
13  * -11
33  * 40
29  * 19
28  * -6
36  * 33
34  * -33
36  * -11
30  * 20
32  * 21
31  * -17
32  * 4
35  * -13
26  * 46
27  * 46
22  * 12
26  * -7
22  * -10
21  * 56
23  * 55
25  * -4
24  * 82
20  * -8
23  * -4
5  * 39
4  * 47
9  * 42
2  * 39
4  * -25
9  * 1
5  * 101
7  * -4
8  * 22
6  * 3
1
Beneficio: 530
d 3 17 16 10 15 13 14 11 13 33 29 28 36 34 36 30 32 31 32 35 22 26 27 21 8 7 5 4 2 9 4 
Beneficio: 419
d 3 17 16 10 15 13 14 11 13 33 29 28 36 34 36 30 32 35 26 27 21 8 7 5 23 20 24 25 19 34 
Beneficio: 450
d 3 17 16 10 15 13 14 11 13 33 29 28 36 34 36 30 32 35 26 22 21 23 5 4 2 9 5 7 31 32 35 30 
Beneficio: 567
d 3 17 16 10 15 13 14 11 13 33 29 28 36 34 36 30 32 35 22 27 26 22 21 23 25 24 20 23 5 9 2 6 7 8 6 d 
Beneficio: 671
d 3 17 16 10 15 13 14 11 13 33 29 28 36 34 36 30 32 35 22 27 26 22 21 23 25 24 20 9 4 2 9 5 4 
Beneficio: 482
d 3 17 16 10 15 13 14 11 13 33 29 28 36 34 36 30 32 35 26 22 27 26 22 21 8 6 7 5 4 2 9 5 
Beneficio: 564
d 3 17 16 10 15 13 14 11 13 33 29 28 36 34 36 30 31 32 35 26 22 26 27 22 21 23 5 4 2 9 5 7 6 d 3 16 12 10 
Beneficio: 470
d 3 17 16 10 15 13 14 11 13 33 29 28 36 34 36 30 31 7 5 4 9 5 23 21 27 22 26 19 
Beneficio: 702
d 3 17 16 10 15 13 14 11 13 33 29 28 36 34 36 30 35 32 31 7 5 9 2 4 5 23 25 24 20 23 21 27 22 26 27 22 21 
Beneficio: 660
d 3 17 16 10 15 13 14 11 13 33 29 28 36 34 36 30 35 26 22 21 23 20 24 25 23 5 4 9 2 4 9 5 7 8 6 d 
Beneficio: 600
d 3 17 16 10 15 13 14 11 13 33 29 28 36 34 36 30 31 32 35 26 22 21 23 20 24 25 23 5 9 4 5 7 8 6 d 3 16 12 
Beneficio: 325
d 3 17 16 10 15 13 14 11 13 33 29 28 36 34 36 30 32 35 26 22 21 8 6 7 5 9 4 
Beneficio: 504
d 3 17 16 10 15 13 14 11 13 33 29 28 36 34 19 25 23 21 22 26 27 22 27 8 6 2 4 5 9 
Beneficio: 573
d 3 17 16 10 15 13 14 11 13 33 29 28 36 34 19 25 23 21 8 7 5 9 2 6 8 21 22 26 22 27 26 35 32 
Beneficio: 610
d 3 17 16 10 15 13 14 11 13 33 29 28 36 34 19 25 23 21 27 26 22 27 22 35 32 30 31 32 31 7 5 9 2 4 
Beneficio: 415
d 3 17 16 10 15 13 14 11 13 33 29 28 36 34 19 25 23 5 4 9 2 6 7 8 21 22 27 22 26 
Beneficio: 627
d 3 17 16 10 15 13 14 11 13 33 29 28 36 34 19 25 23 5 4 2 9 5 7 6 8 21 22 27 26 27 21 23 
Beneficio: 552
d 3 17 16 10 15 13 14 11 13 33 29 28 36 34 19 25 23 5 9 4 5 7 6 8 27 22 26 27 21 8 7 
Beneficio: 484
d 3 17 16 10 15 13 14 11 13 33 29 28 36 34 19 25 23 5 9 2 4 5 7 8 21 27 26 22 26 35 32 31 32 
Beneficio: 605
d 3 17 16 10 15 13 14 11 13 33 29 28 36 34 19 25 24 20 23 21 22 27 22 26 35 32 31 7 8 6 7 5 9 4 5 23 25 
Beneficio: 522
d 3 17 16 10 15 13 14 11 13 33 29 28 36 34 19 25 24 20 23 5 7 6 8 21 22 27 26 35 32 31 30 32 29 36 
Beneficio: 565
d 3 17 16 10 15 13 14 11 13 33 29 28 36 34 19 25 24 20 23 5 9 2 4 5 7 8 21 27 26 22 26 35 
Beneficio: 351
d 3 17 16 10 15 13 14 11 13 33 29 28 36 34 19 25 24 20 23 5 9 4 9 2 6 7 8 21 22 26 
Beneficio: 717
d 3 17 16 10 15 13 14 11 13 33 29 28 36 34 19 25 24 20 23 21 22 27 26 22 26 35 32 31 7 5 9 4 9 2 4 5 23 
Beneficio: 566
d 3 17 16 10 15 13 14 11 13 33 29 28 36 34 19 25 20 23 21 8 7 5 9 2 4 5 23 25 24 20 
Beneficio: 713
d 3 17 16 10 15 13 14 11 13 33 29 28 36 34 19 26 27 22 26 19 25 23 21 8 6 7 5 9 2 4 5 23 20 24 25 
Beneficio: 482
d 3 17 16 10 15 13 14 11 13 33 29 28 36 34 19 26 22 27 26 22 21 8 6 8 7 5 4 9 5 23 20 
Beneficio: 560
d 3 17 16 10 15 13 14 11 13 33 29 28 36 34 19 26 22 21 23 25 24 20 23 5 7 6 8 7 31 30 32 35 26 27 
Beneficio: 584
d 3 17 16 10 15 13 14 11 13 33 29 28 36 34 19 26 22 21 23 20 24 25 23 5 9 2 4 5 7 31 32 35 26 27 
Beneficio: 464
d 3 17 16 10 15 13 14 11 13 33 29 28 36 34 19 24 25 23 5 9 2 4 9 5 7 8 
Beneficio: 488
d 3 17 16 10 15 13 14 11 13 33 29 28 36 34 31 32 30 31 7 8 21 23 25 24 20 23 5 4 2 6 8 21 
Beneficio: 625
d 3 17 16 10 15 13 14 11 13 33 29 28 36 34 31 32 30 35 26 27 22 26 19 25 23 21 8 6 7 5 4 2 
Beneficio: 712
d 3 17 16 10 15 13 14 11 13 33 29 28 36 34 31 32 35 26 27 21 23 20 24 25 23 5 9 2 4 5 7 8 6 8 21 22 27 
Beneficio: 591
d 3 17 16 10 15 13 14 11 13 33 29 28 36 34 31 32 35 26 22 21 23 20 24 25 23 5 9 4 5 7 6 d 3 
Beneficio: 584
d 3 17 16 10 15 13 14 11 13 33 29 28 36 34 31 32 35 22 27 21 23 25 24 20 23 5 9 2 4 5 
Beneficio: 446
d 3 17 16 10 15 13 14 11 13 33 29 28 36 34 31 32 35 26 27 22 26 22 21 23 5 4 9 2 6 8 
Beneficio: 583
d 3 17 16 10 15 13 14 11 13 33 29 28 36 34 31 30 32 31 7 5 9 2 4 9 5 23 20 24 25 19 26 22 26 27 
Beneficio: 284
d 3 17 16 10 15 13 14 11 13 33 29 28 36 34 31 30 32 35 26 22 27 8 6 7 8 
Beneficio: 462
d 3 17 16 10 15 13 14 11 13 33 29 28 36 34 31 30 35 22 27 26 35 32 31 7 5 23 21 8 6 d 
Beneficio: 358
d 3 17 16 10 15 13 14 11 13 33 29 28 36 34 31 7 5 23 21 27 22 21 23 20 
Beneficio: 508
d 3 17 16 10 15 13 14 11 13 33 29 28 36 34 31 7 6 8 21 23 5 9 2 4 5 7 6 d 
Beneficio: 508
d 3 17 16 10 15 13 14 11 13 33 29 28 36 34 31 32 35 26 22 21 23 5 9 2 4 5 7 8 21 27 26 
Beneficio: 399
d 3 17 16 10 15 13 14 11 13 33 29 28 36 34 31 30 32 35 26 22 26 27 22 21 23 5 9 4 17 3 
Beneficio: 555
d 3 17 16 10 15 13 14 11 13 33 29 28 36 34 31 32 35 26 27 22 26 19 25 23 21 23 5 4 9 2 
Beneficio: 596
d 3 17 16 10 15 13 14 11 13 33 29 28 36 34 31 32 35 22 27 26 22 21 23 5 9 4 2 9 20 24 25 23 
Beneficio: 487
d 3 17 16 10 15 13 14 11 13 33 29 28 36 34 31 7 5 4 2 9 5 23 21 8 6 d 3 16 
Beneficio: 508
d 3 17 16 10 15 13 14 11 13 33 29 28 36 34 31 30 32 35 26 27 22 21 23 20 24 25 23 5 7 
Beneficio: 590
d 3 17 16 10 15 13 14 11 13 33 29 28 36 29 32 31 30 32 35 26 27 22 21 23 5 7 8 6 2 9 4 5 9 
Beneficio: 669
d 3 17 16 10 15 13 14 11 13 33 29 28 36 29 32 31 30 32 35 26 27 21 23 20 24 25 19 26 22 21 8 6 7 5 4 2 9 4 
Beneficio: 717
d 3 17 16 10 15 13 14 11 13 33 29 28 36 29 32 31 30 32 35 26 22 27 26 19 25 24 20 9 4 2 9 5 7 8 21 23 25 
Beneficio: 646
d 3 17 16 10 15 13 14 11 13 33 29 28 36 29 32 31 30 32 35 26 22 26 27 22 21 23 20 24 25 23 5 4 9 2 9 5 7 6 
Beneficio: 563
d 3 17 16 10 15 13 14 11 13 33 29 28 36 29 32 31 30 32 35 26 22 21 23 20 24 25 23 5 4 9 2 9 5 7 8 21 
Beneficio: 574
d 3 17 16 10 15 13 14 11 13 33 29 28 36 29 32 31 30 32 35 26 22 27 21 23 20 24 25 23 5 4 9 2 6 7 8 6 d 
Beneficio: 282
d 3 17 16 10 15 13 14 11 13 33 29 28 36 29 32 31 30 32 35 26 19 25 23 21 22 27 21 8 
Beneficio: 539
d 3 17 16 10 15 13 14 11 13 33 29 28 36 29 32 31 30 32 35 22 27 21 23 5 4 9 5 7 6 8 21 27 26 22 26 
Beneficio: 666
d 3 17 16 10 15 13 14 11 13 33 29 28 36 29 32 31 30 32 35 22 26 27 8 7 5 4 2 6 8 21 23 25 24 20 23 5 9 4 
Beneficio: 535
d 3 17 16 10 15 13 14 11 13 33 29 28 36 29 32 31 30 32 35 22 26 27 21 8 7 5 4 2 9 5 23 25 24 20 
Beneficio: 512
d 3 17 16 10 15 13 14 11 13 33 29 28 36 29 32 31 30 32 35 22 26 27 22 27 21 23 20 24 25 23 5 4 
Beneficio: 433
d 3 17 16 10 15 13 14 11 13 33 29 28 36 29 32 31 30 32 35 26 22 27 8 6 7 5 4 2 9 
Beneficio: 587
d 3 17 16 10 15 13 14 11 13 33 29 28 36 29 32 31 30 32 35 26 19 25 23 21 22 26 27 21 8 6 7 5 4 2 9 5 
Beneficio: 549
d 3 17 16 10 15 13 14 11 13 33 29 28 36 29 32 31 30 35 26 27 26 22 21 23 5 9 4 9 2 6 8 7 5 4 2 
Beneficio: 388
d 3 17 16 10 15 13 14 11 13 33 29 28 36 29 32 31 30 35 26 22 27 21 23 5 7 8 6 8 
Beneficio: 505
d 3 17 16 10 15 13 14 11 13 33 29 28 36 29 32 31 30 35 22 26 27 22 21 23 5 9 2 4 5 7 8 6 d 
Beneficio: 564
d 3 17 16 10 15 13 14 11 13 33 29 28 36 29 32 31 7 5 4 9 2 4 9 5 23 21 22 27 21 8 7 6 8 
Beneficio: 576
d 3 17 16 10 15 13 14 11 13 33 29 28 36 29 32 31 7 5 4 9 4 2 9 5 23 21 27 22 26 19 
Beneficio: 584
d 3 17 16 10 15 13 14 11 13 33 29 28 36 29 32 31 7 5 4 2 9 20 24 25 23 21 27 26 22 
Beneficio: 495
d 3 17 16 10 15 13 14 11 13 33 29 28 36 29 32 31 7 5 9 4 5 23 21 22 26 27 26 22 27 21 8 7 6 d 
Beneficio: 627
d 3 17 16 10 15 13 14 11 13 33 29 28 36 29 32 31 7 5 9 2 4 5 23 21 27 26 22 27 22 26 19 25 23 20 
Beneficio: 473
d 3 17 16 10 15 13 14 11 13 33 29 28 36 29 32 31 7 5 9 2 4 5 23 20 24 19 26 22 27 21 
Beneficio: 439
d 3 17 16 10 15 13 14 11 13 33 29 28 36 29 32 31 7 5 23 20 25 23 21 8 7 6 8 27 22 26 
Beneficio: 496
d 3 17 16 10 15 13 14 11 13 33 29 28 36 29 32 31 7 8 6 7 5 9 4 5 23 25 19 26 27 21 22 26 22 
Beneficio: 553
d 3 17 16 10 15 13 14 11 13 33 29 28 36 29 32 31 7 8 6 7 5 4 2 9 5 23 20 24 25 19 26 22 21 23 21 8 
Beneficio: 417
d 3 17 16 10 15 13 14 11 13 33 29 28 36 29 32 31 7 8 6 8 27 22 26 22 21 23 5 9 2 4 9 
Beneficio: 487
d 3 17 16 10 15 13 14 11 13 33 29 28 36 29 32 31 7 8 21 23 5 9 4 5 7 6 8 21 23 25 
Beneficio: 551
d 3 17 16 10 15 13 14 11 13 33 29 28 36 29 32 31 7 8 21 23 20 24 19 25 23 5 4 9 5 7 8 
Beneficio: 684
d 3 17 16 10 15 13 14 11 13 33 29 28 36 29 32 31 7 6 8 7 5 4 9 20 23 25 19 26 27 22 26 22 21 23 5 9 2 4 
Beneficio: 616
d 3 17 16 10 15 13 14 11 13 33 29 28 36 29 32 31 7 6 8 7 5 9 2 4 9 20 24 25 23 21 22 26 19 25 
Beneficio: 528
d 3 17 16 10 15 13 14 11 13 33 29 28 36 29 32 31 7 6 8 21 22 27 26 19 25 23 5 4 2 9 5 7 
Beneficio: 706
d 3 17 16 10 15 13 14 11 13 33 29 28 36 29 32 31 7 6 8 7 5 4 2 9 4 9 5 23 25 24 20 23 21 27 26 22 
Beneficio: 463
d 3 17 16 10 15 13 14 11 13 33 29 28 36 29 32 31 7 6 8 7 6 2 4 5 23 25 23 21 22 26 27 22 
Beneficio: 491
d 3 17 16 10 15 13 14 11 13 33 29 28 36 29 32 31 7 6 2 9 4 5 23 25 24 20 23 21 22 26 35 32 30 
Beneficio: 458
d 3 17 16 10 15 13 14 11 13 33 29 28 36 29 32 31 7 8 6 2 9 4 5 23 21 22 27 26 35 32 
Beneficio: 507
d 3 17 16 10 15 13 14 11 13 33 29 28 36 29 32 31 32 30 35 26 22 26 27 22 21 8 7 5 4 9 2 9 5 23 
Beneficio: 433
d 3 17 16 10 15 13 14 11 13 33 29 28 36 29 32 31 32 30 35 22 26 27 8 21 23 5 4 2 9 4 
Beneficio: 499
d 3 17 16 10 15 13 14 11 13 33 29 28 36 29 32 31 32 35 26 27 22 26 19 25 24 20 23 5 9 4 5 9 2 6 7 8 6 d 
Beneficio: 377
d 3 17 16 10 15 13 14 11 13 33 29 28 36 29 32 31 32 35 26 27 22 21 23 25 24 20 23 5 9 2 
Beneficio: 560
d 3 17 16 10 15 13 14 11 13 33 29 28 36 29 32 31 32 35 26 22 27 21 23 5 9 4 9 2 6 8 7 5 4 2 9 
Beneficio: 242
d 3 17 16 10 15 13 14 11 13 33 29 28 36 29 32 31 32 35 26 22 26 27 8 6 d 3 18 
Beneficio: 608
d 3 17 16 10 15 13 14 11 13 33 29 28 36 29 32 31 32 35 26 22 27 26 19 25 24 20 23 5 9 4 2 9 2 6 7 5 4 
Beneficio: 636
d 3 17 16 10 15 13 14 11 13 33 29 28 36 29 32 31 32 35 26 27 22 26 22 21 23 25 24 20 23 5 4 9 5 7 8 6 7 
Beneficio: 506
d 3 17 16 10 15 13 14 11 13 33 29 28 36 29 32 31 32 35 22 26 27 22 21 23 25 24 20 25 19 
Beneficio: 383
d 3 17 16 10 15 13 14 11 13 33 29 28 36 29 32 31 32 35 22 26 27 21 8 6 7 5 4 9 5 23 20 
Beneficio: 537
d 3 17 16 10 15 13 14 11 13 33 29 28 36 29 32 31 32 35 22 26 19 25 23 21 22 26 27 8 6 7 5 9 4 2 
Beneficio: 422
d 3 17 16 10 15 13 14 11 13 33 29 28 36 29 32 31 32 35 26 22 27 21 23 20 24 25 23 5 
Beneficio: 639
d 3 17 16 10 15 13 14 11 13 33 29 28 36 29 32 31 30 32 35 26 27 22 26 19 25 20 24 25 23 5 4 2 9 5 7 
Beneficio: 456
d 3 17 16 10 15 13 14 11 13 33 29 28 36 29 32 31 30 32 35 26 22 27 26 22 21 23 21 8 6 7 5 23 
Beneficio: 406
d 3 17 16 10 15 13 14 11 13 33 29 28 36 29 32 31 30 32 35 26 22 26 19 25 23 21 23 5 7 8 21 
Beneficio: 544
d 3 17 16 10 15 13 14 11 13 33 29 28 36 29 32 31 30 32 35 26 22 21 23 5 4 2 9 5 7 8 27 26 27 22 
Beneficio: 649
d 3 17 16 10 15 13 14 11 13 33 29 28 36 29 32 31 30 32 35 22 27 8 21 23 25 24 20 23 5 9 2 4 5 7 8 6 
Beneficio: 429
d 3 17 16 10 15 13 14 11 13 33 29 28 36 29 32 31 30 32 35 22 21 8 7 5 23 25 24 20 25 19 
Beneficio: 477
d 3 17 16 10 15 13 14 11 13 33 29 28 36 29 32 31 30 32 35 26 27 22 21 23 25 20 24 25 
Beneficio: 514
d 3 17 16 10 15 13 14 11 13 33 29 28 36 29 32 31 30 35 26 22 26 27 22 21 23 5 4 9 5 7 8 6 7 
Beneficio: 442
d 3 17 16 10 15 13 14 11 13 33 29 28 36 29 32 31 30 35 26 27 21 23 5 4 9 5 7 31 32 
Beneficio: 617
d 3 17 16 10 15 13 14 11 13 33 29 28 36 29 32 30 31 32 35 26 27 22 21 23 25 24 20 23 5 9 2 6 8 7 5 9 
Beneficio: 455
d 3 17 16 10 15 13 14 11 13 33 29 28 36 29 32 30 31 32 35 26 27 21 23 25 20 23 5 4 2 9 4 
Beneficio: 497
d 3 17 16 10 15 13 14 11 13 33 29 28 36 29 32 30 31 32 35 26 22 27 26 19 25 24 20 23 5 7 6 d 3 16 12 10 
Beneficio: 563
d 3 17 16 10 15 13 14 11 13 33 29 28 36 29 32 30 31 32 35 26 22 26 27 22 21 23 5 4 9 2 6 8 7 5 
Beneficio: 498
d 3 17 16 10 15 13 14 11 13 33 29 28 36 29 32 30 31 32 35 26 22 21 23 5 9 4 5 7 8 21 27 26 19 
Beneficio: 468
d 3 17 16 10 15 13 14 11 13 33 29 28 36 29 32 30 31 32 35 26 22 27 21 23 25 24 20 23 5 9 2 6 7 
Beneficio: 466
d 3 17 16 10 15 13 14 11 13 33 29 28 36 29 32 30 31 32 35 26 19 25 23 5 4 9 5 7 8 21 22 27 26 22 35 
Beneficio: 492
d 3 17 16 10 15 13 14 11 13 33 29 28 36 29 32 30 31 32 35 22 27 26 27 21 23 20 9 2 4 5 23 25 
Beneficio: 450
d 3 17 16 10 15 13 14 11 13 33 29 28 36 29 32 30 31 32 35 22 26 27 21 8 6 7 5 4 9 5 23 25 
Beneficio: 539
d 3 17 16 10 15 13 14 11 13 33 29 28 36 29 32 30 31 32 35 22 26 19 25 23 5 9 4 5 7 8 6 8 21 22 27 26 35 
Beneficio: 455
d 3 17 16 10 15 13 14 11 13 33 29 28 36 29 32 30 31 32 35 22 26 27 22 21 23 5 9 4 5 
Beneficio: 556
d 3 17 16 10 15 13 14 11 13 33 29 28 36 29 32 30 31 32 35 26 22 27 21 23 5 9 2 4 5 7 6 8 7 6 d 
Beneficio: 628
d 3 17 16 10 15 13 14 11 13 33 29 28 36 29 32 30 31 32 31 7 8 6 7 5 9 2 4 5 23 20 24 25 23 21 
Beneficio: 518
d 3 17 16 10 15 13 14 11 13 33 29 28 36 29 32 30 31 32 35 26 22 26 27 22 21 23 5 7 8 6 2 9 4 5 
Beneficio: 427
d 3 17 16 10 15 13 14 11 13 33 29 28 36 29 32 30 31 7 5 4 9 5 23 21 22 26 27 22 26 35 32 31 
Beneficio: 447
d 3 17 16 10 15 13 14 11 13 33 29 28 36 29 32 30 31 7 5 9 2 4 5 23 21 22 26 35 30 32 
Beneficio: 533
d 3 17 16 10 15 13 14 11 13 33 29 28 36 29 32 30 31 7 8 6 7 5 9 4 5 23 25 20 23 21 27 26 22 26 
Beneficio: 541
d 3 17 16 10 15 13 14 11 13 33 29 28 36 29 32 30 31 7 8 21 22 27 26 19 25 24 20 23 5 4 9 5 7 6 8 21 
Beneficio: 507
d 3 17 16 10 15 13 14 11 13 33 29 28 36 29 32 30 31 7 6 8 21 22 26 22 27 21 23 25 24 20 23 5 9 2 4 
Beneficio: 542
d 3 17 16 10 15 13 14 11 13 33 29 28 36 29 32 30 31 7 6 8 21 27 22 26 19 25 24 20 23 5 9 2 4 5 7 8 
Beneficio: 708
d 3 17 16 10 15 13 14 11 13 33 29 28 36 29 32 30 35 32 31 7 5 9 4 2 9 4 5 23 25 24 20 25 19 26 27 22 26 
Beneficio: 606
d 3 17 16 10 15 13 14 11 13 33 29 28 36 29 32 30 35 32 31 7 8 6 7 5 4 2 9 5 23 25 19 26 22 21 27 22 26 27 
Beneficio: 542
d 3 17 16 10 15 13 14 11 13 33 29 28 36 29 32 30 35 32 31 7 6 8 21 23 5 4 9 5 7 8 27 26 22 27 26 
Beneficio: 541
d 3 17 16 10 15 13 14 11 13 33 29 28 36 29 32 30 35 32 31 7 5 4 9 5 23 20 24 25 23 21 8 7 6 d 
Beneficio: 519
d 3 17 16 10 15 13 14 11 13 33 29 28 36 29 32 30 35 26 27 22 26 22 21 23 5 4 2 6 8 7 5 9 4 
Beneficio: 433
d 3 17 16 10 15 13 14 11 13 33 29 28 36 29 32 30 35 26 27 22 27 8 7 5 4 9 5 23 20 25 19 
Beneficio: 607
d 3 17 16 10 15 13 14 11 13 33 29 28 36 29 32 30 35 26 22 27 26 22 21 23 25 23 5 9 2 4 5 7 6 8 7 6 d 
Beneficio: 566
d 3 17 16 10 15 13 14 11 13 33 29 28 36 29 32 30 35 26 22 27 8 6 8 7 5 4 9 4 2 9 5 23 21 
Beneficio: 411
d 3 17 16 10 15 13 14 11 13 33 29 28 36 29 32 30 35 26 22 21 23 25 20 23 5 7 6 2 4 
Beneficio: 479
d 3 17 16 10 15 13 14 11 13 33 29 28 36 29 32 30 35 26 22 27 21 8 6 7 5 9 2 4 9 
Beneficio: 347
d 3 17 16 10 15 13 14 11 13 33 29 28 36 29 32 30 35 26 27 22 26 19 25 20 23 5 9 4 2 9 
Beneficio: 499
d 3 17 16 10 15 13 14 11 13 33 29 28 36 29 32 30 35 22 27 21 23 20 24 19 25 23 5 7 8 
Beneficio: 398
d 3 17 16 10 15 13 14 11 13 33 29 28 36 29 32 30 35 22 26 22 21 8 7 5 9 2 4 5 23 21 
Beneficio: 466
d 3 17 16 10 15 13 14 11 13 33 29 28 36 29 32 30 35 22 27 8 7 5 9 4 2 9 4 5 23 25 24 
Beneficio: 684
d 3 17 16 10 15 13 14 11 13 33 29 28 36 29 32 30 35 26 27 22 26 22 21 23 25 24 20 23 5 9 2 4 5 7 8 
Beneficio: 756
d 3 17 16 10 15 13 14 11 13 33 29 28 36 29 32 30 31 32 35 26 27 22 21 23 25 24 20 23 5 9 2 4 9 4 5 7 8 6 
Beneficio: 527
d 3 17 16 10 15 13 14 11 13 33 29 28 36 29 32 30 31 32 35 26 22 27 26 22 27 8 7 5 4 9 5 23 25 
Beneficio: 630
d 3 17 16 10 15 13 14 11 13 33 29 28 36 29 32 30 31 32 35 26 22 26 27 22 21 23 20 24 25 23 5 9 4 5 7 6 8 7 6 d 
Beneficio: 452
d 3 17 16 10 15 13 14 11 13 33 29 28 36 29 32 30 31 32 35 26 22 21 8 6 7 5 9 2 4 9 4 
Beneficio: 513
d 3 17 16 10 15 13 14 11 13 33 29 28 36 29 32 30 31 32 35 22 26 27 22 21 23 25 20 23 5 7 6 8 21 
Beneficio: 586
d 3 17 16 10 15 13 14 11 13 33 29 28 36 29 32 30 31 32 35 22 21 23 25 24 20 23 5 4 2 9 5 7 8 6 d 
Beneficio: 499
d 3 17 16 10 15 13 14 11 13 33 29 28 36 29 32 30 31 32 31 7 5 9 4 5 23 21 22 26 27 22 27 21 8 
Beneficio: 593
d 3 17 16 10 15 13 14 11 13 33 29 28 36 29 32 30 31 7 5 4 9 2 4 9 5 23 25 19 26 27 22 21 8 6 
Beneficio: 446
d 3 17 16 10 15 13 14 11 13 33 29 28 36 29 32 30 31 7 5 23 25 19 26 22 27 26 22 21 8 6 
Beneficio: 562
d 3 17 16 10 15 13 14 11 13 33 29 28 36 29 32 30 31 7 8 27 21 23 25 24 20 23 5 9 2 4 5 7 6 d 
Beneficio: 153
d 3 17 16 10 15 13 14 11 13 33 29 28 36 29 32 30 31 34 19 25 24 
Beneficio: 522
d 3 17 16 10 15 13 14 11 13 33 29 28 36 29 32 30 35 26 22 27 21 23 5 9 2 6 8 7 5 4 9 
Beneficio: 713
d 3 17 16 10 15 13 14 11 13 33 29 28 36 29 32 35 26 27 22 26 22 21 23 25 24 20 23 5 9 4 9 2 4 5 7 8 6 7 31 32 
Beneficio: 509
d 3 17 16 10 15 13 14 11 13 33 29 28 36 29 32 35 26 27 22 26 19 25 23 21 23 5 4 9 2 6 8 7 31 
Beneficio: 590
d 3 17 16 10 15 13 14 11 13 33 29 28 36 29 32 35 26 27 22 26 19 25 24 20 23 5 7 6 8 6 2 9 5 4 9 
Beneficio: 613
d 3 17 16 10 15 13 14 11 13 33 29 28 36 29 32 35 26 27 22 21 23 20 24 25 23 5 9 2 4 5 7 8 6 d 3 16 12 10 14 
Beneficio: 477
d 3 17 16 10 15 13 14 11 13 33 29 28 36 29 32 35 26 27 22 27 21 23 5 9 2 9 4 2 6 8 7 31 32 30 
Beneficio: 350
d 3 17 16 10 15 13 14 11 13 33 29 28 36 29 32 35 26 27 21 22 26 19 25 23 5 9 4 2 6 7 8 21 
Beneficio: 561
d 3 17 16 10 15 13 14 11 13 33 29 28 36 29 32 35 26 27 21 23 25 24 20 23 5 7 8 6 2 4 5 
Beneficio: 496
d 3 17 16 10 15 13 14 11 13 33 29 28 36 29 32 35 26 27 26 22 21 23 20 9 2 4 9 5 7 6 8 7 6 d 
Beneficio: 296
d 3 17 16 10 15 13 14 11 13 33 29 28 36 29 32 35 26 27 8 6 2 4 9 5 23 
Beneficio: 579
d 3 17 16 10 15 13 14 11 13 33 29 28 36 29 32 35 26 22 27 26 22 27 8 7 5 4 9 2 4 9 5 23 21 8 6 d 
Beneficio: 455
d 3 17 16 10 15 13 14 11 13 33 29 28 36 29 32 35 26 22 27 26 19 25 24 20 23 21 8 7 31 32 30 36 34 
Beneficio: 416
d 3 17 16 10 15 13 14 11 13 33 29 28 36 29 32 35 26 22 27 22 21 23 5 4 9 5 7 8 6 d 3 
Beneficio: 549
d 3 17 16 10 15 13 14 11 13 33 29 28 36 29 32 35 26 22 27 8 6 2 9 4 5 23 25 24 20 23 21 8 7 6 d 
Beneficio: 644
d 3 17 16 10 15 13 14 11 13 33 29 28 36 29 32 35 26 22 26 27 22 21 8 6 7 31 32 30 36 34 19 25 24 20 23 5 9 2 4 5 7 
Beneficio: 440
d 3 17 16 10 15 13 14 11 13 33 29 28 36 29 32 35 26 22 26 27 22 21 23 20 24 25 23 5 9 2 6 7 
Beneficio: 401
d 3 17 16 10 15 13 14 11 13 33 29 28 36 29 32 35 26 22 26 19 25 24 20 23 5 7 6 8 7 31 32 30 36 
Beneficio: 573
d 3 17 16 10 15 13 14 11 13 33 29 28 36 29 32 35 26 22 21 23 5 9 4 5 7 6 2 9 20 23 25 24 20 
Beneficio: 435
d 3 17 16 10 15 13 14 11 13 33 29 28 36 29 32 35 26 22 21 27 26 22 27 8 7 5 23 20 24 25 19 
Beneficio: 423
d 3 17 16 10 15 13 14 11 13 33 29 28 36 29 32 35 26 22 21 23 25 24 20 9 2 4 9 
Beneficio: 467
d 3 17 16 10 15 13 14 11 13 33 29 28 36 29 32 35 26 22 27 26 19 25 20 24 25 23 21 8 7 6 2 9 5 23 
Beneficio: 518
d 3 17 16 10 15 13 14 11 13 33 29 28 36 29 32 35 26 22 27 21 23 5 4 9 4 2 9 5 7 6 d 3 16 12 14 
Beneficio: 393
d 3 17 16 10 15 13 14 11 13 33 29 28 36 29 32 35 26 22 21 23 5 4 2 9 5 7 6 8 7 6 d 3 
Beneficio: 527
d 3 17 16 10 15 13 14 11 13 33 29 28 36 29 32 35 26 22 27 21 23 20 24 25 23 5 7 6 2 4 9 5 
Beneficio: 557
d 3 17 16 10 15 13 14 11 13 33 29 28 36 29 32 35 26 19 25 24 20 23 5 9 2 4 9 4 5 7 6 8 21 27 22 21 
Beneficio: 392
d 3 17 16 10 15 13 14 11 13 33 29 28 36 29 32 35 26 27 21 23 5 4 2 9 5 7 6 
Beneficio: 665
d 3 17 16 10 15 13 14 11 13 33 29 28 36 29 32 35 30 32 31 7 5 9 2 4 9 20 24 25 23 21 22 27 8 6 d 
Beneficio: 523
d 3 17 16 10 15 13 14 11 13 33 29 28 36 29 32 35 30 32 31 7 8 6 2 9 5 23 20 24 25 23 21 27 22 35 26 27 
Beneficio: 534
d 3 17 16 10 15 13 14 11 13 33 29 28 36 29 32 35 30 32 31 7 6 2 4 9 2 9 5 23 25 24 20 23 21 22 27 21 
Beneficio: 636
d 3 17 16 10 15 13 14 11 13 33 29 28 36 29 32 35 30 32 31 7 5 23 25 24 20 23 21 22 27 21 8 6 2 9 4 2 
Beneficio: 424
d 3 17 16 10 15 13 14 11 13 33 29 28 36 29 32 35 30 31 7 5 23 20 24 25 23 21 8 
Beneficio: 640
d 3 17 16 10 15 13 14 11 13 33 29 28 36 29 32 35 30 31 7 8 6 7 5 9 4 5 23 20 24 25 23 21 22 35 26 27 22 26 
Beneficio: 557
d 3 17 16 10 15 13 14 11 13 33 29 28 36 29 32 35 22 27 26 22 21 23 20 9 5 4 2 6 7 5 23 25 19 
Beneficio: 427
d 3 17 16 10 15 13 14 11 13 33 29 28 36 29 32 35 22 27 26 35 30 32 31 7 8 21 23 5 9 4 2 9 
Beneficio: 555
d 3 17 16 10 15 13 14 11 13 33 29 28 36 29 32 35 22 27 22 26 27 21 23 20 9 2 4 5 7 31 32 30 
Beneficio: 622
d 3 17 16 10 15 13 14 11 13 33 29 28 36 29 32 35 22 27 8 7 5 4 2 9 5 23 25 24 20 23 21 22 26 19 25 
Beneficio: 398
d 3 17 16 10 15 13 14 11 13 33 29 28 36 29 32 35 22 26 27 22 21 8 6 2 4 5 23 25 19 26 35 30 
Beneficio: 479
d 3 17 16 10 15 13 14 11 13 33 29 28 36 29 32 35 22 26 27 26 22 21 8 7 5 9 4 2 9 5 23 21 
Beneficio: 596
d 3 17 16 10 15 13 14 11 13 33 29 28 36 29 32 35 22 26 22 21 23 25 24 20 23 5 4 9 5 7 8 6 2 9 
Beneficio: 483
d 3 17 16 10 15 13 14 11 13 33 29 28 36 29 32 35 22 26 27 22 21 8 6 8 7 5 9 4 5 23 25 24 20 
Beneficio: 546
d 3 17 16 10 15 13 14 11 13 33 29 28 36 29 32 35 22 26 27 22 21 23 5 9 2 4 9 4 5 7 6 8 7 
Beneficio: 451
d 3 17 16 10 15 13 14 11 13 33 29 28 36 29 32 35 22 21 23 5 7 6 8 21 27 22 26 19 25 24 20 
Beneficio: 523
d 3 17 16 10 15 13 14 11 13 33 29 28 36 29 32 35 22 21 27 22 26 27 8 6 7 5 9 4 5 23 20 24 25 
Beneficio: 663
d 3 17 16 10 15 13 14 11 13 33 29 28 36 29 32 35 22 27 26 22 21 23 25 24 20 9 2 4 9 5 7 6 8 27 
Beneficio: 463
d 3 17 16 10 15 13 14 11 13 33 29 28 36 29 32 35 22 26 27 22 26 19 25 23 5 7 8 6 2 4 5 9 
Beneficio: 366
d 3 17 16 10 15 13 14 11 13 33 29 28 36 29 32 35 22 26 22 27 21 8 7 5 23 20 25 24 20 
Beneficio: 264
d 3 17 16 10 15 13 14 11 13 33 29 28 36 29 32 35 22 26 19 25 24 20 23 5 
Beneficio: 677
d 3 17 16 10 15 13 14 11 13 33 29 28 36 29 32 35 30 31 7 6 8 7 5 4 2 9 5 23 25 24 20 23 21 27 22 26 27 
Beneficio: 448
d 3 17 16 10 15 13 14 11 13 33 29 28 36 29 32 35 26 22 27 26 22 35 30 32 31 7 8 21 23 5 4 2 9 
Beneficio: 621
d 3 17 16 10 15 13 14 11 13 33 29 28 36 29 32 35 26 22 27 26 22 21 23 25 24 20 23 5 9 4 5 7 8 6 7 31 30 
Beneficio: 393
d 3 17 16 10 15 13 14 11 13 33 29 28 36 29 32 31 30 35 26 27 21 23 5 4 9 5 7 6 8 7 
Beneficio: 423
d 3 17 16 10 15 13 14 11 13 33 29 28 36 29 32 31 7 5 4 9 5 23 21 27 26 27 22 26 19 
Beneficio: 478
d 3 17 16 10 15 13 14 11 13 33 29 28 36 29 32 31 7 5 23 20 24 25 23 21 8 27 22 26 19 
Beneficio: 585
d 3 17 16 10 15 13 14 11 13 33 29 28 36 29 32 31 7 8 21 23 25 24 20 23 5 9 4 2 9 4 5 7 6 d 
Beneficio: 449
d 3 17 16 10 15 13 14 11 13 33 29 28 36 29 32 31 7 6 8 21 23 25 24 20 23 5 4 9 2 4 
Beneficio: 576
d 3 17 16 10 15 13 14 11 13 33 29 28 36 29 32 31 30 35 26 27 22 21 23 5 4 2 9 4 9 5 7 6 8 7 
Beneficio: 485
d 3 17 16 10 15 13 14 11 13 33 29 28 36 29 32 35 26 27 21 23 5 4 2 6 7 5 9 20 24 
Beneficio: 574
d 3 17 16 10 15 13 14 11 13 33 29 28 36 29 32 35 26 22 21 23 25 24 20 23 5 9 4 5 7 8 6 d 3 16 
Beneficio: 515
d 3 17 16 10 15 13 14 11 13 33 29 28 36 29 32 35 30 31 7 8 21 23 20 24 25 23 5 9 4 5 7 
Beneficio: 266
d 3 17 16 10 15 13 14 11 13 33 29 28 36 29 32 35 22 21 27 26 19 25 24 20 
Beneficio: 429
d 3 17 16 10 15 13 14 11 13 33 29 28 36 29 32 30 35 26 27 22 26 22 21 23 25 24 20 23 5 4 
Beneficio: 454
d 3 17 16 10 15 13 14 11 13 33 29 28 36 29 32 31 30 32 35 26 27 22 26 19 25 23 5 7 8 6 2 4 
Beneficio: 361
d 3 17 16 10 15 13 14 11 13 33 29 28 36 29 32 31 30 32 35 26 19 25 23 5 7 6 8 6 d 3 
Beneficio: 329
d 3 17 16 10 15 13 14 11 13 33 29 28 36 29 32 31 30 32 35 26 22 27 8 7 5 9 
Beneficio: 670
d 3 17 16 10 15 13 14 11 13 33 29 28 36 29 32 31 7 5 4 2 9 5 23 20 24 25 23 21 27 22 21 27 26 35 32 
Beneficio: 416
d 3 17 16 10 15 13 14 11 13 33 29 28 36 29 32 31 7 8 6 7 5 4 9 2 6 8 21 22 26 35 32 
Beneficio: 582
d 3 17 16 10 15 13 14 11 13 33 29 28 36 29 32 31 7 8 27 26 22 27 21 23 5 4 9 4 2 9 5 7 
Beneficio: 404
d 3 17 16 10 15 13 14 11 13 33 29 28 36 29 32 31 7 6 8 27 22 21 23 5 4 9 2 4 
Beneficio: 496
d 3 17 16 10 15 13 14 11 13 33 29 28 36 29 32 31 32 35 26 22 27 26 22 27 21 23 5 4 9 5 7 8 6 
Beneficio: 339
d 3 17 16 10 15 13 14 11 13 33 29 28 36 29 32 31 32 35 22 21 8 7 5 9 4 5 23 21 
Beneficio: 392
d 3 17 16 10 15 13 14 11 13 33 29 28 36 29 32 31 30 32 35 26 19 25 24 20 23 21 22 26 27 21 
Beneficio: 679
d 3 17 16 10 15 13 14 11 13 33 29 28 36 29 32 30 31 32 35 26 27 21 23 25 24 20 23 5 4 2 9 4 9 5 7 8 
Beneficio: 340
d 3 17 16 10 15 13 14 11 13 33 29 28 36 29 32 30 31 32 35 26 22 21 23 21 8 7 5 
Beneficio: 650
d 3 17 16 10 15 13 14 11 13 33 29 28 36 29 32 30 31 32 31 7 5 9 4 2 9 4 5 23 20 24 25 23 21 8 6 7 
Beneficio: 465
d 3 17 16 10 15 13 14 11 13 33 29 28 36 29 32 30 31 7 8 21 27 22 21 23 5 9 2 4 5 7 6 8 
Beneficio: 452
d 3 17 16 10 15 13 14 11 13 33 29 28 36 29 32 30 35 32 31 7 6 8 21 23 5 9 2 4 9 5 7 
Beneficio: 577
d 3 17 16 10 15 13 14 11 13 33 29 28 36 29 32 30 35 26 22 21 23 20 24 25 23 5 4 9 5 7 8 6 7 31 32 30 
Beneficio: 416
d 3 17 16 10 15 13 14 11 13 33 29 28 36 29 32 30 35 26 22 26 27 22 21 8 7 5 23 25 19 
Beneficio: 454
d 3 17 16 10 15 13 14 11 13 33 29 28 36 29 32 30 31 32 35 22 27 26 22 21 23 5 4 9 2 6 7 31 
Beneficio: 593
d 3 17 16 10 15 13 14 11 13 33 29 28 36 29 32 30 35 22 27 22 21 23 20 24 25 23 5 9 4 5 7 8 6 
Beneficio: 486
d 3 17 16 10 15 13 14 11 13 33 29 28 36 29 32 35 26 27 22 27 21 8 7 5 9 4 5 23 21 22 26 19 25 
Beneficio: 425
d 3 17 16 10 15 13 14 11 13 33 29 28 36 29 32 35 26 22 27 26 22 27 8 21 23 25 24 20 23 
Beneficio: 675
d 3 17 16 10 15 13 14 11 13 33 29 28 36 29 32 35 26 22 26 27 21 23 20 24 25 23 5 9 4 9 2 4 5 7 6 8 7 6 d 
Beneficio: 571
d 3 17 16 10 15 13 14 11 13 33 29 28 36 29 32 35 26 22 27 26 22 21 8 7 5 4 9 5 23 25 24 20 23 
Beneficio: 505
d 3 17 16 10 15 13 14 11 13 33 29 28 36 29 32 35 26 27 22 26 19 25 23 5 4 2 9 5 7 31 32 
Beneficio: 234
d 3 17 16 10 15 13 14 11 13 33 29 28 36 29 32 35 30 31 7 8 6 2 9 5 4 17 3 16 
Beneficio: 397
d 3 17 16 10 15 13 14 11 13 33 29 28 36 29 32 35 22 26 27 22 21 23 5 4 2 6 8 6 
Beneficio: 578
d 3 17 16 10 15 13 14 11 13 33 29 28 36 29 32 35 22 21 23 25 24 20 23 5 4 2 9 5 7 31 32 30 
Beneficio: 323
d 3 17 16 10 15 13 14 11 13 33 29 28 36 29 32 35 30 31 7 5 9 4 5 23 25 24 
Beneficio: 296
d 3 17 16 10 15 13 14 11 13 33 29 28 36 29 32 31 7 8 6 7 5 9 4 9 20 23 
Beneficio: 481
d 3 17 16 10 15 13 14 11 13 33 29 28 36 29 32 35 22 27 21 23 25 24 20 23 5 4 2 9 4 
Beneficio: 610
d 3 17 16 10 15 13 14 11 13 33 29 28 36 29 32 31 30 32 35 26 27 22 27 8 6 7 5 4 9 4 2 9 5 23 25 
Beneficio: 601
d 3 17 16 10 15 13 14 11 13 33 29 28 36 29 32 31 30 32 35 26 22 27 26 19 25 24 20 9 2 4 9 5 7 8 
Beneficio: 309
d 3 17 16 10 15 13 14 11 13 33 29 28 36 29 32 31 30 32 35 26 22 26 19 25 23 5 9 2 6 7 8 
Beneficio: 371
d 3 17 16 10 15 13 14 11 13 33 29 28 36 29 32 31 30 32 35 26 22 27 21 8 7 5 4 17 
Beneficio: 539
d 3 17 16 10 15 13 14 11 13 33 29 28 36 29 32 31 30 32 35 22 27 26 22 21 23 25 24 20 23 5 4 9 
Beneficio: 521
d 3 17 16 10 15 13 14 11 13 33 29 28 36 29 32 31 30 32 35 22 26 19 25 24 20 23 5 9 4 5 7 8 6 2 4 
Beneficio: 406
d 3 17 16 10 15 13 14 11 13 33 29 28 36 29 32 31 30 32 35 22 26 22 27 8 21 23 5 4 2 9 5 
Beneficio: 320
d 3 17 16 10 15 13 14 11 13 33 29 28 36 29 32 31 30 32 35 26 22 27 21 8 6 2 4 5 9 
Beneficio: 571
d 3 17 16 10 15 13 14 11 13 33 29 28 36 29 32 31 30 35 26 22 26 19 25 23 21 8 6 7 5 4 9 5 23 20 24 25 
Beneficio: 419
d 3 17 16 10 15 13 14 11 13 33 29 28 36 29 32 31 30 35 26 27 22 26 22 21 8 6 7 5 9 2 
Beneficio: 569
d 3 17 16 10 15 13 14 11 13 33 29 28 36 29 32 31 7 5 4 9 4 2 9 5 23 21 22 26 27 26 35 32 30 35 
Beneficio: 521
d 3 17 16 10 15 13 14 11 13 33 29 28 36 29 32 31 7 5 4 9 5 23 20 25 23 21 27 26 22 27 
Beneficio: 462
d 3 17 16 10 15 13 14 11 13 33 29 28 36 29 32 31 7 5 9 2 4 5 23 21 8 6 7 8 27 26 22 
Beneficio: 454
d 3 17 16 10 15 13 14 11 13 33 29 28 36 29 32 31 7 5 23 25 19 26 22 27 26 27 21 
Beneficio: 564
d 3 17 16 10 15 13 14 11 13 33 29 28 36 29 32 31 7 8 6 7 5 9 4 5 23 20 24 25 23 21 22 27 
Beneficio: 600
d 3 17 16 10 15 13 14 11 13 33 29 28 36 29 32 31 7 8 6 7 5 9 2 4 5 23 25 24 20 23 21 27 22 
Beneficio: 575
d 3 17 16 10 15 13 14 11 13 33 29 28 36 29 32 31 7 8 21 22 27 26 19 25 23 5 4 9 2 9 5 7 8 6 d 
Beneficio: 695
d 3 17 16 10 15 13 14 11 13 33 29 28 36 29 32 31 7 6 8 7 5 4 9 5 23 25 19 24 20 23 21 22 26 22 27 26 35 32 30 35 
Beneficio: 607
d 3 17 16 10 15 13 14 11 13 33 29 28 36 29 32 31 7 6 8 21 27 22 21 23 25 24 20 23 5 9 4 5 7 8 6 
Beneficio: 658
d 3 17 16 10 15 13 14 11 13 33 29 28 36 29 32 31 7 6 8 7 5 4 2 9 5 23 21 23 20 24 25 19 26 27 22 26 35 32 30 
Beneficio: 254
d 3 17 16 10 15 13 14 11 13 33 29 28 36 29 32 31 7 6 8 27 22 26 22 35 32 
Beneficio: 468
d 3 17 16 10 15 13 14 11 13 33 29 28 36 29 32 31 32 30 35 26 27 22 26 19 25 23 5 7 8 6 d 3 
Beneficio: 449
d 3 17 16 10 15 13 14 11 13 33 29 28 36 29 32 31 32 30 35 22 21 8 7 5 9 4 2 9 20 23 25 
Beneficio: 452
d 3 17 16 10 15 13 14 11 13 33 29 28 36 29 32 31 32 35 26 27 21 23 5 4 2 6 7 8 6 7 5 9 2 
Beneficio: 566
d 3 17 16 10 15 13 14 11 13 33 29 28 36 29 32 31 32 35 26 22 27 26 22 21 23 20 25 23 5 4 2 9 5 7 8 6 
Beneficio: 544
d 3 17 16 10 15 13 14 11 13 33 29 28 36 29 32 31 32 35 26 22 27 26 19 25 23 5 4 2 6 7 5 9 4 9 
Beneficio: 528
d 3 17 16 10 15 13 14 11 13 33 29 28 36 29 32 31 32 35 22 27 21 23 20 24 25 23 5 4 9 2 6 7 8 
Beneficio: 426
d 3 17 16 10 15 13 14 11 13 33 29 28 36 29 32 31 32 35 22 21 8 7 5 9 2 4 5 23 25 24 19 
Beneficio: 397
d 3 17 16 10 15 13 14 11 13 33 29 28 36 29 32 31 32 35 26 22 26 27 22 21 23 5 9 2 4 9 2 
Beneficio: 518
d 3 17 16 10 15 13 14 11 13 33 29 28 36 29 32 31 30 32 35 26 27 26 22 26 19 25 24 20 23 5 4 9 5 7 6 
Beneficio: 455
d 3 17 16 10 15 13 14 11 13 33 29 28 36 29 32 31 30 32 35 26 22 21 8 7 6 2 9 4 5 23 21 27 26 22 27 
Beneficio: 287
d 3 17 16 10 15 13 14 11 13 33 29 28 36 29 32 31 30 32 35 22 26 27 22 26 19 25 23 
Beneficio: 655
d 3 17 16 10 15 13 14 11 13 33 29 28 36 29 32 31 30 32 35 26 22 27 26 22 21 23 20 24 25 23 5 7 6 2 4 9 5 
Beneficio: 528
d 3 17 16 10 15 13 14 11 13 33 29 28 36 29 32 31 30 35 22 27 26 19 25 24 20 23 21 8 7 5 9 2 
Beneficio: 729
d 3 17 16 10 15 13 14 11 13 33 29 28 36 29 32 30 31 32 35 26 27 22 21 23 20 24 19 25 23 5 4 2 9 5 7 6 8 21 
Beneficio: 644
d 3 17 16 10 15 13 14 11 13 33 29 28 36 29 32 30 31 32 35 26 22 27 26 22 21 8 6 7 5 4 2 9 4 9 20 24 
Beneficio: 429
d 3 17 16 10 15 13 14 11 13 33 29 28 36 29 32 30 31 32 35 26 22 26 27 21 8 6 7 5 4 2 6 7 
Beneficio: 570
d 3 17 16 10 15 13 14 11 13 33 29 28 36 29 32 30 31 32 35 26 22 27 26 27 21 8 6 7 5 4 2 9 5 23 25 19 
Beneficio: 760
d 3 17 16 10 15 13 14 11 13 33 29 28 36 29 32 30 31 32 35 22 27 26 22 21 23 20 24 25 23 5 7 8 6 2 9 5 4 9 2 4 
Beneficio: 526
d 3 17 16 10 15 13 14 11 13 33 29 28 36 29 32 30 31 32 35 22 26 22 27 21 8 7 5 9 2 4 5 23 25 24 
Beneficio: 502
d 3 17 16 10 15 13 14 11 13 33 29 28 36 29 32 30 31 32 35 22 27 8 21 23 5 9 4 5 7 8 6 
Beneficio: 651
d 3 17 16 10 15 13 14 11 13 33 29 28 36 29 32 30 31 32 31 7 5 9 4 5 23 20 24 25 23 21 27 22 26 27 21 8 
Beneficio: 292
d 3 17 16 10 15 13 14 11 13 33 29 28 36 29 32 30 31 32 35 22 27 22 26 27 8 6 d 
Beneficio: 684
d 3 17 16 10 15 13 14 11 13 33 29 28 36 29 32 30 31 7 5 9 2 4 9 20 23 21 22 26 22 27 26 19 25 23 20 24 
Beneficio: 551
d 3 17 16 10 15 13 14 11 13 33 29 28 36 29 32 30 31 7 8 6 7 5 23 20 24 25 23 21 27 26 22 35 32 31 
Beneficio: 573
d 3 17 16 10 15 13 14 11 13 33 29 28 36 29 32 30 31 7 6 2 9 4 2 9 5 7 8 21 23 25 24 20 
Beneficio: 627
d 3 17 16 10 15 13 14 11 13 33 29 28 36 29 32 30 35 32 31 7 5 4 2 6 8 21 23 20 24 25 19 26 22 27 26 
Beneficio: 407
d 3 17 16 10 15 13 14 11 13 33 29 28 36 29 32 30 35 32 31 7 8 21 27 26 22 21 23 20 9 5 4 2 9 
Beneficio: 614
d 3 17 16 10 15 13 14 11 13 33 29 28 36 29 32 30 35 32 31 7 5 9 2 4 5 23 20 24 25 23 21 22 27 26 22 
Beneficio: 284
d 3 17 16 10 15 13 14 11 13 33 29 28 36 29 32 30 35 26 27 22 21 8 7 31 32 35 
Beneficio: 516
d 3 17 16 10 15 13 14 11 13 33 29 28 36 29 32 30 35 26 22 27 26 27 21 8 7 5 9 4 5 23 25 19 
Beneficio: 426
d 3 17 16 10 15 13 14 11 13 33 29 28 36 29 32 30 35 26 22 21 23 5 4 9 5 7 6 8 21 27 26 
Beneficio: 352
d 3 17 16 10 15 13 14 11 13 33 29 28 36 29 32 30 35 26 19 25 23 5 7 8 6 8 21 22 26 22 
Beneficio: 447
d 3 17 16 10 15 13 14 11 13 33 29 28 36 29 32 30 35 22 26 27 22 21 8 7 5 9 2 4 9 
Beneficio: 564
d 3 17 16 10 15 13 14 11 13 33 29 28 36 29 32 30 35 22 27 26 22 21 23 20 9 4 2 9 5 7 8 6 
Beneficio: 601
d 3 17 16 10 15 13 14 11 13 33 29 28 36 29 32 30 31 32 35 26 27 22 26 19 25 24 20 23 21 8 7 5 4 2 
Beneficio: 324
d 3 17 16 10 15 13 14 11 13 33 29 28 36 29 32 30 31 32 35 26 22 27 26 22 21 23 20 
Beneficio: 492
d 3 17 16 10 15 13 14 11 13 33 29 28 36 29 32 30 31 32 35 26 22 27 26 19 25 23 5 9 4 5 7 8 6 
Beneficio: 604
d 3 17 16 10 15 13 14 11 13 33 29 28 36 29 32 30 31 32 35 22 21 23 25 24 20 23 5 9 2 4 5 7 8 6 2 9 
Beneficio: 478
d 3 17 16 10 15 13 14 11 13 33 29 28 36 29 32 30 31 32 35 26 27 22 26 22 21 23 20 24 25 23 5 9 
Beneficio: 617
d 3 17 16 10 15 13 14 11 13 33 29 28 36 29 32 30 31 7 8 6 7 5 4 9 5 23 25 24 20 23 21 27 26 35 
Beneficio: 336
d 3 17 16 10 15 13 14 11 13 33 29 28 36 29 32 30 31 7 6 2 9 5 23 21 22 27 26 19 
Beneficio: 616
d 3 17 16 10 15 13 14 11 13 33 29 28 36 29 32 30 35 22 21 23 5 9 2 4 5 7 31 32 35 26 22 27 26 19 25 23 20 
Beneficio: 424
d 3 17 16 10 15 13 14 11 13 33 29 28 36 29 32 35 26 27 22 26 19 25 23 20 9 5 4 2 6 7 31 32 30 
Beneficio: 509
d 3 17 16 10 15 13 14 11 13 33 29 28 36 29 32 35 26 27 22 21 23 5 7 6 2 4 9 5 4 17 3 16 12 14 
Beneficio: 540
d 3 17 16 10 15 13 14 11 13 33 29 28 36 29 32 35 26 27 22 35 32 30 31 7 5 4 2 9 5 23 21 
Beneficio: 543
d 3 17 16 10 15 13 14 11 13 33 29 28 36 29 32 35 26 27 22 21 8 6 7 5 9 2 4 5 23 21 23 25 19 
Beneficio: 471
d 3 17 16 10 15 13 14 11 13 33 29 28 36 29 32 35 26 27 8 6 8 7 5 4 2 9 20 23 21 8 
Beneficio: 517
d 3 17 16 10 15 13 14 11 13 33 29 28 36 29 32 35 26 22 27 26 22 27 8 7 5 9 4 5 23 25 19 34 36 29 
Beneficio: 532
d 3 17 16 10 15 13 14 11 13 33 29 28 36 29 32 35 26 22 27 21 8 6 7 5 23 25 19 24 20 23 21 
Beneficio: 500
d 3 17 16 10 15 13 14 11 13 33 29 28 36 29 32 35 26 22 27 8 7 6 8 21 23 20 24 25 23 5 7 31 
Beneficio: 568
d 3 17 16 10 15 13 14 11 13 33 29 28 36 29 32 35 26 22 26 27 21 23 5 9 2 4 9 4 5 7 8 21 22 27 
Beneficio: 444
d 3 17 16 10 15 13 14 11 13 33 29 28 36 29 32 35 26 22 26 27 21 23 5 4 2 9 5 7 8 6 d 3 16 12 
Beneficio: 518
d 3 17 16 10 15 13 14 11 13 33 29 28 36 29 32 35 26 22 21 8 7 5 9 4 5 23 25 24 20 23 21 8 7 31 
Beneficio: 566
d 3 17 16 10 15 13 14 11 13 33 29 28 36 29 32 35 26 22 27 26 22 21 23 20 9 2 9 4 5 7 6 8 7 31 32 30 
Beneficio: 511
d 3 17 16 10 15 13 14 11 13 33 29 28 36 29 32 35 26 22 27 21 23 25 24 20 23 21 8 7 5 9 2 
Beneficio: 359
d 3 17 16 10 15 13 14 11 13 33 29 28 36 29 32 35 26 22 21 8 7 6 2 4 5 23 25 24 20 23 
Beneficio: 511
d 3 17 16 10 15 13 14 11 13 33 29 28 36 29 32 35 26 19 25 24 20 9 2 4 5 7 8 21 22 26 22 27 
Beneficio: 548
d 3 17 16 10 15 13 14 11 13 33 29 28 36 29 32 35 30 32 31 7 5 9 4 2 6 7 8 21 23 25 20 24 
Beneficio: 357
d 3 17 16 10 15 13 14 11 13 33 29 28 36 29 32 35 30 32 31 7 8 27 22 26 19 25 23 5 4 2 15 
Beneficio: 282
d 3 17 16 10 15 13 14 11 13 33 29 28 36 29 32 35 30 32 31 7 8 6 7 5 23 20 25 19 26 
Beneficio: 415
d 3 17 16 10 15 13 14 11 13 33 29 28 36 29 32 35 30 31 7 5 4 2 9 4 17 3 18 
Beneficio: 396
d 3 17 16 10 15 13 14 11 13 33 29 28 36 29 32 35 22 27 26 22 21 23 5 7 31 30 35 
Beneficio: 374
d 3 17 16 10 15 13 14 11 13 33 29 28 36 29 32 35 22 27 22 26 27 21 22 26 19 25 24 20 23 5 9 4 
Beneficio: 568
d 3 17 16 10 15 13 14 11 13 33 29 28 36 29 32 35 22 26 27 22 21 23 5 4 2 6 7 5 9 4 9 2 9 
Beneficio: 517
d 3 17 16 10 15 13 14 11 13 33 29 28 36 29 32 35 22 26 27 8 7 5 9 2 4 5 23 20 25 23 21 8 
Beneficio: 456
d 3 17 16 10 15 13 14 11 13 33 29 28 36 29 32 35 22 26 19 25 24 20 23 5 9 2 4 5 7 31 32 30 35 
Beneficio: 561
d 3 17 16 10 15 13 14 11 13 33 29 28 36 29 32 35 22 26 19 25 23 5 9 4 2 9 5 7 8 21 23 20 24 
Beneficio: 480
d 3 17 16 10 15 13 14 11 13 33 29 28 36 29 32 35 22 21 27 26 19 25 24 20 23 5 4 9 5 7 6 8 7 31 
Beneficio: 364
d 3 17 16 10 15 13 14 11 13 33 29 28 36 29 32 35 22 27 21 23 5 9 4 9 2 4 
Beneficio: 404
d 3 17 16 10 15 13 14 11 13 33 29 28 36 29 32 35 22 26 19 25 24 20 23 5 7 8 21 23 
Beneficio: 627
d 3 17 16 10 15 13 14 11 13 33 29 28 36 29 32 35 26 27 22 26 22 21 23 20 24 25 23 5 7 6 2 4 5 9 
Beneficio: 557
d 3 17 16 10 15 13 14 11 13 33 29 28 36 29 32 35 26 22 21 23 25 24 20 23 5 9 4 5 7 8 6 7 
Beneficio: 573
d 3 17 16 10 15 13 14 11 13 33 29 28 36 29 32 31 7 5 4 9 5 23 25 19 24 20 23 21 22 26 27 22 26 35 
Beneficio: 537
d 3 17 16 10 15 13 14 11 13 33 29 28 36 29 32 31 7 5 9 2 4 5 23 25 24 20 23 21 27 22 
Beneficio: 533
d 3 17 16 10 15 13 14 11 13 33 29 28 36 29 32 31 7 6 8 7 5 9 2 4 5 23 25 24 20 23 21 
Beneficio: 545
d 3 17 16 10 15 13 14 11 13 33 29 28 36 29 32 35 26 27 22 26 22 21 23 20 24 25 23 5 7 8 6 d 
Beneficio: 384
d 3 17 16 10 15 13 14 11 13 33 29 28 36 29 32 35 26 22 21 23 20 24 25 23 5 9 2 6 d 3 16 
Beneficio: 548
d 3 17 16 10 15 13 14 11 13 33 29 28 36 29 32 35 22 26 27 21 23 20 24 25 23 5 7 6 2 4 9 
Beneficio: 384
d 3 17 16 10 15 13 14 11 13 33 29 28 36 29 32 30 35 26 22 27 21 23 25 24 20 23 
Beneficio: 627
d 3 17 16 10 15 13 14 11 13 33 29 28 36 29 32 31 30 32 35 22 26 27 21 23 25 24 20 23 5 9 4 5 7 8 6 
Beneficio: 452
d 3 17 16 10 15 13 14 11 13 33 29 28 36 29 32 31 7 5 4 2 9 20 24 20 
Beneficio: 509
d 3 17 16 10 15 13 14 11 13 33 29 28 36 29 32 31 7 8 6 2 4 5 23 25 24 20 23 21 22 27 26 22 26 
Beneficio: 533
d 3 17 16 10 15 13 14 11 13 33 29 28 36 29 32 31 32 30 35 26 22 27 26 22 21 8 7 5 4 2 9 5 23 21 
Beneficio: 422
d 3 17 16 10 15 13 14 11 13 33 29 28 36 29 32 31 32 35 26 22 27 21 23 5 7 8 6 2 4 
Beneficio: 456
d 3 17 16 10 15 13 14 11 13 33 29 28 36 29 32 30 31 32 35 26 27 22 21 8 7 5 23 20 9 4 5 9 
Beneficio: 400
d 3 17 16 10 15 13 14 11 13 33 29 28 36 29 32 30 31 32 35 22 27 26 22 21 23 5 4 2 9 4 
Beneficio: 523
d 3 17 16 10 15 13 14 11 13 33 29 28 36 29 32 30 35 32 31 7 5 4 9 2 9 5 23 21 27 22 26 
Beneficio: 449
d 3 17 16 10 15 13 14 11 13 33 29 28 36 29 32 30 35 26 22 27 26 19 25 24 20 23 5 7 8 
Beneficio: 428
d 3 17 16 10 15 13 14 11 13 33 29 28 36 29 32 30 31 32 35 22 26 22 21 23 5 7 6 2 4 5 9 
Beneficio: 606
d 3 17 16 10 15 13 14 11 13 33 29 28 36 29 32 35 26 27 22 21 23 25 24 20 23 5 4 2 9 5 7 6 d 3 16 12 
Beneficio: 485
d 3 17 16 10 15 13 14 11 13 33 29 28 36 29 32 35 26 22 27 21 23 5 9 4 5 7 31 30 32 31 30 
Beneficio: 405
d 3 17 16 10 15 13 14 11 13 33 29 28 36 29 32 35 26 22 21 23 20 9 4 5 7 8 6 
Beneficio: 601
d 3 17 16 10 15 13 14 11 13 33 29 28 36 29 32 35 30 32 31 7 6 8 7 5 9 4 5 23 25 24 20 23 21 22 26 22 
Beneficio: 298
d 3 17 16 10 15 13 14 11 13 33 29 28 36 29 32 35 22 26 27 21 8 7 6 2 9 5 23 25 19 
Beneficio: 511
d 3 17 16 10 15 13 14 11 13 33 29 28 36 29 32 35 22 27 26 22 21 23 5 9 2 4 5 7 6 8 7 31 32 
Beneficio: 495
d 3 17 16 10 15 13 14 11 13 33 29 28 36 29 32 35 26 22 21 27 22 26 19 25 23 5 4 2 9 5 7 8 6 d 
Beneficio: 455
d 3 17 16 10 15 13 14 11 13 33 29 28 36 30 32 31 30 35 26 27 22 21 23 25 24 20 23 5 9 4 17 3 16 
Beneficio: 477
d 3 17 16 10 15 13 14 11 13 33 29 28 36 30 32 31 30 35 26 22 26 27 22 35 32 31 7 6 8 7 5 4 2 6 d 
Beneficio: 590
d 3 17 16 10 15 13 14 11 13 33 29 28 36 30 32 31 30 35 26 22 21 23 20 24 25 23 5 9 2 4 5 7 8 6 d 3 16 12 10 
Beneficio: 505
d 3 17 16 10 15 13 14 11 13 33 29 28 36 30 32 31 30 35 22 26 27 26 22 21 23 5 7 6 2 4 5 9 2 
Beneficio: 622
d 3 17 16 10 15 13 14 11 13 33 29 28 36 30 32 31 30 35 22 21 23 20 24 25 23 5 4 2 9 5 7 8 6 7 
Beneficio: 470
d 3 17 16 10 15 13 14 11 13 33 29 28 36 30 32 31 30 35 22 21 23 5 9 4 5 7 8 21 27 26 22 26 
Beneficio: 594
d 3 17 16 10 15 13 14 11 13 33 29 28 36 30 32 31 7 5 4 9 5 23 25 24 20 23 21 27 22 35 30 32 
Beneficio: 552
d 3 17 16 10 15 13 14 11 13 33 29 28 36 30 32 31 7 5 4 2 9 5 23 21 22 26 27 22 35 30 32 29 36 
Beneficio: 536
d 3 17 16 10 15 13 14 11 13 33 29 28 36 30 32 31 7 5 4 2 6 7 8 27 22 26 22 21 23 25 24 20 
Beneficio: 623
d 3 17 16 10 15 13 14 11 13 33 29 28 36 30 32 31 7 5 9 4 2 6 8 27 22 27 26 22 21 23 25 24 
Beneficio: 688
d 3 17 16 10 15 13 14 11 13 33 29 28 36 30 32 31 7 5 9 4 9 2 4 5 23 25 24 20 23 21 22 27 8 
Beneficio: 641
d 3 17 16 10 15 13 14 11 13 33 29 28 36 30 32 31 7 5 9 2 4 5 23 20 25 23 21 27 26 22 27 21 8 6 
Beneficio: 467
d 3 17 16 10 15 13 14 11 13 33 29 28 36 30 32 31 7 5 9 4 2 6 8 21 23 20 24 25 23 5 
Beneficio: 492
d 3 17 16 10 15 13 14 11 13 33 29 28 36 30 32 31 7 5 23 25 24 20 23 21 27 22 26 
Beneficio: 657
d 3 17 16 10 15 13 14 11 13 33 29 28 36 30 32 31 7 8 6 7 5 4 9 5 23 25 24 20 23 21 22 27 26 35 32 29 28 
Beneficio: 618
d 3 17 16 10 15 13 14 11 13 33 29 28 36 30 32 31 7 8 6 7 5 9 2 4 5 23 20 24 25 19 26 22 27 26 
Beneficio: 660
d 3 17 16 10 15 13 14 11 13 33 29 28 36 30 32 31 7 8 6 7 5 4 2 9 5 23 20 24 25 23 21 27 22 21 
Beneficio: 586
d 3 17 16 10 15 13 14 11 13 33 29 28 36 30 32 31 7 8 6 7 5 9 2 4 5 23 25 19 26 27 22 21 23 20 
Beneficio: 505
d 3 17 16 10 15 13 14 11 13 33 29 28 36 30 32 31 7 8 6 2 4 9 4 5 23 25 19 26 22 27 26 27 
Beneficio: 512
d 3 17 16 10 15 13 14 11 13 33 29 28 36 30 32 31 7 8 21 22 27 26 22 27 21 8 6 7 5 9 2 4 5 23 20 
Beneficio: 271
d 3 17 16 10 15 13 14 11 13 33 29 28 36 30 32 31 7 8 6 2 4 9 5 23 25 
Beneficio: 570
d 3 17 16 10 15 13 14 11 13 33 29 28 36 30 32 31 7 8 27 26 22 21 23 25 24 20 23 5 9 4 9 2 4 
Beneficio: 704
d 3 17 16 10 15 13 14 11 13 33 29 28 36 30 32 31 7 6 8 7 5 4 2 9 5 23 20 24 25 23 21 8 27 22 26 27 26 22 
Beneficio: 542
d 3 17 16 10 15 13 14 11 13 33 29 28 36 30 32 31 7 6 8 7 5 23 25 24 20 23 21 8 27 26 22 35 32 
Beneficio: 367
d 3 17 16 10 15 13 14 11 13 33 29 28 36 30 32 31 7 6 8 6 2 4 9 5 23 25 20 24 25 
Beneficio: 502
d 3 17 16 10 15 13 14 11 13 33 29 28 36 30 32 31 7 6 2 9 4 5 23 20 24 25 23 21 22 35 30 
Beneficio: 679
d 3 17 16 10 15 13 14 11 13 33 29 28 36 30 32 31 7 6 8 7 5 4 9 5 23 25 24 20 23 21 27 22 26 27 22 35 32 29 36 
Beneficio: 750
d 3 17 16 10 15 13 14 11 13 33 29 28 36 30 32 31 7 6 8 7 5 9 2 9 4 5 23 25 19 26 22 26 27 22 21 23 20 24 
Beneficio: 706
d 3 17 16 10 15 13 14 11 13 33 29 28 36 30 32 31 7 6 8 21 27 22 21 23 20 24 25 23 5 9 2 4 9 4 5 7 6 d 
Beneficio: 606
d 3 17 16 10 15 13 14 11 13 33 29 28 36 30 32 31 7 6 2 9 4 5 7 8 21 22 26 27 22 26 19 25 24 20 
Beneficio: 555
d 3 17 16 10 15 13 14 11 13 33 29 28 36 30 32 31 7 8 6 2 9 5 4 2 9 20 24 25 23 5 7 6 
Beneficio: 397
d 3 17 16 10 15 13 14 11 13 33 29 28 36 30 32 31 7 8 27 26 22 27 22 21 23 5 9 4 2 9 
Beneficio: 647
d 3 17 16 10 15 13 14 11 13 33 29 28 36 30 32 31 32 35 26 27 22 21 23 25 20 23 5 9 4 2 9 4 5 7 6 
Beneficio: 530
d 3 17 16 10 15 13 14 11 13 33 29 28 36 30 32 31 32 35 26 27 22 26 19 25 24 20 23 21 8 7 5 4 
Beneficio: 676
d 3 17 16 10 15 13 14 11 13 33 29 28 36 30 32 31 32 35 26 22 27 26 22 21 23 20 24 25 23 5 9 4 5 7 8 6 d 3 16 10 14 12 
Beneficio: 549
d 3 17 16 10 15 13 14 11 13 33 29 28 36 30 32 31 32 35 26 22 27 21 23 25 24 20 23 5 9 2 4 9 2 
Beneficio: 612
d 3 17 16 10 15 13 14 11 13 33 29 28 36 30 32 31 32 35 26 22 26 27 22 21 8 7 5 4 9 5 23 20 24 25 23 21 
Beneficio: 479
d 3 17 16 10 15 13 14 11 13 33 29 28 36 30 32 31 32 35 26 22 21 8 7 5 23 25 24 20 9 2 6 
Beneficio: 719
d 3 17 16 10 15 13 14 11 13 33 29 28 36 30 32 31 32 35 26 22 27 22 26 27 21 23 25 24 20 23 5 4 2 9 5 7 6 8 
Beneficio: 430
d 3 17 16 10 15 13 14 11 13 33 29 28 36 30 32 31 32 35 26 19 25 23 5 7 6 8 27 26 22 27 
Beneficio: 553
d 3 17 16 10 15 13 14 11 13 33 29 28 36 30 32 31 32 35 22 27 26 22 21 23 5 4 9 20 24 25 23 20 25 19 
Beneficio: 595
d 3 17 16 10 15 13 14 11 13 33 29 28 36 30 32 31 32 35 22 26 27 22 21 23 5 9 2 9 4 5 7 6 8 7 
Beneficio: 398
d 3 17 16 10 15 13 14 11 13 33 29 28 36 30 32 31 32 35 22 26 19 25 23 21 23 5 4 2 6 
Beneficio: 656
d 3 17 16 10 15 13 14 11 13 33 29 28 36 30 32 31 32 35 22 21 8 7 5 9 4 2 9 20 24 25 23 21 27 26 22 
Beneficio: 461
d 3 17 16 10 15 13 14 11 13 33 29 28 36 30 32 31 32 35 22 26 27 8 6 7 5 23 21 23 25 
Beneficio: 533
d 3 17 16 10 15 13 14 11 13 33 29 28 36 30 32 31 32 35 26 22 27 26 19 25 20 23 5 4 2 9 5 7 6 8 
Beneficio: 472
d 3 17 16 10 15 13 14 11 13 33 29 28 36 30 32 31 32 35 26 22 26 27 21 23 5 4 9 5 7 6 d 3 16 
Beneficio: 708
d 3 17 16 10 15 13 14 11 13 33 29 28 36 30 32 31 30 35 26 27 22 21 23 25 24 20 23 5 4 2 9 5 7 6 8 6 d 
Beneficio: 515
d 3 17 16 10 15 13 14 11 13 33 29 28 36 30 32 31 30 35 26 22 27 26 22 21 23 5 4 2 9 5 7 31 32 
Beneficio: 454
d 3 17 16 10 15 13 14 11 13 33 29 28 36 30 32 31 30 35 22 27 26 22 21 23 5 4 9 20 24 
Beneficio: 576
d 3 17 16 10 15 13 14 11 13 33 29 28 36 30 32 35 26 27 22 26 22 21 23 25 20 23 5 4 9 5 7 6 8 7 31 30 
Beneficio: 687
d 3 17 16 10 15 13 14 11 13 33 29 28 36 30 32 35 26 27 22 26 22 27 21 23 25 24 20 23 5 9 2 9 4 5 7 
Beneficio: 633
d 3 17 16 10 15 13 14 11 13 33 29 28 36 30 32 35 26 27 22 26 19 25 24 20 25 23 21 8 7 5 9 4 2 
Beneficio: 491
d 3 17 16 10 15 13 14 11 13 33 29 28 36 30 32 35 26 27 22 26 27 21 23 5 4 9 5 7 6 d 3 16 12 
Beneficio: 595
d 3 17 16 10 15 13 14 11 13 33 29 28 36 30 32 35 26 27 22 21 23 20 24 25 23 20 9 5 7 6 2 9 
Beneficio: 462
d 3 17 16 10 15 13 14 11 13 33 29 28 36 30 32 35 26 27 22 21 23 25 24 20 23 5 9 4 5 
Beneficio: 516
d 3 17 16 10 15 13 14 11 13 33 29 28 36 30 32 35 26 27 21 23 25 23 5 7 8 6 2 9 4 9 5 
Beneficio: 675
d 3 17 16 10 15 13 14 11 13 33 29 28 36 30 32 35 26 27 21 8 6 7 5 4 9 5 23 21 27 22 26 19 25 23 20 24 
Beneficio: 665
d 3 17 16 10 15 13 14 11 13 33 29 28 36 30 32 35 26 27 21 23 25 19 26 22 27 8 6 7 5 9 4 5 23 20 24 
Beneficio: 361
d 3 17 16 10 15 13 14 11 13 33 29 28 36 30 32 35 26 27 21 8 6 8 7 5 9 2 6 d 3 16 
Beneficio: 623
d 3 17 16 10 15 13 14 11 13 33 29 28 36 30 32 35 26 27 26 19 25 23 21 8 6 7 5 9 4 2 9 5 4 
Beneficio: 460
d 3 17 16 10 15 13 14 11 13 33 29 28 36 30 32 35 26 27 8 7 5 23 25 20 23 21 27 22 26 
Beneficio: 392
d 3 17 16 10 15 13 14 11 13 33 29 28 36 30 32 35 26 22 27 26 22 21 8 7 31 32 29 36 34 19 25 23 5 9 2 
Beneficio: 547
d 3 17 16 10 15 13 14 11 13 33 29 28 36 30 32 35 26 22 27 26 19 25 24 20 23 25 20 23 5 7 8 6 d 
Beneficio: 520
d 3 17 16 10 15 13 14 11 13 33 29 28 36 30 32 35 26 22 27 21 23 25 24 20 9 5 4 2 9 
Beneficio: 433
d 3 17 16 10 15 13 14 11 13 33 29 28 36 30 32 35 26 22 27 22 26 27 8 7 6 2 9 4 2 9 5 23 25 
Beneficio: 580
d 3 17 16 10 15 13 14 11 13 33 29 28 36 30 32 35 26 22 27 21 22 26 27 21 23 20 24 19 25 23 5 7 8 6 d 
Beneficio: 621
d 3 17 16 10 15 13 14 11 13 33 29 28 36 30 32 35 26 22 27 8 6 7 5 9 2 4 5 23 25 20 24 25 19 26 27 
Beneficio: 718
d 3 17 16 10 15 13 14 11 13 33 29 28 36 30 32 35 26 22 26 27 22 21 23 20 24 25 23 5 4 2 9 5 7 8 6 d 3 16 
Beneficio: 413
d 3 17 16 10 15 13 14 11 13 33 29 28 36 30 32 35 26 22 26 27 21 23 20 24 25 23 21 22 27 
Beneficio: 454
d 3 17 16 10 15 13 14 11 13 33 29 28 36 30 32 35 26 22 26 27 8 6 8 7 5 4 2 9 5 23 25 
Beneficio: 681
d 3 17 16 10 15 13 14 11 13 33 29 28 36 30 32 35 26 22 26 27 22 21 23 25 19 24 20 23 5 4 2 9 4 9 5 7 6 d 
Beneficio: 434
d 3 17 16 10 15 13 14 11 13 33 29 28 36 30 32 35 26 22 21 23 5 7 8 21 23 25 19 26 27 22 
Beneficio: 479
d 3 17 16 10 15 13 14 11 13 33 29 28 36 30 32 35 26 22 21 23 5 4 2 9 2 6 8 7 5 9 
Beneficio: 298
d 3 17 16 10 15 13 14 11 13 33 29 28 36 30 32 35 26 22 21 8 7 6 2 4 5 23 21 27 22 
Beneficio: 607
d 3 17 16 10 15 13 14 11 13 33 29 28 36 30 32 35 26 22 27 21 23 20 24 25 23 5 4 9 5 7 6 8 27 26 22 21 
Beneficio: 568
d 3 17 16 10 15 13 14 11 13 33 29 28 36 30 32 35 26 22 27 26 22 35 32 31 7 5 9 4 2 9 4 5 23 21 
Beneficio: 602
d 3 17 16 10 15 13 14 11 13 33 29 28 36 30 32 35 26 22 27 21 23 25 24 20 23 5 4 9 5 7 8 6 7 31 32 29 36 34 
Beneficio: 489
d 3 17 16 10 15 13 14 11 13 33 29 28 36 30 32 35 26 22 27 21 23 5 4 2 6 8 7 5 9 4 
Beneficio: 548
d 3 17 16 10 15 13 14 11 13 33 29 28 36 30 32 35 26 22 21 23 25 24 20 23 5 7 5 9 4 2 
Beneficio: 408
d 3 17 16 10 15 13 14 11 13 33 29 28 36 30 32 35 26 22 21 8 6 8 7 5 23 20 24 25 20 23 25 
Beneficio: 324
d 3 17 16 10 15 13 14 11 13 33 29 28 36 30 32 35 26 22 27 8 6 8 21 23 5 9 4 5 
Beneficio: 377
d 3 17 16 10 15 13 14 11 13 33 29 28 36 30 32 35 26 19 25 23 20 9 2 4 5 23 21 22 
Beneficio: 393
d 3 17 16 10 15 13 14 11 13 33 29 28 36 30 32 35 26 19 24 25 23 5 9 2 4 5 23 21 
Beneficio: 356
d 3 17 16 10 15 13 14 11 13 33 29 28 36 30 32 35 26 27 8 6 2 9 4 5 7 31 
Beneficio: 312
d 3 17 16 10 15 13 14 11 13 33 29 28 36 30 32 35 30 31 7 5 9 4 2 6 7 8 6 
Beneficio: 490
d 3 17 16 10 15 13 14 11 13 33 29 28 36 30 32 35 30 31 7 6 8 7 5 23 25 19 26 27 22 27 21 23 
Beneficio: 596
d 3 17 16 10 15 13 14 11 13 33 29 28 36 30 32 35 30 31 7 6 8 21 23 20 24 25 23 5 9 4 5 7 8 27 26 
Beneficio: 597
d 3 17 16 10 15 13 14 11 13 33 29 28 36 30 32 35 22 27 26 22 21 23 20 24 25 23 5 9 2 6 7 5 4 9 
Beneficio: 687
d 3 17 16 10 15 13 14 11 13 33 29 28 36 30 32 35 22 27 26 22 21 23 20 24 25 23 5 9 4 5 7 6 8 7 6 2 9 
Beneficio: 506
d 3 17 16 10 15 13 14 11 13 33 29 28 36 30 32 35 22 27 26 27 8 7 5 4 9 2 4 9 5 23 
Beneficio: 550
d 3 17 16 10 15 13 14 11 13 33 29 28 36 30 32 35 22 27 22 26 19 25 24 20 23 5 9 4 2 6 8 6 7 5 4 
Beneficio: 521
d 3 17 16 10 15 13 14 11 13 33 29 28 36 30 32 35 22 27 26 22 21 23 25 24 20 23 5 9 4 5 7 
Beneficio: 715
d 3 17 16 10 15 13 14 11 13 33 29 28 36 30 32 35 22 26 27 22 21 23 25 24 20 9 2 4 5 7 8 6 7 31 32 29 
Beneficio: 687
d 3 17 16 10 15 13 14 11 13 33 29 28 36 30 32 35 22 26 27 21 23 25 24 20 23 5 9 2 4 9 4 5 7 6 8 7 31 30 
Beneficio: 695
d 3 17 16 10 15 13 14 11 13 33 29 28 36 30 32 35 22 26 27 26 22 27 21 23 25 24 20 23 5 9 4 5 7 31 32 29 36 34 
Beneficio: 620
d 3 17 16 10 15 13 14 11 13 33 29 28 36 30 32 35 22 26 22 27 21 23 20 24 25 23 5 9 4 5 7 8 6 d 3 16 12 14 10 
Beneficio: 412
d 3 17 16 10 15 13 14 11 13 33 29 28 36 30 32 35 22 26 22 21 27 26 19 25 24 20 23 5 9 4 2 6 8 7 6 
Beneficio: 417
d 3 17 16 10 15 13 14 11 13 33 29 28 36 30 32 35 22 26 27 21 23 20 24 25 23 5 9 4 5 
Beneficio: 483
d 3 17 16 10 15 13 14 11 13 33 29 28 36 30 32 35 22 26 27 22 21 23 5 4 9 2 6 7 5 9 
Beneficio: 541
d 3 17 16 10 15 13 14 11 13 33 29 28 36 30 32 35 22 26 19 25 23 5 4 9 4 2 9 5 7 8 21 23 21 
Beneficio: 520
d 3 17 16 10 15 13 14 11 13 33 29 28 36 30 32 35 22 21 23 5 9 4 5 7 8 6 7 31 30 35 26 27 22 26 19 25 
Beneficio: 354
d 3 17 16 10 15 13 14 11 13 33 29 28 36 30 32 35 22 21 27 26 22 26 19 25 23 21 8 7 31 32 29 36 
Beneficio: 481
d 3 17 16 10 15 13 14 11 13 33 29 28 36 30 32 35 22 27 21 23 21 8 7 5 4 2 9 5 23 25 24 
Beneficio: 624
d 3 17 16 10 15 13 14 11 13 33 29 28 36 30 32 35 22 27 26 35 30 31 7 6 8 7 5 9 2 4 5 23 20 24 25 23 
Beneficio: 465
d 3 17 16 10 15 13 14 11 13 33 29 28 36 30 32 35 22 27 26 19 25 23 5 4 2 6 8 7 5 9 2 
Beneficio: 574
d 3 17 16 10 15 13 14 11 13 33 29 28 36 30 32 35 22 26 27 22 21 23 20 24 25 23 5 7 8 6 2 9 
Beneficio: 360
d 3 17 16 10 15 13 14 11 13 33 29 28 36 30 32 35 22 26 22 21 8 6 2 9 4 5 23 25 
Beneficio: 489
d 3 17 16 10 15 13 14 11 13 33 29 28 36 30 32 35 22 26 27 26 22 21 8 7 5 9 2 4 5 23 25 
Beneficio: 517
d 3 17 16 10 15 13 14 11 13 33 29 28 36 30 32 35 22 21 27 26 22 26 19 25 23 5 9 2 9 4 5 7 
Beneficio: 464
d 3 17 16 10 15 13 14 11 13 33 29 28 36 30 32 35 26 27 21 23 25 19 26 22 21 8 6 7 5 23 
Beneficio: 392
d 3 17 16 10 15 13 14 11 13 33 29 28 36 30 32 35 26 22 27 21 8 6 7 5 9 4 2 15 
Beneficio: 441
d 3 17 16 10 15 13 14 11 13 33 29 28 36 30 32 35 26 22 21 8 6 7 5 23 25 24 20 9 5 
Beneficio: 349
d 3 17 16 10 15 13 14 11 13 33 29 28 36 30 32 35 26 19 25 24 20 23 5 9 2 4 17 3 16 12 
Beneficio: 591
d 3 17 16 10 15 13 14 11 13 33 29 28 36 30 32 31 7 5 4 2 6 8 27 26 19 25 24 20 23 21 22 27 
Beneficio: 475
d 3 17 16 10 15 13 14 11 13 33 29 28 36 30 32 31 7 5 9 2 9 4 5 23 21 22 26 19 
Beneficio: 524
d 3 17 16 10 15 13 14 11 13 33 29 28 36 30 32 31 7 8 6 7 5 9 2 9 4 5 23 25 19 26 22 21 27 26 22 
Beneficio: 369
d 3 17 16 10 15 13 14 11 13 33 29 28 36 30 32 31 7 8 21 23 5 9 4 2 6 7 5 
Beneficio: 512
d 3 17 16 10 15 13 14 11 13 33 29 28 36 30 32 31 7 6 8 7 5 9 2 4 9 5 23 21 22 26 27 22 35 32 
Beneficio: 737
d 3 17 16 10 15 13 14 11 13 33 29 28 36 30 32 31 7 6 8 7 5 9 4 9 2 4 5 23 25 24 20 23 21 27 22 27 26 22 
Beneficio: 306
d 3 17 16 10 15 13 14 11 13 33 29 28 36 30 32 31 34 19 25 24 20 23 21 22 26 19 
Beneficio: 646
d 3 17 16 10 15 13 14 11 13 33 29 28 36 30 32 35 26 27 21 23 25 24 20 23 5 4 2 9 5 7 6 8 7 6 d 
Beneficio: 602
d 3 17 16 10 15 13 14 11 13 33 29 28 36 30 32 35 26 22 27 8 6 7 5 9 4 5 23 20 24 25 23 21 8 7 6 
Beneficio: 478
d 3 17 16 10 15 13 14 11 13 33 29 28 36 30 32 35 26 22 27 26 22 21 23 5 9 4 5 7 8 6 8 
Beneficio: 637
d 3 17 16 10 15 13 14 11 13 33 29 28 36 30 32 35 22 27 26 22 21 23 20 24 19 25 23 5 4 9 5 7 8 
Beneficio: 473
d 3 17 16 10 15 13 14 11 13 33 29 28 36 30 32 35 22 26 19 25 24 20 23 5 4 2 9 5 7 31 32 
Beneficio: 514
d 3 17 16 10 15 13 14 11 13 33 29 28 36 30 32 35 22 21 23 20 24 19 25 23 5 4 9 4 2 9 5 
Beneficio: 545
d 3 17 16 10 15 13 14 11 13 33 29 28 36 30 31 32 30 35 26 27 22 26 19 25 23 5 9 4 5 9 2 6 8 21 23 
Beneficio: 522
d 3 17 16 10 15 13 14 11 13 33 29 28 36 30 31 32 30 35 26 22 27 26 22 27 21 8 6 8 7 5 4 9 2 
Beneficio: 516
d 3 17 16 10 15 13 14 11 13 33 29 28 36 30 31 32 30 35 26 22 21 23 21 8 7 5 9 2 4 5 23 25 24 
Beneficio: 700
d 3 17 16 10 15 13 14 11 13 33 29 28 36 30 31 32 30 35 22 27 26 22 21 23 20 24 25 23 5 4 9 2 9 5 7 31 32 
Beneficio: 565
d 3 17 16 10 15 13 14 11 13 33 29 28 36 30 31 32 30 35 22 21 23 25 19 26 27 21 8 7 5 9 2 4 5 
Beneficio: 551
d 3 17 16 10 15 13 14 11 13 33 29 28 36 30 31 32 30 31 7 5 4 9 20 23 21 27 26 19 25 24 20 
Beneficio: 501
d 3 17 16 10 15 13 14 11 13 33 29 28 36 30 31 32 30 31 7 6 8 7 5 4 2 9 5 23 20 24 19 25 
Beneficio: 533
d 3 17 16 10 15 13 14 11 13 33 29 28 36 30 31 32 30 35 26 27 22 21 23 25 24 20 9 2 4 9 
Beneficio: 581
d 3 17 16 10 15 13 14 11 13 33 29 28 36 30 31 32 35 26 27 22 26 19 25 24 20 23 5 9 2 4 9 4 5 7 6 d 
Beneficio: 441
d 3 17 16 10 15 13 14 11 13 33 29 28 36 30 31 32 35 26 27 22 21 8 6 8 7 5 4 2 15 10 
Beneficio: 439
d 3 17 16 10 15 13 14 11 13 33 29 28 36 30 31 32 35 26 27 22 26 19 25 23 20 9 4 9 2 4 5 23 
Beneficio: 303
d 3 17 16 10 15 13 14 11 13 33 29 28 36 30 31 32 35 26 27 8 6 2 4 5 23 21 22 
Beneficio: 598
d 3 17 16 10 15 13 14 11 13 33 29 28 36 30 31 32 35 26 22 27 26 19 25 24 20 23 5 9 4 5 7 6 2 4 
Beneficio: 517
d 3 17 16 10 15 13 14 11 13 33 29 28 36 30 31 32 35 26 22 27 21 22 26 19 25 23 5 7 6 2 9 5 4 9 
Beneficio: 504
d 3 17 16 10 15 13 14 11 13 33 29 28 36 30 31 32 35 26 22 26 27 21 23 25 24 20 9 5 7 8 27 
Beneficio: 411
d 3 17 16 10 15 13 14 11 13 33 29 28 36 30 31 32 35 26 22 21 23 25 24 20 23 5 9 4 5 
Beneficio: 484
d 3 17 16 10 15 13 14 11 13 33 29 28 36 30 31 32 35 26 22 27 26 22 21 23 20 24 25 23 5 9 2 6 8 6 d 
Beneficio: 516
d 3 17 16 10 15 13 14 11 13 33 29 28 36 30 31 32 35 26 22 27 21 8 6 7 5 4 2 9 5 23 25 19 
Beneficio: 491
d 3 17 16 10 15 13 14 11 13 33 29 28 36 30 31 32 35 26 22 21 27 26 19 25 23 5 4 9 5 7 8 6 7 31 
Beneficio: 341
d 3 17 16 10 15 13 14 11 13 33 29 28 36 30 31 32 35 26 27 22 26 27 8 21 23 5 4 2 
Beneficio: 727
d 3 17 16 10 15 13 14 11 13 33 29 28 36 30 31 32 35 22 27 26 22 27 21 23 25 24 20 23 5 9 4 2 9 4 5 7 8 6 
Beneficio: 357
d 3 17 16 10 15 13 14 11 13 33 29 28 36 30 31 32 35 22 27 8 6 2 9 4 5 23 21 8 
Beneficio: 505
d 3 17 16 10 15 13 14 11 13 33 29 28 36 30 31 32 35 22 26 27 8 7 5 23 20 24 25 23 21 22 
Beneficio: 695
d 3 17 16 10 15 13 14 11 13 33 29 28 36 30 31 32 35 22 26 27 22 21 23 25 24 20 23 5 4 2 9 5 7 8 6 7 31 30 32 29 36 
Beneficio: 574
d 3 17 16 10 15 13 14 11 13 33 29 28 36 30 31 32 35 22 21 23 20 24 25 23 5 4 2 6 7 5 9 4 
Beneficio: 615
d 3 17 16 10 15 13 14 11 13 33 29 28 36 30 31 32 35 22 27 22 26 22 21 23 25 24 20 23 5 9 4 5 7 6 8 6 d 
Beneficio: 558
d 3 17 16 10 15 13 14 11 13 33 29 28 36 30 31 32 35 22 26 27 22 27 21 23 25 24 20 23 5 4 2 9 4 
Beneficio: 534
d 3 17 16 10 15 13 14 11 13 33 29 28 36 30 31 32 35 26 22 27 21 23 5 4 9 4 2 9 5 7 6 8 
Beneficio: 589
d 3 17 16 10 15 13 14 11 13 33 29 28 36 30 31 32 31 7 5 4 2 9 5 23 25 24 20 23 21 22 26 22 
Beneficio: 511
d 3 17 16 10 15 13 14 11 13 33 29 28 36 30 31 32 31 7 8 6 7 5 9 2 9 4 5 23 21 22 27 22 26 
Beneficio: 420
d 3 17 16 10 15 13 14 11 13 33 29 28 36 30 31 32 31 7 6 8 6 2 4 9 5 23 21 8 7 5 
Beneficio: 595
d 3 17 16 10 15 13 14 11 13 33 29 28 36 30 31 32 35 26 22 21 23 25 24 20 23 5 4 2 9 5 7 8 6 d 3 17 
Beneficio: 560
d 3 17 16 10 15 13 14 11 13 33 29 28 36 30 31 32 35 22 21 23 25 24 20 23 5 9 4 5 7 8 6 d 
Beneficio: 590
d 3 17 16 10 15 13 14 11 13 33 29 28 36 30 31 7 5 4 9 20 24 25 19 26 27 21 23 5 9 2 4 
Beneficio: 346
d 3 17 16 10 15 13 14 11 13 33 29 28 36 30 31 7 5 4 2 9 20 
Beneficio: 588
d 3 17 16 10 15 13 14 11 13 33 29 28 36 30 31 7 5 9 2 4 5 23 21 22 27 26 22 
Beneficio: 404
d 3 17 16 10 15 13 14 11 13 33 29 28 36 30 31 7 5 23 21 22 26 27 22 26 35 32 31 30 
Beneficio: 625
d 3 17 16 10 15 13 14 11 13 33 29 28 36 30 31 7 8 6 7 5 4 2 9 5 23 25 24 20 25 19 26 22 27 26 22 27 
Beneficio: 465
d 3 17 16 10 15 13 14 11 13 33 29 28 36 30 31 7 8 6 7 5 4 2 9 5 23 21 22 27 26 22 
Beneficio: 539
d 3 17 16 10 15 13 14 11 13 33 29 28 36 30 31 7 8 6 2 4 9 5 23 20 24 25 23 21 22 27 26 35 30 32 35 22 
Beneficio: 370
d 3 17 16 10 15 13 14 11 13 33 29 28 36 30 31 7 8 21 27 26 22 26 19 25 23 5 4 2 9 4 
Beneficio: 618
d 3 17 16 10 15 13 14 11 13 33 29 28 36 30 31 7 6 8 7 5 9 2 4 5 23 20 24 25 23 21 22 26 27 8 
Beneficio: 445
d 3 17 16 10 15 13 14 11 13 33 29 28 36 30 31 7 6 2 9 2 4 9 5 23 21 22 27 26 22 26 35 32 30 35 
Beneficio: 458
d 3 17 16 10 15 13 14 11 13 33 29 28 36 30 31 7 6 8 7 5 23 21 22 26 27 22 35 30 32 
Beneficio: 260
d 3 17 16 10 15 13 14 11 13 33 29 28 36 30 31 7 6 2 9 5 23 21 27 22 26 35 32 30 31 
Beneficio: 587
d 3 17 16 10 15 13 14 11 13 33 29 28 36 30 31 32 35 26 27 22 27 21 23 20 24 25 23 5 4 9 2 4 9 
Beneficio: 570
d 3 17 16 10 15 13 14 11 13 33 29 28 36 30 31 32 35 26 22 27 8 6 8 7 5 9 2 4 5 23 25 24 20 23 
Beneficio: 533
d 3 17 16 10 15 13 14 11 13 33 29 28 36 30 31 32 35 26 22 27 22 26 27 21 23 25 24 20 23 5 7 8 6 
Beneficio: 661
d 3 17 16 10 15 13 14 11 13 33 29 28 36 30 31 32 35 22 26 27 22 21 23 25 24 20 9 5 7 6 2 9 4 2 
Beneficio: 463
d 3 17 16 10 15 13 14 11 13 33 29 28 36 30 31 32 35 22 26 27 21 23 5 4 9 5 7 8 6 d 
Beneficio: 566
d 3 17 16 10 15 13 14 11 13 33 29 28 36 30 35 32 31 7 5 4 9 5 23 21 22 26 22 27 26 19 24 25 23 
Beneficio: 583
d 3 17 16 10 15 13 14 11 13 33 29 28 36 30 35 32 31 7 5 9 4 9 2 4 5 23 21 27 22 21 23 25 
Beneficio: 426
d 3 17 16 10 15 13 14 11 13 33 29 28 36 30 35 32 31 7 8 6 7 5 4 2 9 5 23 20 25 19 26 22 
Beneficio: 500
d 3 17 16 10 15 13 14 11 13 33 29 28 36 30 35 32 31 7 8 21 23 20 25 23 5 4 9 2 6 7 5 
Beneficio: 511
d 3 17 16 10 15 13 14 11 13 33 29 28 36 30 35 32 31 7 6 8 21 23 25 24 20 23 5 9 4 2 9 
Beneficio: 372
d 3 17 16 10 15 13 14 11 13 33 29 28 36 30 35 32 31 7 6 8 21 27 22 21 23 5 4 2 9 
Beneficio: 492
d 3 17 16 10 15 13 14 11 13 33 29 28 36 30 35 32 30 31 32 31 7 6 8 6 2 9 4 5 23 21 22 27 26 22 
Beneficio: 524
d 3 17 16 10 15 13 14 11 13 33 29 28 36 30 35 32 30 31 7 5 9 2 6 8 21 27 22 26 19 25 23 20 24 25 
Beneficio: 411
d 3 17 16 10 15 13 14 11 13 33 29 28 36 30 35 32 30 31 7 6 8 27 22 27 26 19 25 23 5 9 2 4 
Beneficio: 514
d 3 17 16 10 15 13 14 11 13 33 29 28 36 30 35 32 30 31 7 5 23 25 19 26 22 26 27 21 23 20 24 
Beneficio: 536
d 3 17 16 10 15 13 14 11 13 33 29 28 36 30 35 32 31 7 5 9 2 4 5 23 21 23 25 19 26 22 27 22 
Beneficio: 467
d 3 17 16 10 15 13 14 11 13 33 29 28 36 30 35 32 31 7 6 2 4 9 5 23 20 24 25 23 21 22 26 27 22 26 
Beneficio: 669
d 3 17 16 10 15 13 14 11 13 33 29 28 36 30 35 26 27 22 26 27 21 23 20 24 25 23 5 9 4 5 7 8 6 7 31 32 30 
Beneficio: 452
d 3 17 16 10 15 13 14 11 13 33 29 28 36 30 35 26 27 22 21 8 7 5 23 20 24 25 23 21 
Beneficio: 418
d 3 17 16 10 15 13 14 11 13 33 29 28 36 30 35 26 27 21 23 5 4 2 9 5 7 8 21 
Beneficio: 619
d 3 17 16 10 15 13 14 11 13 33 29 28 36 30 35 26 27 8 7 5 4 2 9 5 23 20 24 25 23 21 22 35 32 31 7 
Beneficio: 534
d 3 17 16 10 15 13 14 11 13 33 29 28 36 30 35 26 22 27 26 19 25 24 20 23 5 4 9 5 7 6 8 21 22 35 32 
Beneficio: 645
d 3 17 16 10 15 13 14 11 13 33 29 28 36 30 35 26 22 27 21 22 26 27 21 23 25 24 20 23 5 9 4 5 7 6 8 
Beneficio: 503
d 3 17 16 10 15 13 14 11 13 33 29 28 36 30 35 26 22 26 27 22 21 8 6 7 5 4 9 2 
Beneficio: 603
d 3 17 16 10 15 13 14 11 13 33 29 28 36 30 35 26 22 21 23 25 24 20 23 5 9 2 9 4 5 7 8 6 7 31 32 30 
Beneficio: 438
d 3 17 16 10 15 13 14 11 13 33 29 28 36 30 35 26 22 27 26 19 25 23 5 9 4 5 7 6 8 21 
Beneficio: 460
d 3 17 16 10 15 13 14 11 13 33 29 28 36 30 35 26 22 27 22 26 19 25 23 5 4 9 5 7 8 6 d 3 16 
Beneficio: 474
d 3 17 16 10 15 13 14 11 13 33 29 28 36 30 35 26 22 27 26 22 21 23 5 9 4 5 7 31 30 32 31 32 35 
Beneficio: 412
d 3 17 16 10 15 13 14 11 13 33 29 28 36 30 35 26 27 21 23 5 7 8 6 2 9 5 4 
Beneficio: 516
d 3 17 16 10 15 13 14 11 13 33 29 28 36 30 35 22 27 26 35 32 31 7 6 8 7 5 4 9 2 9 5 23 20 
Beneficio: 451
d 3 17 16 10 15 13 14 11 13 33 29 28 36 30 35 22 27 8 6 2 9 5 23 25 24 20 23 21 22 26 35 32 30 
Beneficio: 473
d 3 17 16 10 15 13 14 11 13 33 29 28 36 30 35 22 26 27 21 22 27 8 7 5 4 9 5 23 25 24 
Beneficio: 367
d 3 17 16 10 15 13 14 11 13 33 29 28 36 30 35 22 26 19 25 20 23 5 4 9 5 7 8 6 8 
Beneficio: 572
d 3 17 16 10 15 13 14 11 13 33 29 28 36 30 35 22 21 23 25 24 20 23 5 9 4 5 7 6 8 7 31 32 
Beneficio: 453
d 3 17 16 10 15 13 14 11 13 33 29 28 36 30 35 32 31 7 5 23 20 24 25 19 26 22 26 27 21 23 
Beneficio: 556
d 3 17 16 10 15 13 14 11 13 33 29 28 36 30 35 22 27 22 26 19 25 23 21 8 6 8 7 5 4 9 2 
Beneficio: 361
d 3 17 16 10 15 13 14 11 13 33 29 28 36 30 35 22 26 27 21 8 6 2 4 5 23 20 24 
Beneficio: 519
d 3 17 16 10 15 13 14 11 13 33 29 28 36 30 35 26 22 26 27 22 21 23 25 24 20 23 5 9 2 6 8 7 31 32 
Beneficio: 652
d 3 17 16 10 15 13 14 11 13 33 29 28 36 30 31 32 30 35 26 27 22 21 23 20 24 25 23 5 9 2 4 5 7 6 8 
Beneficio: 480
d 3 17 16 10 15 13 14 11 13 33 29 28 36 30 31 32 30 35 26 22 27 26 27 21 23 5 9 4 2 9 4 5 
Beneficio: 549
d 3 17 16 10 15 13 14 11 13 33 29 28 36 30 31 32 30 35 22 26 27 22 21 23 20 24 25 23 5 4 2 
Beneficio: 456
d 3 17 16 10 15 13 14 11 13 33 29 28 36 30 31 32 30 31 7 6 2 4 9 5 23 25 24 20 23 21 22 26 22 
Beneficio: 496
d 3 17 16 10 15 13 14 11 13 33 29 28 36 30 31 32 35 26 27 22 26 19 25 24 20 23 5 4 9 2 6 8 6 d 
Beneficio: 497
d 3 17 16 10 15 13 14 11 13 33 29 28 36 30 31 32 35 26 27 21 23 25 24 20 23 5 9 4 2 6 8 6 d 
Beneficio: 528
d 3 17 16 10 15 13 14 11 13 33 29 28 36 30 31 32 35 26 22 27 26 27 21 23 25 23 5 4 9 2 4 
Beneficio: 586
d 3 17 16 10 15 13 14 11 13 33 29 28 36 30 31 32 35 26 22 26 27 22 27 8 7 5 4 9 5 23 20 24 25 23 
Beneficio: 481
d 3 17 16 10 15 13 14 11 13 33 29 28 36 30 31 32 35 26 22 21 8 6 7 5 4 2 9 5 23 25 
######### Overtime ############
Mejor solucion encontrada!
Beneficio: 810
d 3 17 16 10 15 13 14 11 13 33 29 28 36 34 36 30 32 31 32 35 26 27 22 26 22 21 23 25 24 20 23 5 4 9 2 4 9 5 7 8 6 d 
Time taken: 7200.00s
