Evaluando ./Instances\DEGREE\D9NoRPP
Solucion inicial: ./Instances\DEGREE\D9NoRPP-salida.txt

Beneficio: -106
d 7 5 6 4 3 6 9 2 22 24 19 21 25 31 36 30 13 12 32 35 
Beneficio: -103
d 7 5 6 4 3 6 9 2 27 22 24 19 25 21 31 36 30 13 12 18 
Beneficio: -39
d 7 5 6 4 3 6 9 2 22 24 19 36 30 35 13 12 18 15 14 16 17 10 11 
Beneficio: -31
d 7 5 6 4 3 9 2 27 22 26 23 24 26 20 25 31 36 30 34 35 13 
Beneficio: -26
d 7 5 6 4 3 9 2 22 24 23 26 20 21 19 36 34 30 13 12 18 15 
Beneficio: -2
d 7 5 6 4 3 9 2 22 24 23 26 20 21 25 31 36 30 13 12 18 15 14 16 17 10 14 16 
Beneficio: 92
d 7 5 6 4 3 8 11 16 17 10 11 14 15 18 12 13 30 35 34 36 31 21 25 19 24 23 26 20 21 
Beneficio: 94
d 7 5 6 4 3 8 11 16 17 10 11 14 15 18 12 13 30 35 34 36 19 21 20 26 23 24 19 21 25 
Beneficio: 47
d 7 5 6 4 3 8 11 16 17 10 11 14 15 18 12 32 35 34 30 36 31 25 21 19 24 23 26 
Beneficio: 114
d 7 5 6 4 3 8 11 16 17 10 11 14 15 18 12 34 35 13 30 36 31 25 19 24 23 26 20 
Beneficio: 63
d 7 5 6 4 3 8 11 16 17 10 11 14 15 18 15 32 12 13 35 34 30 36 19 24 23 20 
Beneficio: 73
d 7 5 6 4 3 8 11 16 17 10 11 14 15 18 12 32 13 35 34 36 31 21 20 26 23 24 19 
Beneficio: 65
d 7 5 6 4 3 8 11 16 17 10 11 14 15 32 35 34 12 13 30 36 19 24 26 20 25 31 21 
Beneficio: 56
d 7 5 6 4 3 8 11 16 17 10 11 14 15 32 12 13 35 34 30 36 19 25 21 20 26 
Beneficio: 119
d 7 5 6 4 3 8 11 16 17 10 11 10 14 15 18 12 13 35 30 36 19 24 23 26 20 21 31 25 
Beneficio: 44
d 7 5 6 4 3 8 11 16 17 10 11 10 14 15 18 12 32 13 35 30 34 36 19 24 22 26 23 
Beneficio: 40
d 7 5 6 4 3 8 11 16 17 10 11 10 14 15 18 15 32 35 13 12 34 36 31 
Beneficio: 90
d 7 5 6 4 3 8 11 16 17 10 11 10 14 15 32 12 13 30 35 34 36 19 25 21 20 26 24 23 
Beneficio: 62
d 7 5 6 4 3 8 11 16 17 10 11 10 14 15 18 12 13 30 36 19 24 23 20 25 31 
Beneficio: 87
d 7 5 6 4 3 8 11 16 17 10 14 15 18 12 13 30 34 36 19 21 20 26 22 24 23 20 25 
Beneficio: 9
d 7 5 6 4 3 8 11 16 17 10 14 15 18 12 13 35 30 36 31 25 20 21 19 24 22 27 
Beneficio: 15
d 7 5 6 4 3 8 11 16 17 10 14 15 18 12 13 32 35 30 36 19 24 26 23 
Beneficio: 85
d 7 5 6 4 3 8 11 16 17 10 14 15 18 12 13 30 34 36 31 21 19 24 26 20 21 
Beneficio: 38
d 7 5 6 4 3 8 11 16 17 10 14 15 18 12 13 35 30 36 31 25 19 24 
Beneficio: 100
d 7 5 6 4 3 8 11 16 17 10 14 15 18 12 13 32 35 30 36 31 25 20 26 22 24 23 
Beneficio: 61
d 7 5 6 4 3 8 11 16 17 10 14 15 18 12 32 35 13 30 36 31 25 21 20 23 24 
Beneficio: 70
d 7 5 6 4 3 8 11 16 17 10 14 15 18 12 32 13 30 36 19 24 22 26 20 21 31 25 
Beneficio: 72
d 7 5 6 4 3 8 11 16 17 10 14 15 18 12 34 35 32 13 30 36 31 21 25 20 26 24 23 
Beneficio: 80
d 7 5 6 4 3 8 11 16 17 10 14 15 18 12 32 35 13 30 36 31 21 19 24 23 26 20 25 19 
Beneficio: 5
d 7 5 6 4 3 8 11 16 17 10 14 15 18 12 34 35 32 13 30 36 31 21 25 19 24 26 
Beneficio: 80
d 7 5 6 4 3 8 11 16 17 10 14 15 18 15 32 35 34 30 36 19 24 26 23 24 22 26 20 21 31 
Beneficio: 81
d 7 5 6 4 3 8 11 16 17 10 14 15 18 15 32 35 34 36 19 21 20 26 24 23 
Beneficio: 60
d 7 5 6 4 3 8 11 16 17 10 14 15 18 12 13 30 35 34 36 31 25 20 26 23 24 22 26 
Beneficio: 90
d 7 5 6 4 3 8 11 16 17 10 14 15 18 12 13 30 36 31 21 25 20 26 23 24 26 
Beneficio: -1
d 7 5 6 4 3 8 11 16 17 10 14 15 18 12 13 35 34 30 36 19 24 23 20 25 
Beneficio: 79
d 7 5 6 4 3 8 11 16 17 10 14 15 18 12 34 35 30 36 19 24 23 26 20 25 21 19 
Beneficio: 45
d 7 5 6 4 3 8 11 16 17 10 14 15 32 12 13 30 35 34 36 19 25 31 21 20 26 
Beneficio: 27
d 7 5 6 4 3 8 11 16 17 10 14 15 32 12 13 35 30 36 19 24 26 20 21 25 31 
Beneficio: 62
d 7 5 6 4 3 8 11 16 17 10 14 15 32 35 30 36 31 25 21 20 26 23 24 22 
Beneficio: 66
d 7 5 6 4 3 8 11 16 17 10 14 15 32 13 12 34 30 36 19 24 23 26 20 25 19 
Beneficio: -9
d 7 5 6 4 3 8 11 16 17 10 14 15 32 13 30 35 34 36 31 21 25 19 24 22 
Beneficio: -19
d 7 5 6 4 3 8 11 16 17 10 14 15 32 12 13 30 35 34 36 19 25 20 23 
Beneficio: 6
d 7 5 6 4 3 8 11 16 17 10 14 15 32 35 13 12 34 30 36 19 24 22 
Beneficio: -2
d 7 5 6 4 3 8 11 16 17 10 11 14 15 18 12 34 30 36 19 24 22 26 23 
Beneficio: -10
d 7 5 6 4 3 8 11 16 17 10 14 15 18 12 13 35 34 36 31 25 21 20 
Beneficio: 69
d 7 5 6 4 3 8 11 16 17 10 14 15 18 15 32 35 34 30 36 19 24 23 26 20 25 21 
Beneficio: 18
d 7 5 6 4 3 8 11 16 17 10 14 15 32 12 13 30 36 19 24 26 20 25 21 
Beneficio: 29
d 7 5 6 4 3 8 11 16 17 10 11 14 15 18 12 13 35 30 36 31 25 20 21 19 24 
Beneficio: 96
d 7 5 6 4 3 8 11 16 17 10 11 14 15 18 12 13 35 34 30 36 19 24 23 20 26 22 
Beneficio: 10
d 7 5 6 4 3 8 11 16 17 10 11 14 15 32 35 34 36 19 25 21 
Beneficio: 119
d 7 5 6 4 3 8 11 16 17 10 11 10 14 15 18 12 34 30 36 31 25 20 26 23 24 19 25 
Beneficio: 36
d 7 5 6 4 3 8 11 16 17 10 11 10 14 15 18 12 13 30 36 34 35 32 
Beneficio: 34
d 7 5 6 4 3 8 11 16 17 10 14 15 18 12 13 35 30 36 31 21 25 
Beneficio: 106
d 7 5 6 4 3 8 11 16 17 10 14 15 18 12 13 30 35 34 36 19 24 23 26 20 
Beneficio: 54
d 7 5 6 4 3 8 11 16 17 10 14 15 18 12 13 32 35 34 36 31 25 21 20 26 24 22 
Beneficio: 53
d 7 5 6 4 3 8 11 16 17 10 14 15 18 12 32 13 35 34 36 19 24 26 20 25 31 
Beneficio: 54
d 7 5 6 4 3 8 11 16 17 10 14 15 18 12 32 13 30 34 36 19 21 25 20 26 22 
Beneficio: 61
d 7 5 6 4 3 8 11 16 17 10 14 15 18 15 32 13 35 30 36 19 24 22 26 20 25 31 
Beneficio: 80
d 7 5 6 4 3 8 11 16 17 10 14 15 18 12 13 30 36 31 21 25 19 24 23 26 20 21 
Beneficio: 61
d 7 5 6 4 3 8 11 16 17 10 14 15 18 12 34 35 30 36 31 25 20 26 23 24 19 21 
Beneficio: 58
d 7 5 6 4 3 8 11 16 17 10 14 15 32 12 34 35 13 30 36 31 21 25 20 26 24 23 26 22 
Beneficio: 63
d 7 5 6 4 3 8 11 16 17 10 14 15 32 13 12 34 35 30 36 19 25 20 26 23 24 19 
Beneficio: 36
d 7 5 6 4 3 8 11 16 17 10 14 15 32 35 30 36 31 21 25 20 26 24 22 
Beneficio: 76
d 7 5 6 4 3 8 11 16 17 10 14 15 18 12 34 30 36 19 24 26 23 24 22 26 20 25 
Beneficio: 55
d 7 5 6 4 3 8 11 16 17 7 8 11 10 14 15 18 12 34 36 31 25 21 
Beneficio: 120
d 7 5 6 4 3 8 11 16 17 8 11 10 14 15 18 12 34 30 36 19 21 20 26 23 24 19 21 25 31 
Beneficio: 96
d 7 5 6 4 3 8 11 16 17 8 11 10 14 15 18 12 13 30 35 34 36 19 24 23 26 20 25 
Beneficio: 103
d 7 5 6 4 3 8 11 16 14 10 11 14 15 18 12 13 35 30 36 31 21 20 26 23 20 25 
Beneficio: 118
d 7 5 6 4 3 8 11 16 14 10 11 14 15 18 12 13 30 34 36 19 21 31 25 20 26 22 24 23 
Beneficio: 121
d 7 5 6 4 3 8 11 16 14 10 11 14 15 18 12 13 35 34 30 36 31 21 25 20 26 22 24 23 
Beneficio: 100
d 7 5 6 4 3 8 11 16 14 10 11 14 15 18 12 32 35 13 30 36 31 25 20 26 22 
Beneficio: 101
d 7 5 6 4 3 8 11 16 14 10 11 14 15 18 12 32 35 34 30 36 31 21 20 26 24 22 
Beneficio: 91
d 7 5 6 4 3 8 11 16 14 10 11 14 15 18 12 13 35 34 36 19 21 20 26 24 22 
Beneficio: 21
d 7 5 6 4 3 8 11 16 14 10 11 14 15 18 12 13 32 35 30 34 36 19 24 26 22 
Beneficio: 90
d 7 5 6 4 3 8 11 16 14 10 11 14 15 32 12 13 35 30 34 36 31 21 19 24 23 26 20 21 
Beneficio: 91
d 7 5 6 4 3 8 11 16 14 10 11 14 15 32 35 30 34 36 19 21 20 26 22 24 23 
Beneficio: 83
d 7 5 6 4 3 8 11 16 14 10 11 14 15 32 12 13 35 34 30 36 19 25 21 20 26 24 
Beneficio: 110
d 7 5 6 4 3 8 11 16 14 10 11 10 17 16 14 15 18 12 32 35 13 30 34 36 31 25 20 26 24 23 
Beneficio: 97
d 7 5 6 4 3 8 11 16 14 10 11 10 16 14 15 18 12 13 30 34 36 31 25 21 20 26 22 
Beneficio: 121
d 7 5 6 4 3 8 11 16 14 10 11 10 17 16 14 15 18 12 13 30 36 19 24 23 20 26 22 24 
Beneficio: 78
d 7 5 6 4 3 8 11 16 14 10 11 8 17 16 14 15 32 12 34 35 13 30 36 19 24 22 26 20 25 
Beneficio: 108
d 7 5 6 4 3 8 11 16 14 10 11 14 15 18 12 34 35 30 36 31 25 21 20 26 23 24 22 
Beneficio: 61
d 7 5 6 4 3 8 11 16 14 10 17 16 14 15 18 12 13 32 35 34 30 36 31 25 21 20 23 26 20 
Beneficio: 83
d 7 5 6 4 3 8 11 16 14 10 17 16 14 15 18 12 13 35 30 36 19 25 20 26 23 24 19 21 31 25 
Beneficio: 57
d 7 5 6 4 3 8 11 16 14 10 17 16 14 15 18 12 32 13 30 36 31 25 20 26 24 19 
Beneficio: 60
d 7 5 6 4 3 8 11 16 14 10 17 16 14 15 18 12 32 35 13 30 34 36 31 21 20 26 
Beneficio: 32
d 7 5 6 4 3 8 11 16 14 10 17 16 14 15 18 15 32 12 13 30 36 19 25 21 20 
Beneficio: 54
d 7 5 6 4 3 8 11 16 14 10 17 16 14 15 18 12 13 35 30 36 19 21 25 20 26 22 24 
Beneficio: 33
d 7 5 6 4 3 8 11 16 14 10 17 16 14 15 32 12 13 35 34 36 31 25 20 26 23 20 
Beneficio: 41
d 7 5 6 4 3 8 11 16 14 10 17 16 14 15 32 13 12 34 35 30 36 19 24 22 26 20 25 31 21 
Beneficio: 71
d 7 5 6 4 3 8 11 16 14 15 18 12 13 30 36 31 25 19 21 20 26 24 23 
Beneficio: 57
d 7 5 6 4 3 8 11 16 14 15 18 12 13 35 34 36 31 25 19 24 22 26 20 21 
Beneficio: 47
d 7 5 6 4 3 8 11 16 14 15 18 12 13 32 35 34 36 31 21 25 20 26 23 24 19 21 
Beneficio: 56
d 7 5 6 4 3 8 11 16 14 15 18 12 13 32 35 30 36 31 21 25 20 26 22 24 
Beneficio: -21
d 7 5 6 4 3 8 11 16 14 15 18 12 13 30 34 36 19 25 21 20 26 22 
Beneficio: 57
d 7 5 6 4 3 8 11 16 14 15 18 12 13 35 30 34 36 19 21 25 20 26 24 23 
Beneficio: 25
d 7 5 6 4 3 8 11 16 14 15 18 12 13 32 35 34 36 31 21 25 19 24 22 26 20 
Beneficio: 61
d 7 5 6 4 3 8 11 16 14 15 18 12 13 35 30 36 19 25 20 26 24 23 
Beneficio: 18
d 7 5 6 4 3 8 11 16 14 15 18 12 32 35 30 36 31 21 19 24 23 20 
Beneficio: -16
d 7 5 6 4 3 8 11 16 14 15 18 12 32 13 30 35 34 36 31 21 19 
Beneficio: 65
d 7 5 6 4 3 8 11 16 14 15 18 12 32 35 34 36 19 25 20 26 24 23 
Beneficio: 61
d 7 5 6 4 3 8 11 16 14 15 18 12 34 35 13 30 36 19 25 31 21 20 26 23 24 
Beneficio: 55
d 7 5 6 4 3 8 11 16 14 15 18 12 32 13 35 34 36 31 25 21 20 26 24 23 26 22 
Beneficio: 71
d 7 5 6 4 3 8 11 16 14 15 18 12 34 30 36 19 25 21 20 23 24 22 26 20 25 
Beneficio: 67
d 7 5 6 4 3 8 11 16 14 15 18 15 32 12 34 35 13 30 36 19 21 25 20 26 23 24 22 
Beneficio: 30
d 7 5 6 4 3 8 11 16 14 15 18 15 32 13 35 34 36 19 21 25 20 26 24 22 
Beneficio: 5
d 7 5 6 4 3 8 11 16 14 15 18 15 32 12 34 30 36 19 24 22 26 23 24 
Beneficio: 17
d 7 5 6 4 3 8 11 16 14 15 18 12 13 30 35 34 36 19 25 31 21 20 26 
Beneficio: 27
d 7 5 6 4 3 8 11 16 14 15 18 12 13 32 35 34 30 36 31 25 21 20 26 24 22 
Beneficio: 36
d 7 5 6 4 3 8 11 16 14 15 18 12 13 35 30 36 31 25 20 26 23 24 19 21 25 20 
Beneficio: 19
d 7 5 6 4 3 8 11 16 14 15 18 12 32 35 13 30 34 36 19 24 26 20 21 25 31 
Beneficio: 14
d 7 5 6 4 3 8 11 16 14 15 18 12 34 35 32 13 30 36 31 25 21 19 24 26 20 
Beneficio: 23
d 7 5 6 4 3 8 11 16 14 15 18 12 34 35 30 36 31 25 21 20 26 22 24 
Beneficio: 43
d 7 5 6 4 3 8 11 16 14 15 32 12 13 30 36 31 25 20 26 23 24 19 36 34 
Beneficio: 35
d 7 5 6 4 3 8 11 16 14 15 32 12 34 35 30 36 31 21 25 20 26 24 22 
Beneficio: 29
d 7 5 6 4 3 8 11 16 14 15 32 35 30 13 12 34 36 19 21 25 20 26 23 24 22 
Beneficio: 39
d 7 5 6 4 3 8 11 16 14 15 32 13 12 34 35 30 36 19 25 20 26 23 24 19 21 20 
Beneficio: 20
d 7 5 6 4 3 8 11 16 14 15 32 13 30 36 31 21 19 24 22 26 20 
Beneficio: 35
d 7 5 6 4 3 8 11 16 14 15 32 35 34 12 13 30 36 19 21 25 20 23 24 22 26 20 
Beneficio: 76
d 7 5 6 4 3 8 11 16 14 15 32 12 13 35 30 36 19 21 20 26 24 23 
Beneficio: 24
d 7 5 6 4 3 8 11 16 14 15 32 12 13 35 30 36 19 24 22 26 20 21 25 31 
Beneficio: 127
d 7 5 6 4 3 8 11 16 14 11 10 14 15 18 12 13 35 34 30 36 19 24 23 26 20 21 19 24 22 
Beneficio: 116
d 7 5 6 4 3 8 11 16 14 11 10 14 15 18 12 13 30 36 19 24 26 20 23 24 19 25 21 31 
Beneficio: 117
d 7 5 6 4 3 8 11 16 14 11 10 14 15 18 12 13 32 35 34 30 36 31 25 21 20 26 24 23 26 22 
Beneficio: 120
d 7 5 6 4 3 8 11 16 14 11 10 14 15 18 12 32 13 30 36 31 21 20 23 24 26 20 25 
Beneficio: 87
d 7 5 6 4 3 8 11 16 14 11 10 14 15 18 12 32 35 13 30 36 31 25 21 20 26 24 19 
Beneficio: 86
d 7 5 6 4 3 8 11 16 14 11 10 14 15 18 15 32 13 35 30 34 36 19 24 22 26 20 25 
Beneficio: 93
d 7 5 6 4 3 8 11 16 14 11 10 14 15 18 12 13 30 35 34 36 19 24 23 26 20 25 19 
Beneficio: 54
d 7 5 6 4 3 8 11 16 14 11 10 14 15 18 12 34 35 13 30 36 31 25 20 23 24 19 
Beneficio: 72
d 7 5 6 4 3 8 11 16 14 11 10 14 15 32 35 30 36 19 24 23 20 25 21 31 
Beneficio: 82
d 7 5 6 4 3 8 11 16 14 11 10 14 15 32 35 34 12 13 30 36 19 24 22 26 20 21 25 31 
Beneficio: 74
d 7 5 6 4 3 8 11 16 14 11 10 17 16 14 15 18 12 13 35 34 30 36 31 21 19 24 26 20 21 
Beneficio: 91
d 7 5 6 4 3 8 11 16 14 11 10 17 16 14 15 18 12 32 35 13 30 36 31 25 20 26 24 
Beneficio: 91
d 7 5 6 4 3 8 11 16 14 11 10 17 16 14 15 32 35 34 30 36 19 21 20 26 23 24 22 26 
Beneficio: 119
d 7 5 6 4 3 8 11 16 14 10 11 14 15 18 12 13 30 36 31 25 21 20 26 24 
Beneficio: 122
d 7 5 6 4 3 8 11 16 14 10 11 14 15 18 12 13 32 35 30 36 31 25 21 20 26 22 24 23 20 
Beneficio: 108
d 7 5 6 4 3 8 11 16 14 10 11 14 15 18 12 13 32 35 30 34 36 31 25 20 26 23 24 22 26 
Beneficio: 76
d 7 5 6 4 3 8 11 16 14 10 11 14 15 18 12 32 13 35 30 36 19 21 20 23 24 22 26 
Beneficio: 86
d 7 5 6 4 3 8 11 16 14 10 11 14 15 18 12 32 35 30 34 36 19 21 25 20 26 24 
Beneficio: 95
d 7 5 6 4 3 8 11 16 14 10 11 14 15 18 12 13 30 35 34 36 19 24 23 26 20 21 25 31 
Beneficio: 53
d 7 5 6 4 3 8 11 16 14 10 11 14 15 18 12 32 13 35 30 36 31 25 21 20 23 24 
Beneficio: 109
d 7 5 6 4 3 8 11 16 14 10 11 14 15 32 12 34 35 30 36 19 24 23 26 20 25 31 21 
Beneficio: 80
d 7 5 6 4 3 8 11 16 14 10 11 14 15 32 13 35 30 36 19 24 22 26 20 21 25 
Beneficio: 102
d 7 5 6 4 3 8 11 16 14 10 11 10 17 16 14 15 18 12 13 35 30 36 31 21 20 26 22 24 19 
Beneficio: 126
d 7 5 6 4 3 8 11 16 14 10 11 10 16 14 15 18 12 13 32 35 34 30 36 19 24 23 20 26 
Beneficio: 109
d 7 5 6 4 3 8 11 16 14 10 11 10 17 16 14 15 32 12 13 30 36 31 21 20 26 23 24 19 
Beneficio: 63
d 7 5 6 4 3 8 11 16 14 10 11 16 14 15 32 12 34 35 30 36 19 24 23 26 22 
Beneficio: 62
d 7 5 6 4 3 8 11 16 14 10 17 16 14 15 18 12 13 35 30 34 36 19 24 22 26 20 25 31 21 
Beneficio: 23
d 7 5 6 4 3 8 11 16 14 10 17 16 14 15 18 12 13 35 34 36 31 25 20 23 24 26 22 
Beneficio: 3
d 7 5 6 4 3 8 11 16 14 10 17 16 14 15 18 12 32 13 30 35 34 36 31 25 20 21 19 
Beneficio: 42
d 7 5 6 4 3 8 11 16 14 10 17 16 14 15 18 12 32 13 30 36 31 25 19 24 22 26 23 24 
Beneficio: 42
d 7 5 6 4 3 8 11 16 14 10 17 16 14 15 18 12 13 35 34 30 36 19 21 25 20 26 24 
Beneficio: 21
d 7 5 6 4 3 8 11 16 14 10 17 16 14 15 18 12 32 13 30 34 35 
Beneficio: -21
d 7 5 6 4 3 8 11 16 14 10 17 16 14 15 32 35 30 36 19 25 21 31 
Beneficio: 36
d 7 5 6 4 3 8 11 16 14 10 17 16 14 15 32 12 13 30 36 31 25 21 20 26 23 
Beneficio: 61
d 7 5 6 4 3 8 11 16 14 15 18 12 13 35 34 30 36 31 25 21 20 23 24 26 20 
Beneficio: 57
d 7 5 6 4 3 8 11 16 14 15 18 12 13 32 35 30 36 19 25 20 26 23 20 
Beneficio: 42
d 7 5 6 4 3 8 11 16 14 15 18 12 13 35 34 36 19 24 22 26 20 25 21 31 
Beneficio: 25
d 7 5 6 4 3 8 11 16 14 15 18 12 13 30 34 36 19 25 31 21 20 26 22 24 
Beneficio: 73
d 7 5 6 4 3 8 11 16 14 15 18 12 13 35 34 30 36 31 25 19 24 23 20 26 24 22 
Beneficio: 5
d 7 5 6 4 3 8 11 16 14 15 18 12 13 32 35 30 34 36 31 25 21 19 24 23 
Beneficio: -23
d 7 5 6 4 3 8 11 16 14 15 18 12 32 35 30 34 36 31 21 20 23 26 24 19 
Beneficio: 33
d 7 5 6 4 3 8 11 16 14 15 18 12 32 13 35 34 36 31 21 20 26 22 
Beneficio: 70
d 7 5 6 4 3 8 11 16 14 15 18 12 32 35 34 30 36 19 24 26 20 21 25 
Beneficio: 43
d 7 5 6 4 3 8 11 16 14 15 18 12 34 35 13 30 36 19 25 31 21 20 26 23 
Beneficio: 25
d 7 5 6 4 3 8 11 16 14 15 18 12 32 13 30 35 34 36 31 25 20 26 24 19 21 
Beneficio: 58
d 7 5 6 4 3 8 11 16 14 15 18 12 34 36 19 25 21 20 26 24 23 20 
Beneficio: 34
d 7 5 6 4 3 8 11 16 14 15 18 15 32 35 13 12 34 30 36 19 21 31 25 20 26 22 24 
Beneficio: 35
d 7 5 6 4 3 8 11 16 14 15 18 15 32 12 13 30 36 19 21 20 26 22 2 
Beneficio: 45
d 7 5 6 4 3 8 11 16 14 15 18 12 13 30 35 34 36 19 24 23 20 26 23 20 
Beneficio: 36
d 7 5 6 4 3 8 11 16 14 15 18 12 13 32 35 30 36 19 25 20 26 23 24 26 22 
Beneficio: 42
d 7 5 6 4 3 8 11 16 14 15 18 12 13 35 34 30 36 19 21 25 20 26 23 24 19 25 
Beneficio: -44
d 7 5 6 4 3 8 11 16 14 15 18 12 32 13 35 34 30 36 19 21 25 31 
Beneficio: 19
d 7 5 6 4 3 8 11 16 14 15 18 12 32 35 30 36 31 21 19 24 26 20 
Beneficio: 17
d 7 5 6 4 3 8 11 16 14 15 32 12 13 35 34 30 36 31 25 20 26 24 19 
Beneficio: 29
d 7 5 6 4 3 8 11 16 14 15 32 12 13 35 34 30 36 19 24 22 26 20 23 
Beneficio: -19
d 7 5 6 4 3 8 11 16 14 15 32 35 34 12 13 30 36 31 25 21 
Beneficio: 7
d 7 5 6 4 3 8 11 16 14 15 32 35 13 30 34 36 19 21 25 20 26 23 
Beneficio: 13
d 7 5 6 4 3 8 11 16 14 15 32 13 12 34 35 30 36 19 25 21 20 26 23 
Beneficio: 5
d 7 5 6 4 3 8 11 16 14 15 32 35 30 34 36 19 24 26 23 20 26 22 
Beneficio: -35
d 7 5 6 4 3 8 11 16 14 15 32 12 13 35 30 36 31 25 20 21 19 24 26 23 
Beneficio: 107
d 7 5 6 4 3 8 11 16 14 11 10 14 15 18 12 13 30 36 19 25 20 26 23 20 21 31 
Beneficio: 71
d 7 5 6 4 3 8 11 16 14 11 10 14 15 18 12 13 32 35 30 36 31 21 19 24 23 26 22 
Beneficio: 133
d 7 5 6 4 3 8 11 16 14 11 10 14 15 18 12 13 32 35 34 30 36 19 24 26 20 23 24 22 
Beneficio: 111
d 7 5 6 4 3 8 11 16 14 11 10 14 15 18 12 32 13 30 34 36 31 25 21 20 26 22 24 23 
Beneficio: 44
d 7 5 6 4 3 8 11 16 14 11 10 14 15 18 12 32 13 35 30 36 31 25 21 19 24 22 26 
Beneficio: 126
d 7 5 6 4 3 8 11 16 14 11 10 14 15 18 12 32 35 30 36 19 24 23 26 20 21 25 
Beneficio: 91
d 7 5 6 4 3 8 11 16 14 11 10 14 15 18 12 32 13 35 34 36 31 25 21 20 26 22 24 23 
Beneficio: 68
d 7 5 6 4 3 8 11 16 14 11 10 14 15 32 12 34 35 30 36 19 21 25 20 26 24 
Beneficio: 102
d 7 5 6 4 3 8 11 16 14 11 10 14 15 32 13 35 34 30 36 19 21 20 26 23 24 19 21 25 
Beneficio: 40
d 7 5 6 4 3 8 11 16 14 11 10 17 16 14 15 18 12 13 32 35 30 36 31 25 21 20 
Beneficio: 51
d 7 5 6 4 3 8 11 16 14 11 10 17 16 14 15 18 12 13 30 36 19 25 20 26 24 
Beneficio: 96
d 7 5 6 4 3 8 11 16 14 11 10 14 15 18 12 32 35 13 30 36 19 25 20 26 
Beneficio: 87
d 7 5 6 4 3 8 11 16 10 11 14 10 17 16 14 15 32 12 34 35 30 36 31 25 20 26 
Beneficio: 76
d 7 5 6 4 3 8 11 16 10 11 14 15 18 12 13 35 30 36 19 25 31 21 20 26 
Beneficio: 15
d 7 5 6 4 3 8 11 16 10 11 14 15 18 12 32 35 30 34 36 19 21 25 20 
Beneficio: 48
d 7 5 6 4 3 8 11 16 10 11 14 15 18 12 34 30 36 31 25 21 20 26 24 
Beneficio: 50
d 7 5 6 4 3 8 11 16 10 11 10 14 15 18 12 13 35 30 36 31 25 21 19 
Beneficio: 101
d 7 5 6 4 3 8 11 16 10 11 10 14 15 18 12 13 35 34 30 36 31 25 20 26 
Beneficio: 26
d 7 5 6 4 3 8 11 16 10 14 15 18 12 13 30 35 34 36 31 25 20 21 19 24 23 26 
Beneficio: 61
d 7 5 6 4 3 8 11 16 10 14 15 18 12 13 32 35 30 36 19 21 20 26 24 19 21 
Beneficio: 76
d 7 5 6 4 3 8 11 16 10 14 15 18 12 13 35 30 36 31 25 19 24 22 26 20 23 24 
Beneficio: 79
d 7 5 6 4 3 8 11 16 10 14 15 18 12 32 35 34 36 31 25 21 20 26 22 24 23 26 
Beneficio: 61
d 7 5 6 4 3 8 11 16 10 14 15 18 12 34 35 13 30 36 19 21 20 26 24 19 21 31 
Beneficio: 76
d 7 5 6 4 3 8 11 16 10 14 15 18 12 34 35 32 13 30 36 31 25 21 20 26 23 24 19 21 25 
Beneficio: 86
d 7 5 6 4 3 8 11 16 10 14 15 18 12 13 35 34 30 36 31 25 21 19 24 23 26 20 
Beneficio: 63
d 7 5 6 4 3 8 11 16 10 14 15 18 12 13 35 34 30 36 31 25 21 20 26 23 24 22 
Beneficio: -16
d 7 5 6 4 3 8 11 16 10 14 15 32 12 13 30 36 31 25 19 24 26 22 
Beneficio: -4
d 7 5 6 4 3 8 11 16 10 14 15 32 35 30 13 12 34 36 19 
Beneficio: 65
d 7 5 6 4 3 8 11 16 10 14 15 32 35 34 30 36 19 24 26 20 
Beneficio: 128
d 7 5 6 4 3 8 11 16 10 14 11 10 17 16 14 15 18 12 13 35 30 36 31 25 20 26 23 24 22 
Beneficio: 45
d 7 5 6 4 3 8 11 16 10 14 11 10 17 16 14 15 18 12 34 36 30 13 35 32 
Beneficio: 42
d 7 5 6 4 3 8 11 16 10 14 15 18 12 32 35 13 30 36 19 21 20 26 24 19 
Beneficio: 50
d 7 5 6 4 3 8 11 16 10 11 14 10 17 16 14 15 18 12 13 30 36 31 25 20 23 24 22 26 
Beneficio: 27
d 7 5 6 4 3 8 11 16 10 11 14 15 18 12 13 35 34 30 36 31 25 21 20 23 
Beneficio: 56
d 7 5 6 4 3 8 11 16 10 11 14 15 18 12 32 13 35 30 36 31 25 19 24 23 26 
Beneficio: 10
d 7 5 6 4 3 8 11 16 10 11 14 15 18 12 32 35 34 30 36 19 25 21 31 
Beneficio: 86
d 7 5 6 4 3 8 11 16 10 11 10 14 15 18 12 13 30 35 34 36 31 25 21 20 26 24 19 
Beneficio: 97
d 7 5 6 4 3 8 11 16 10 11 10 14 15 18 15 32 35 34 12 13 30 36 19 24 22 26 20 21 
Beneficio: 48
d 7 5 6 4 3 8 11 16 10 14 15 18 12 13 30 36 19 21 25 20 23 24 26 22 
Beneficio: 83
d 7 5 6 4 3 8 11 16 10 14 15 18 12 13 32 35 30 36 31 25 20 26 23 24 19 36 
Beneficio: 78
d 7 5 6 4 3 8 11 16 10 14 15 18 12 13 35 34 30 36 19 25 20 26 22 
Beneficio: 20
d 7 5 6 4 3 8 11 16 10 14 15 18 12 13 30 35 34 36 31 25 21 19 24 23 26 22 
Beneficio: 88
d 7 5 6 4 3 8 11 16 10 14 15 18 12 32 35 34 30 36 19 25 21 20 26 24 23 
Beneficio: 6
d 7 5 6 4 3 8 11 16 10 14 15 18 12 32 35 13 30 36 31 21 25 19 24 26 
Beneficio: 55
d 7 5 6 4 3 8 11 16 10 14 15 18 15 32 12 13 35 30 36 19 24 22 26 20 21 
Beneficio: 68
d 7 5 6 4 3 8 11 16 10 14 15 18 12 13 35 30 36 19 24 22 26 20 25 31 21 
Beneficio: 65
d 7 5 6 4 3 8 11 16 10 14 15 18 12 34 30 36 31 25 20 26 23 24 19 21 25 
Beneficio: 45
d 7 5 6 4 3 8 11 16 10 14 15 32 35 34 36 19 24 26 20 21 31 25 
Beneficio: 75
d 7 5 6 4 3 8 11 16 10 14 15 32 13 35 34 30 36 19 21 25 20 26 24 23 26 
Beneficio: 81
d 7 5 6 4 3 8 11 16 10 14 11 10 17 16 14 15 18 12 13 32 35 34 30 36 19 24 23 26 22 
Beneficio: 106
d 7 5 6 4 3 8 11 16 10 14 11 10 17 16 14 15 18 15 32 12 13 35 30 36 31 25 21 20 26 
Beneficio: -7
d 7 5 6 4 3 8 11 16 10 14 15 18 12 13 32 35 30 34 36 19 24 
Beneficio: 40
d 7 5 6 4 3 8 11 16 17 10 11 10 14 15 18 12 13 35 34 36 19 25 31 
Beneficio: 70
d 7 5 6 4 3 8 11 16 17 10 14 15 18 12 34 30 36 31 21 25 20 26 23 24 19 
Beneficio: -15
d 7 5 6 4 3 8 11 16 17 10 14 15 32 13 30 36 19 24 22 26 23 24 26 
Beneficio: 130
d 7 5 6 4 3 8 11 16 11 10 14 15 18 12 13 35 30 36 19 24 23 26 20 25 19 21 
Beneficio: 73
d 7 5 6 4 3 8 11 16 11 10 14 15 18 15 32 12 13 30 36 19 24 23 
Beneficio: 75
d 7 5 6 4 3 8 11 16 11 10 14 15 32 12 13 30 36 19 21 25 20 26 23 24 
Beneficio: 119
d 7 5 6 4 3 8 11 10 14 16 11 14 15 18 12 13 30 35 34 36 19 24 26 20 23 24 22 26 
Beneficio: 114
d 7 5 6 4 3 8 11 10 14 16 11 14 15 18 12 13 32 35 30 36 19 24 23 20 26 24 22 
Beneficio: 121
d 7 5 6 4 3 8 11 10 14 16 11 14 15 18 12 13 35 34 30 36 31 21 25 20 26 22 24 23 26 24 
Beneficio: 54
d 7 5 6 4 3 8 11 10 14 16 11 14 15 18 12 32 13 30 35 34 36 19 25 21 20 
Beneficio: 103
d 7 5 6 4 3 8 11 10 14 16 11 14 15 18 12 34 35 32 13 30 36 19 24 22 26 20 21 25 
Beneficio: 121
d 7 5 6 4 3 8 11 10 14 16 11 14 15 18 15 32 35 34 12 13 30 36 31 25 21 20 26 
Beneficio: 39
d 7 5 6 4 3 8 11 10 14 16 11 14 15 18 12 13 32 35 30 34 36 19 24 
Beneficio: 95
d 7 5 6 4 3 8 11 10 14 16 11 14 15 18 12 34 30 36 19 21 25 20 26 23 24 19 
Beneficio: 58
d 7 5 6 4 3 8 11 10 14 16 11 14 15 32 12 34 35 13 30 36 31 25 21 
Beneficio: 102
d 7 5 6 4 3 8 11 10 14 16 11 14 15 32 13 12 34 30 36 31 21 25 20 26 23 24 22 
Beneficio: 115
d 7 5 6 4 3 8 11 10 14 16 11 10 17 16 14 15 18 12 13 30 34 36 19 24 23 20 26 24 
Beneficio: 75
d 7 5 6 4 3 8 11 10 14 16 11 10 17 16 14 15 18 12 34 35 30 36 19 24 26 20 21 31 25 
Beneficio: 39
d 7 5 6 4 3 8 11 10 14 16 11 10 16 14 15 18 12 13 35 30 34 36 19 25 20 
Beneficio: 66
d 7 5 6 4 3 8 11 10 14 16 11 10 14 15 18 12 13 32 35 34 30 36 19 25 
Beneficio: 98
d 7 5 6 4 3 8 11 10 14 16 11 16 14 15 18 12 32 13 30 36 31 25 21 19 24 26 20 
Beneficio: 123
d 7 5 6 4 3 8 11 10 14 16 17 10 11 16 14 15 18 12 13 35 30 34 36 19 21 20 26 22 24 23 26 
Beneficio: 19
d 7 5 6 4 3 8 11 10 14 16 17 10 11 16 14 15 32 12 13 30 34 36 31 
Beneficio: 151
d 7 5 6 4 3 8 11 10 14 16 11 14 15 18 12 13 35 30 36 31 25 21 20 26 22 24 23 
Beneficio: 109
d 7 5 6 4 3 8 11 10 14 16 11 14 15 18 12 13 30 34 36 31 21 20 26 
Beneficio: 121
d 7 5 6 4 3 8 11 10 14 16 11 14 15 18 12 32 35 34 30 36 31 25 21 20 26 24 23 26 22 
Beneficio: 138
d 7 5 6 4 3 8 11 10 14 16 11 14 15 18 12 34 30 36 19 21 25 20 26 22 
Beneficio: 123
d 7 5 6 4 3 8 11 10 14 16 11 14 15 18 15 32 12 34 30 36 19 21 25 20 26 22 24 23 
Beneficio: 92
d 7 5 6 4 3 8 11 10 14 16 11 14 15 18 12 13 30 35 34 36 31 25 21 20 26 23 24 19 
Beneficio: 24
d 7 5 6 4 3 8 11 10 14 16 11 14 15 32 12 13 30 36 31 25 20 21 19 24 
Beneficio: 107
d 7 5 6 4 3 8 11 10 14 16 11 14 15 32 35 30 34 36 19 24 23 26 20 25 21 
Beneficio: 49
d 7 5 6 4 3 8 11 10 14 16 11 14 15 32 12 13 35 34 30 36 19 24 23 20 25 21 
Beneficio: 20
d 7 5 6 4 3 8 11 10 14 16 11 10 17 16 14 15 18 12 13 30 34 36 31 25 20 21 
Beneficio: 71
d 7 5 6 4 3 8 11 10 14 16 11 10 16 14 15 18 12 32 35 34 30 36 19 24 23 26 22 
Beneficio: 22
d 7 5 6 4 3 8 11 10 14 16 11 10 14 15 32 35 30 13 12 34 36 31 
Beneficio: 58
d 7 5 6 4 3 8 11 10 14 16 11 14 15 18 12 13 35 34 30 36 19 25 31 21 
Beneficio: 47
d 7 5 6 4 3 8 11 10 14 16 17 10 11 16 14 15 18 15 32 12 34 35 30 36 19 21 25 31 
Beneficio: 35
d 7 5 6 4 3 8 11 10 14 15 18 12 13 30 35 34 36 31 21 19 24 23 20 26 24 
Beneficio: -12
d 7 5 6 4 3 8 11 10 14 15 18 12 13 35 34 30 36 31 25 20 23 24 22 26 
Beneficio: 39
d 7 5 6 4 3 8 11 10 14 15 18 12 13 35 34 30 36 19 25 21 20 26 24 23 26 22 27 
Beneficio: 70
d 7 5 6 4 3 8 11 10 14 15 18 12 13 32 35 30 36 19 24 23 26 20 21 19 25 
Beneficio: 32
d 7 5 6 4 3 8 11 10 14 15 18 12 13 32 35 30 36 19 24 22 26 20 25 
Beneficio: -23
d 7 5 6 4 3 8 11 10 14 15 18 12 13 30 35 34 36 19 21 25 20 23 26 22 
Beneficio: 37
d 7 5 6 4 3 8 11 10 14 15 18 12 13 35 34 30 36 31 25 21 19 24 26 20 
Beneficio: -16
d 7 5 6 4 3 8 11 10 14 15 18 12 13 35 30 34 36 31 25 20 21 19 24 23 26 22 
Beneficio: 48
d 7 5 6 4 3 8 11 10 14 15 18 12 13 32 35 34 30 36 19 24 23 20 26 20 
Beneficio: 37
d 7 5 6 4 3 8 11 10 14 15 18 12 13 32 35 30 36 19 24 26 23 20 26 
Beneficio: 47
d 7 5 6 4 3 8 11 10 14 15 18 12 32 35 34 30 36 19 25 20 26 22 24 
Beneficio: 35
d 7 5 6 4 3 8 11 10 14 15 18 12 32 35 34 30 36 19 21 25 20 26 24 23 20 
Beneficio: 39
d 7 5 6 4 3 8 11 10 14 15 18 12 32 13 35 34 30 36 19 25 21 20 26 22 
Beneficio: 43
d 7 5 6 4 3 8 11 10 14 15 18 12 32 35 34 30 36 19 21 25 20 26 23 24 26 22 27 
Beneficio: -2
d 7 5 6 4 3 8 11 10 14 15 18 12 34 35 13 30 36 19 24 26 23 20 21 
Beneficio: 68
d 7 5 6 4 3 8 11 10 14 15 18 12 34 35 30 36 31 25 21 20 26 22 24 23 26 
Beneficio: 33
d 7 5 6 4 3 8 11 10 14 15 18 12 32 35 13 30 34 36 31 25 20 26 22 24 23 
Beneficio: 30
d 7 5 6 4 3 8 11 10 14 15 18 12 32 13 35 30 34 36 19 24 23 26 20 21 31 25 
Beneficio: 43
d 7 5 6 4 3 8 11 10 14 15 18 12 34 30 36 19 25 20 26 23 24 22 27 
Beneficio: 59
d 7 5 6 4 3 8 11 10 14 15 18 15 32 12 13 30 36 31 25 20 21 19 24 23 26 20 
Beneficio: 56
d 7 5 6 4 3 8 11 10 14 15 18 15 32 35 30 36 19 24 22 26 20 23 24 26 
Beneficio: 37
d 7 5 6 4 3 8 11 10 14 15 18 15 32 13 35 34 30 36 19 24 22 26 23 24 26 20 21 
Beneficio: 38
d 7 5 6 4 3 8 11 10 14 15 18 15 32 35 34 30 36 19 25 20 26 24 
Beneficio: 10
d 7 5 6 4 3 8 11 10 14 15 18 12 13 30 35 34 36 31 25 21 19 24 22 26 20 
Beneficio: -30
d 7 5 6 4 3 8 11 10 14 15 18 12 13 30 36 31 25 21 19 24 22 26 23 
Beneficio: 36
d 7 5 6 4 3 8 11 10 14 15 18 12 13 35 30 36 19 21 25 20 26 23 24 22 26 
Beneficio: 1
d 7 5 6 4 3 8 11 10 14 15 18 12 13 35 34 30 36 19 25 21 20 26 22 24 
Beneficio: -13
d 7 5 6 4 3 8 11 10 14 15 18 12 13 35 30 34 36 19 21 31 25 20 26 24 22 
Beneficio: 8
d 7 5 6 4 3 8 11 10 14 15 18 12 13 32 35 30 36 31 25 21 20 26 22 24 19 
Beneficio: 5
d 7 5 6 4 3 8 11 10 14 15 18 12 32 13 35 34 30 36 31 25 20 26 24 19 21 
Beneficio: -2
d 7 5 6 4 3 8 11 10 14 15 18 12 34 35 13 30 36 19 24 26 20 25 21 31 
Beneficio: -29
d 7 5 6 4 3 8 11 10 14 15 18 12 32 13 35 30 34 36 19 24 23 20 21 
Beneficio: 30
d 7 5 6 4 3 8 11 10 14 15 32 12 13 30 36 19 25 20 26 23 24 22 27 2 
Beneficio: -24
d 7 5 6 4 3 8 11 10 14 15 32 12 13 35 34 30 36 19 24 23 26 22 27 
Beneficio: 6
d 7 5 6 4 3 8 11 10 14 15 32 12 13 35 30 36 19 25 31 21 20 26 22 
Beneficio: 3
d 7 5 6 4 3 8 11 10 14 15 32 12 34 35 13 30 36 31 25 21 19 24 22 26 20 23 
Beneficio: 31
d 7 5 6 4 3 8 11 10 14 15 32 35 30 13 12 34 36 19 25 21 20 26 24 23 
Beneficio: 24
d 7 5 6 4 3 8 11 10 14 15 32 35 30 36 19 25 20 26 22 
Beneficio: 6
d 7 5 6 4 3 8 11 10 14 15 32 13 12 34 35 30 36 19 21 20 26 24 19 21 
Beneficio: 24
d 7 5 6 4 3 8 11 10 14 15 32 13 12 34 35 30 36 19 21 25 20 26 24 23 
Beneficio: 8
d 7 5 6 4 3 8 11 10 14 15 32 13 35 30 36 31 25 19 24 23 
Beneficio: 19
d 7 5 6 4 3 8 11 10 14 15 32 35 13 12 34 30 36 31 25 19 24 23 26 20 
Beneficio: 9
d 7 5 6 4 3 8 11 10 14 15 32 12 13 35 30 36 31 21 25 20 26 23 24 22 26 
Beneficio: 7
d 7 5 6 4 3 8 11 10 14 15 32 12 34 35 30 36 19 24 22 26 20 21 25 
Beneficio: -1
d 7 5 6 4 3 8 11 10 14 15 32 13 35 30 36 19 21 25 20 26 23 
Beneficio: 38
d 7 5 6 4 3 8 11 10 14 11 16 17 10 14 15 18 12 13 35 30 34 36 19 24 26 23 
Beneficio: 96
d 7 5 6 4 3 8 11 10 14 11 16 14 15 18 12 13 35 34 36 31 25 19 24 26 20 
Beneficio: 66
d 7 5 6 4 3 8 11 10 14 11 16 14 15 18 12 13 35 34 30 36 19 25 20 23 24 22 
Beneficio: 102
d 7 5 6 4 3 8 11 10 14 11 16 14 15 18 12 13 30 36 19 24 26 20 23 
Beneficio: 123
d 7 5 6 4 3 8 11 10 14 11 16 14 15 18 12 34 35 30 36 31 25 21 20 26 24 
Beneficio: 74
d 7 5 6 4 3 8 11 10 14 11 16 14 15 18 12 34 30 36 31 25 20 21 19 24 23 26 22 24 
Beneficio: 26
d 7 5 6 4 3 8 11 10 14 11 16 14 15 18 12 13 30 36 31 25 20 23 26 24 19 
Beneficio: 88
d 7 5 6 4 3 8 11 10 14 11 16 14 15 18 12 32 35 34 36 19 21 25 20 26 22 24 23 26 24 
Beneficio: 54
d 7 5 6 4 3 8 11 10 14 11 16 14 15 32 12 13 30 36 31 21 25 19 24 23 
Beneficio: 105
d 7 5 6 4 3 8 11 10 14 11 16 14 15 32 13 12 34 35 30 36 19 21 25 20 26 22 24 23 
Beneficio: 97
d 7 5 6 4 3 8 11 10 14 11 16 14 15 32 12 13 35 34 30 36 19 25 20 26 23 24 26 
Beneficio: 114
d 7 5 6 4 3 8 11 10 14 11 16 14 15 18 12 13 35 30 34 36 31 25 20 26 22 24 
Beneficio: 56
d 7 5 6 4 3 8 11 10 14 11 16 14 15 18 12 13 35 34 30 36 31 25 20 
Beneficio: 75
d 7 5 6 4 3 8 11 10 14 11 16 14 15 18 12 32 35 13 30 36 31 25 21 19 24 23 26 24 22 
Beneficio: 55
d 7 5 6 4 3 8 11 10 14 11 16 14 15 18 12 34 35 13 30 36 31 25 19 24 26 
Beneficio: 126
d 7 5 6 4 3 8 11 10 14 11 16 14 15 18 15 32 13 12 34 35 30 36 19 24 23 20 26 
Beneficio: 99
d 7 5 6 4 3 8 11 10 14 11 16 14 15 18 12 13 35 30 36 31 25 21 19 24 23 20 26 22 
Beneficio: 47
d 7 5 6 4 3 8 11 10 14 11 16 14 15 32 12 13 35 30 36 19 24 23 20 21 25 31 
Beneficio: 114
d 7 5 6 4 3 8 11 10 14 11 16 14 15 32 13 12 34 35 30 36 31 25 21 20 26 23 24 26 22 
Beneficio: 104
d 7 5 6 4 3 8 11 10 14 11 16 14 15 32 35 34 30 36 19 24 26 23 24 22 26 20 
Beneficio: 56
d 7 5 6 4 3 8 11 10 14 11 16 14 15 32 35 34 30 36 19 24 23 26 
Beneficio: 81
d 7 5 6 4 3 8 11 10 17 16 11 14 15 18 12 13 30 35 34 36 31 25 20 26 22 
Beneficio: 98
d 7 5 6 4 3 8 11 10 17 16 11 14 15 18 12 13 30 36 31 25 19 21 20 26 24 22 
Beneficio: 26
d 7 5 6 4 3 8 11 10 17 16 11 14 15 18 12 13 35 30 34 36 19 25 21 
Beneficio: 96
d 7 5 6 4 3 8 11 10 17 16 11 14 15 18 12 34 30 36 19 25 21 20 26 23 24 19 21 31 25 
Beneficio: 78
d 7 5 6 4 3 8 11 10 17 16 11 14 15 18 15 32 13 35 34 36 31 25 20 26 
Beneficio: 24
d 7 5 6 4 3 8 11 10 17 16 11 14 15 18 12 32 35 30 36 19 24 23 20 21 25 
Beneficio: 87
d 7 5 6 4 3 8 11 10 17 16 11 14 15 32 12 34 30 36 19 21 25 20 26 24 23 26 
Beneficio: 64
d 7 5 6 4 3 8 11 10 17 16 11 14 15 32 35 34 30 36 31 25 19 24 26 20 
Beneficio: 120
d 7 5 6 4 3 8 11 10 17 16 11 10 14 15 18 12 13 32 35 34 30 36 31 25 21 20 26 23 24 22 26 
Beneficio: 137
d 7 5 6 4 3 8 11 10 17 16 11 10 14 15 18 12 32 13 30 36 19 21 31 25 20 26 22 24 23 
Beneficio: 130
d 7 5 6 4 3 8 11 10 17 16 11 10 14 15 18 15 32 13 30 36 19 24 23 20 26 
Beneficio: 91
d 7 5 6 4 3 8 11 10 17 16 11 10 14 15 32 12 13 35 30 34 36 19 25 21 20 26 24 23 
Beneficio: 28
d 7 5 6 4 3 8 11 10 17 16 11 10 14 15 32 12 34 36 31 25 
Beneficio: 17
d 7 5 6 4 3 8 11 10 17 16 11 10 16 14 15 18 12 32 13 35 30 34 36 19 24 
Beneficio: 90
d 7 5 6 4 3 8 11 10 17 16 11 16 14 15 18 12 13 30 36 19 21 25 20 26 23 24 26 
Beneficio: 66
d 7 5 6 4 3 8 11 10 17 16 11 14 15 18 12 13 30 35 34 36 19 21 25 20 26 
Beneficio: 102
d 7 5 6 4 3 8 11 10 17 16 14 10 11 16 14 15 18 12 34 36 19 25 20 26 24 22 
Beneficio: 15
d 7 5 6 4 3 8 11 10 17 16 14 15 18 12 13 30 34 36 31 25 19 24 23 26 20 25 21 19 
Beneficio: -4
d 7 5 6 4 3 8 11 10 17 16 14 15 18 12 13 32 35 30 36 31 25 19 21 20 26 22 
Beneficio: 0
d 7 5 6 4 3 8 11 10 17 16 14 15 18 12 13 30 35 34 36 31 21 25 20 26 24 19 
Beneficio: 22
d 7 5 6 4 3 8 11 10 17 16 14 15 18 12 13 32 35 34 30 36 19 21 25 20 26 22 24 23 
Beneficio: -51
d 7 5 6 4 3 8 11 10 17 16 14 15 18 12 32 35 30 36 19 25 21 20 23 26 24 
Beneficio: 27
d 7 5 6 4 3 8 11 10 17 16 14 15 18 12 32 35 34 30 36 31 25 20 26 24 22 
Beneficio: 16
d 7 5 6 4 3 8 11 10 17 16 14 15 18 12 34 36 19 25 31 21 20 26 22 24 23 
Beneficio: 15
d 7 5 6 4 3 8 11 10 17 16 14 15 18 12 34 36 19 25 21 20 26 22 24 23 20 
Beneficio: 17
d 7 5 6 4 3 8 11 10 17 16 14 15 18 15 32 35 30 36 31 21 25 20 26 23 24 22 26 
Beneficio: -6
d 7 5 6 4 3 8 11 10 17 16 14 15 18 12 13 35 34 36 31 21 25 20 26 23 24 
Beneficio: 1
d 7 5 6 4 3 8 11 10 17 16 14 15 18 12 13 35 30 36 31 25 21 20 26 24 19 
Beneficio: -31
d 7 5 6 4 3 8 11 10 17 16 14 15 18 12 32 35 13 30 34 36 19 25 21 20 26 
Beneficio: 0
d 7 5 6 4 3 8 11 10 17 16 14 15 32 12 13 35 34 36 19 24 23 26 20 21 25 
Beneficio: -74
d 7 5 6 4 3 8 11 10 17 16 14 15 32 35 30 34 36 31 25 21 20 
Beneficio: -76
d 7 5 6 4 3 8 11 10 17 16 14 15 32 13 35 34 12 18 29 33 
Beneficio: -51
d 7 5 6 4 3 8 11 10 17 16 14 15 32 12 34 36 19 21 20 23 24 
Beneficio: 81
d 7 5 6 4 3 8 11 10 17 16 14 11 16 14 15 18 12 13 32 35 34 36 19 24 22 26 20 21 25 31 
Beneficio: 55
d 7 5 6 4 3 8 11 10 17 16 14 11 16 14 15 18 12 13 32 35 30 36 31 25 20 26 
Beneficio: 46
d 7 5 6 4 3 8 11 10 17 16 14 11 16 10 14 15 18 12 32 35 34 36 19 25 20 
Beneficio: 50
d 7 5 6 4 3 8 11 10 17 16 14 11 16 10 14 15 18 12 13 30 36 31 25 20 23 24 22 
Beneficio: 59
d 7 5 6 4 3 8 11 10 17 16 14 10 11 16 14 15 18 12 34 35 32 13 30 36 31 25 21 
Beneficio: 23
d 7 5 6 4 3 8 11 10 17 16 14 15 18 12 13 35 34 30 36 31 25 19 24 23 20 26 24 
Beneficio: -21
d 7 5 6 4 3 8 11 10 17 16 14 15 18 12 13 32 35 30 36 31 21 19 24 23 26 
Beneficio: 12
d 7 5 6 4 3 8 11 10 17 16 14 15 18 12 13 35 34 36 31 21 25 20 26 22 24 23 26 24 
Beneficio: -3
d 7 5 6 4 3 8 11 10 17 16 14 15 18 12 13 35 34 36 19 21 31 25 20 26 24 
Beneficio: -5
d 7 5 6 4 3 8 11 10 17 16 14 15 18 12 32 13 30 34 36 31 21 20 26 22 24 
Beneficio: 1
d 7 5 6 4 3 8 11 10 17 16 14 15 18 12 34 35 32 13 30 36 19 24 26 23 20 26 
Beneficio: 29
d 7 5 6 4 3 8 11 10 17 16 14 15 18 15 32 12 13 30 34 36 31 21 20 26 22 24 23 
Beneficio: -40
d 7 5 6 4 3 8 11 10 17 16 14 15 18 15 32 13 35 34 30 36 31 
Beneficio: -79
d 7 5 6 4 3 8 11 10 17 16 14 15 18 12 13 30 35 34 36 19 21 20 25 31 
Beneficio: -71
d 7 5 6 4 3 8 11 10 17 16 14 15 18 12 34 35 13 30 36 31 21 25 19 24 22 26 
Beneficio: -58
d 7 5 6 4 3 8 11 10 17 16 14 15 32 12 13 30 35 34 36 19 21 25 20 
Beneficio: -6
d 7 5 6 4 3 8 11 10 17 16 14 15 32 35 13 30 34 36 19 24 22 26 20 21 25 31 
Beneficio: 1
d 7 5 6 4 3 8 11 10 17 16 14 15 32 13 35 34 30 36 31 25 21 20 26 24 23 26 
Beneficio: -73
d 7 5 6 4 3 8 11 10 17 16 14 15 32 13 12 34 35 30 36 19 25 21 
Beneficio: 29
d 7 5 6 4 3 8 11 10 17 16 14 11 16 14 15 18 12 34 30 36 19 25 20 21 31 
Beneficio: 21
d 7 5 6 4 3 8 11 10 17 16 14 11 16 14 15 32 35 34 30 36 19 25 21 
Beneficio: 92
d 7 5 6 4 3 8 11 10 17 16 14 11 16 10 14 15 18 12 34 35 30 36 19 24 26 23 24 22 
Beneficio: 52
d 7 5 6 4 3 8 11 10 17 16 11 10 16 14 15 18 12 13 30 36 19 24 23 
Beneficio: -1
d 7 5 6 4 3 8 11 10 17 16 14 15 32 13 35 30 36 31 25 21 20 26 23 24 26 
Beneficio: 94
d 7 5 6 4 3 8 11 10 16 11 14 10 17 16 14 15 18 12 13 30 35 34 36 19 24 26 20 
Beneficio: 29
d 7 5 6 4 3 8 11 10 16 11 14 10 17 16 14 15 18 12 13 30 36 31 25 20 
Beneficio: 112
d 7 5 6 4 3 8 11 10 16 11 14 16 17 10 14 15 18 12 13 35 34 36 31 25 21 20 26 23 24 26 22 
Beneficio: 98
d 7 5 6 4 3 8 11 10 16 11 14 15 18 12 13 32 35 30 36 31 25 21 20 26 
Beneficio: 54
d 7 5 6 4 3 8 11 10 16 11 14 15 18 12 34 35 32 13 30 36 19 21 
Beneficio: 82
d 7 5 6 4 3 8 11 10 16 11 14 15 32 12 13 30 36 19 25 20 26 22 24 
Beneficio: 91
d 7 5 6 4 3 8 11 10 16 11 10 14 15 18 12 13 30 35 34 36 19 21 25 20 26 22 24 
Beneficio: 54
d 7 5 6 4 3 8 11 10 16 11 10 14 15 18 12 32 35 34 36 19 
Beneficio: 74
d 7 5 6 4 3 8 11 10 16 11 10 17 16 14 15 18 12 13 35 34 30 36 19 21 25 20 26 24 
Beneficio: 77
d 7 5 6 4 3 8 11 10 16 11 10 14 15 18 12 13 30 36 31 25 21 20 26 24 22 
Beneficio: -7
d 7 5 6 4 3 8 11 10 16 14 15 18 12 13 30 35 34 36 31 25 21 20 26 23 20 
Beneficio: 1
d 7 5 6 4 3 8 11 10 16 14 15 18 12 13 30 36 19 25 21 20 26 23 
Beneficio: -51
d 7 5 6 4 3 8 11 10 16 14 15 18 12 32 35 34 36 31 21 19 25 
Beneficio: -13
d 7 5 6 4 3 8 11 10 16 14 15 18 12 32 35 34 36 19 21 25 20 26 24 22 
Beneficio: -10
d 7 5 6 4 3 8 11 10 16 14 15 18 12 13 30 35 34 36 19 24 23 26 20 25 19 
Beneficio: -84
d 7 5 6 4 3 8 11 10 16 14 15 18 12 32 13 30 34 36 19 24 22 26 
Beneficio: -65
d 7 5 6 4 3 8 11 10 16 14 15 32 13 12 34 35 30 36 31 25 21 19 
Beneficio: 13
d 7 5 6 4 3 8 11 10 16 14 15 18 12 13 30 34 36 31 21 20 26 23 24 19 21 25 
Beneficio: 39
d 7 5 6 4 3 8 11 10 16 14 15 18 12 13 35 34 30 36 19 25 21 20 26 22 24 23 
Beneficio: -9
d 7 5 6 4 3 8 11 10 16 14 15 18 12 32 13 30 35 34 36 31 25 20 26 22 24 
Beneficio: -48
d 7 5 6 4 3 8 11 10 16 14 15 18 15 32 12 34 35 30 36 19 25 21 20 
Beneficio: -76
d 7 5 6 4 3 8 11 10 16 14 15 18 12 32 13 30 36 31 25 20 21 19 
Beneficio: 1
d 7 5 6 4 3 8 11 10 16 14 15 32 35 30 36 31 25 21 19 24 23 20 26 
Beneficio: 55
d 7 5 6 4 3 8 11 10 16 11 14 10 17 16 14 15 18 12 13 35 34 30 36 31 25 21 19 24 22 26 
Beneficio: 87
d 7 5 6 4 3 8 11 10 16 11 14 10 17 16 14 15 18 12 32 35 30 36 19 21 20 26 23 
Beneficio: 94
d 7 5 6 4 3 8 11 10 16 11 14 16 17 10 14 15 18 12 13 35 34 36 19 24 22 26 20 25 
Beneficio: 123
d 7 5 6 4 3 8 11 10 16 11 14 15 18 12 13 30 36 19 24 22 26 20 21 25 31 
Beneficio: 57
d 7 5 6 4 3 8 11 10 16 11 14 15 18 12 32 35 30 36 19 24 23 20 25 31 
Beneficio: 75
d 7 5 6 4 3 8 11 10 16 11 14 15 32 12 13 35 30 36 19 25 21 20 26 23 24 19 21 
Beneficio: 93
d 7 5 6 4 3 8 11 10 16 11 10 14 15 18 12 13 30 36 19 24 22 26 20 21 31 
Beneficio: 30
d 7 5 6 4 3 8 11 10 16 11 10 14 15 18 12 32 13 35 34 36 
Beneficio: 102
d 7 5 6 4 3 8 11 10 16 11 10 17 16 14 15 18 12 32 13 30 36 31 25 21 20 26 24 23 26 
Beneficio: 54
d 7 5 6 4 3 8 11 10 16 11 10 14 15 18 12 34 35 30 13 
Beneficio: 18
d 7 5 6 4 3 8 11 10 16 14 15 18 12 13 30 34 36 31 25 21 19 24 23 26 20 21 19 
Beneficio: 9
d 7 5 6 4 3 8 11 10 16 14 15 18 12 13 30 35 34 36 19 24 26 23 24 22 26 20 25 21 31 
Beneficio: -63
d 7 5 6 4 3 8 11 10 16 14 15 18 12 32 35 30 34 36 19 21 25 31 
Beneficio: -2
d 7 5 6 4 3 8 11 10 16 14 15 18 12 32 35 13 30 34 36 19 24 26 20 21 
Beneficio: -3
d 7 5 6 4 3 8 11 10 16 14 15 18 12 13 35 34 30 36 19 21 31 25 20 26 23 24 22 
Beneficio: -30
d 7 5 6 4 3 8 11 10 16 14 15 18 12 34 30 36 31 25 20 26 22 
Beneficio: -5
d 7 5 6 4 3 8 11 10 16 14 15 32 13 12 34 36 19 25 21 20 26 23 24 19 
Beneficio: -13
d 7 5 6 4 3 8 11 10 16 14 15 18 12 13 30 34 36 19 24 22 26 
Beneficio: -33
d 7 5 6 4 3 8 11 10 16 14 15 18 12 13 35 34 30 36 31 21 20 23 24 26 
Beneficio: -44
d 7 5 6 4 3 8 11 10 16 14 15 18 12 32 13 35 30 34 36 19 24 26 
Beneficio: -12
d 7 5 6 4 3 8 11 10 16 14 15 18 15 32 35 34 36 31 25 21 19 24 26 20 
Beneficio: -25
d 7 5 6 4 3 8 11 10 16 14 15 18 12 32 13 30 36 19 24 22 26 20 25 31 
Beneficio: -12
d 7 5 6 4 3 8 11 10 16 14 15 32 35 34 36 31 25 21 20 26 22 24 23 26 24 
Beneficio: 105
d 7 5 6 4 3 8 11 10 17 16 11 14 15 18 12 13 35 30 36 31 25 21 20 23 24 22 26 20 
Beneficio: 80
d 7 5 6 4 3 8 11 10 17 16 11 14 15 18 12 32 35 34 30 36 19 21 20 26 22 
Beneficio: 61
d 7 5 6 4 3 8 11 10 17 16 11 14 15 18 12 32 35 30 36 19 21 25 20 26 
Beneficio: 63
d 7 5 6 4 3 8 11 10 17 16 11 10 14 15 18 12 13 35 34 36 31 21 25 19 24 23 26 
Beneficio: 60
d 7 5 6 4 3 8 11 10 17 16 11 10 14 15 18 12 34 35 30 36 19 
Beneficio: 36
d 7 5 6 4 3 8 11 10 17 16 11 10 16 14 15 18 12 13 32 35 34 30 36 19 
Beneficio: -3
d 7 5 6 4 3 8 11 10 17 16 14 15 18 12 13 35 34 30 36 31 25 21 20 26 22 
Beneficio: -31
d 7 5 6 4 3 8 11 10 17 16 14 15 18 12 13 35 34 30 36 31 21 20 25 19 24 23 
Beneficio: -5
d 7 5 6 4 3 8 11 10 17 16 14 15 18 12 32 13 30 35 34 36 31 25 20 26 24 22 
Beneficio: 18
d 7 5 6 4 3 8 11 10 17 16 14 15 18 12 32 35 13 30 36 19 21 25 20 26 22 
Beneficio: -3
d 7 5 6 4 3 8 11 10 17 16 14 15 18 12 13 32 35 30 36 31 25 21 20 26 
Beneficio: -17
d 7 5 6 4 3 8 11 10 17 16 14 15 32 12 13 35 30 34 36 19 24 26 20 21 31 25 
Beneficio: -8
d 7 5 6 4 3 8 11 10 17 16 14 15 32 13 12 34 30 36 19 24 23 26 20 21 
Beneficio: -12
d 7 5 6 4 3 8 11 10 17 16 14 15 18 12 13 35 30 36 19 21 20 23 24 26 22 
Beneficio: 30
d 7 5 6 4 3 8 11 10 17 16 14 15 18 12 13 35 30 36 31 21 20 26 23 24 19 25 21 
Beneficio: -50
d 7 5 6 4 3 8 11 10 17 16 14 15 18 12 34 35 30 36 31 25 21 19 24 22 26 
Beneficio: -1
d 7 5 6 4 3 8 11 10 17 16 14 15 18 15 32 35 34 30 36 19 24 22 26 20 21 25 
Beneficio: -8
d 7 5 6 4 3 8 11 10 17 16 14 15 18 12 32 35 30 36 31 25 20 26 24 
Beneficio: -33
d 7 5 6 4 3 8 11 10 17 16 14 15 32 13 35 30 34 36 19 25 20 26 
Beneficio: -6
d 7 5 6 4 3 8 11 10 17 16 14 15 18 12 32 35 13 30 36 19 24 26 20 21 25 31 
Beneficio: 111
d 7 5 6 4 3 8 11 10 11 16 17 10 14 15 18 12 13 32 35 34 36 19 21 25 20 26 23 24 26 
Beneficio: 110
d 7 5 6 4 3 8 11 10 11 16 17 10 14 15 18 12 32 35 30 34 36 19 25 21 20 26 24 23 
Beneficio: 123
d 7 5 6 4 3 8 11 10 11 16 17 10 14 15 18 15 32 35 13 30 36 19 24 23 26 20 21 25 
Beneficio: 109
d 7 5 6 4 3 8 11 10 11 16 17 10 14 15 32 12 13 35 34 30 36 31 25 21 20 26 24 
Beneficio: 46
d 7 5 6 4 3 8 11 10 11 16 17 10 14 15 32 12 13 35 30 36 19 21 25 
Beneficio: 73
d 7 5 6 4 3 8 11 10 11 16 17 10 14 15 18 12 13 32 35 34 30 36 19 21 25 
Beneficio: 75
d 7 5 6 4 3 8 11 10 11 16 17 10 14 15 32 35 30 36 31 21 19 24 22 26 20 21 25 
Beneficio: 111
d 7 5 6 4 3 8 11 10 11 16 14 10 17 16 14 15 18 12 34 35 13 30 36 19 21 25 20 26 23 24 19 
Beneficio: 37
d 7 5 6 4 3 8 11 10 11 16 14 15 18 12 13 30 36 31 21 25 19 24 26 23 24 22 26 
Beneficio: 98
d 7 5 6 4 3 8 11 10 11 16 14 15 18 12 13 35 34 30 36 31 21 25 20 26 24 23 26 
Beneficio: 78
d 7 5 6 4 3 8 11 10 11 16 14 15 18 12 32 13 35 30 36 19 25 21 20 26 22 24 
Beneficio: 101
d 7 5 6 4 3 8 11 10 11 16 14 15 18 12 34 35 32 13 30 36 31 21 20 26 23 24 
Beneficio: 51
d 7 5 6 4 3 8 11 10 11 16 14 15 18 12 13 35 30 34 36 19 21 25 20 26 23 
Beneficio: 97
d 7 5 6 4 3 8 11 10 11 16 14 15 32 12 34 35 30 36 19 24 23 26 20 25 21 
Beneficio: 62
d 7 5 6 4 3 8 11 10 11 16 14 15 32 12 13 30 34 36 19 24 26 20 21 
Beneficio: 105
d 7 5 6 4 3 8 11 10 11 16 14 10 17 16 14 15 18 12 13 30 36 31 25 21 20 26 23 24 26 22 
Beneficio: 87
d 7 5 6 4 3 8 11 10 11 16 14 15 18 12 13 32 35 30 36 31 21 25 20 26 
Beneficio: 49
d 7 5 6 4 3 8 11 10 11 16 14 15 18 12 13 35 34 30 36 19 24 23 26 
Beneficio: 31
d 7 5 6 4 3 8 11 10 11 16 14 15 18 12 32 13 30 34 36 19 24 22 26 
Beneficio: 83
d 7 5 6 4 3 8 11 10 11 16 14 15 18 12 13 35 30 36 31 25 21 20 26 22 24 23 20 
Beneficio: 13
d 7 5 6 4 3 8 11 10 11 16 14 15 32 35 30 36 31 25 21 19 24 26 22 
Beneficio: 40
d 7 5 6 4 3 8 11 10 11 16 10 14 15 18 12 13 35 34 36 31 25 21 19 24 26 
Beneficio: 60
d 7 5 6 4 3 8 11 10 11 16 10 14 15 18 12 13 35 34 30 36 
Beneficio: 122
d 7 5 6 4 3 8 11 10 11 16 10 14 15 18 12 13 35 30 36 31 25 20 26 23 24 19 25 21 
Beneficio: 130
d 7 5 6 4 3 8 11 10 11 16 10 14 15 18 12 13 35 30 36 19 21 20 26 23 24 
Beneficio: 103
d 7 5 6 4 3 8 11 10 11 16 17 10 14 15 18 12 34 30 36 19 24 26 20 21 
Beneficio: 15
d 7 5 6 4 3 8 11 10 11 14 15 18 12 13 35 30 36 31 21 20 26 
Beneficio: -51
d 7 5 6 4 3 8 11 10 11 14 15 18 12 13 30 36 19 24 26 23 
Beneficio: -56
d 7 5 6 4 3 8 11 10 11 16 14 15 18 12 32 35 34 36 19 24 22 
Beneficio: 77
d 7 5 6 4 3 8 11 10 14 16 11 14 15 32 35 34 36 19 24 23 20 26 
Beneficio: 32
d 7 5 6 4 3 8 11 10 14 16 11 14 15 32 12 34 36 30 
Beneficio: 25
d 7 5 6 4 3 8 11 10 14 15 18 12 13 35 34 36 19 24 23 26 20 25 21 
Beneficio: -62
d 7 5 6 4 3 8 11 10 14 15 18 12 32 35 13 30 34 36 31 25 20 
Beneficio: 31
d 7 5 6 4 3 8 11 10 14 15 18 12 34 35 13 30 36 31 25 21 20 26 23 24 
Beneficio: -5
d 7 5 6 4 3 8 11 10 14 15 18 12 32 35 13 30 36 19 21 20 26 22 24 
Beneficio: -3
d 7 5 6 4 3 8 11 10 14 15 32 35 34 36 19 25 20 26 23 24 
Beneficio: 50
d 7 5 6 4 3 8 11 14 10 11 16 17 10 14 15 18 12 32 35 34 30 36 31 21 25 20 
Beneficio: 119
d 7 5 6 4 3 8 11 14 10 11 16 14 15 18 12 13 35 30 36 31 25 19 24 26 20 23 24 
Beneficio: 51
d 7 5 6 4 3 8 11 14 10 11 16 14 15 18 12 13 30 35 34 36 31 25 21 19 24 26 
Beneficio: 90
d 7 5 6 4 3 8 11 14 10 11 16 14 15 18 12 13 32 35 30 34 36 19 25 21 20 26 22 
Beneficio: 89
d 7 5 6 4 3 8 11 14 10 11 16 14 15 18 12 32 13 35 34 36 19 25 21 20 26 22 
Beneficio: 147
d 7 5 6 4 3 8 11 14 10 11 16 14 15 18 12 32 13 30 36 31 25 21 20 26 23 24 26 
Beneficio: 48
d 7 5 6 4 3 8 11 14 10 11 16 14 15 18 15 32 35 34 12 13 30 36 19 25 21 31 
Beneficio: 93
d 7 5 6 4 3 8 11 14 10 11 16 14 15 18 12 13 35 30 34 36 19 25 20 26 23 24 26 22 
Beneficio: 88
d 7 5 6 4 3 8 11 14 10 11 16 14 15 32 12 13 30 35 34 36 31 21 19 24 23 26 20 
Beneficio: 94
d 7 5 6 4 3 8 11 14 10 11 16 14 15 32 35 13 12 34 30 36 19 21 20 26 24 22 
Beneficio: 103
d 7 5 6 4 3 8 11 14 10 11 16 14 15 32 35 13 30 36 31 25 21 20 26 23 24 19 21 31 
Beneficio: 69
d 7 5 6 4 3 8 11 14 10 11 16 14 15 18 12 13 35 34 30 36 31 25 21 19 24 26 23 
Beneficio: 49
d 7 5 6 4 3 8 11 14 10 11 16 14 15 18 12 13 30 35 34 36 19 24 
Beneficio: 105
d 7 5 6 4 3 8 11 14 10 11 16 14 15 18 12 13 35 30 36 19 21 31 25 20 26 
Beneficio: 122
d 7 5 6 4 3 8 11 14 10 11 16 14 15 18 12 34 35 13 30 36 31 25 21 20 26 23 24 26 22 
Beneficio: 63
d 7 5 6 4 3 8 11 14 10 11 16 14 15 18 15 32 12 13 35 34 30 36 19 25 
Beneficio: 110
d 7 5 6 4 3 8 11 14 10 11 16 14 15 18 12 13 32 35 30 36 19 21 25 20 26 23 24 22 
Beneficio: 68
d 7 5 6 4 3 8 11 14 10 11 16 14 15 18 12 32 35 13 30 34 36 19 21 20 26 
Beneficio: 32
d 7 5 6 4 3 8 11 14 10 11 16 14 15 32 35 13 12 34 36 19 24 26 
Beneficio: 90
d 7 5 6 4 3 8 11 14 10 11 16 14 15 32 12 13 35 30 36 31 25 20 26 22 24 19 
Beneficio: -10
d 7 5 6 4 3 8 11 14 10 11 10 17 16 14 15 18 12 13 32 35 30 36 19 25 
Beneficio: 59
d 7 5 6 4 3 8 11 14 10 11 10 16 11 16 14 15 18 12 34 35 30 36 
Beneficio: -59
d 7 5 6 4 3 8 11 14 10 11 10 17 16 14 15 18 12 13 30 34 36 19 21 25 
Beneficio: -55
d 7 5 6 4 3 8 11 14 10 11 16 14 15 32 12 34 35 30 36 31 25 21 
Beneficio: 116
d 7 5 6 4 3 8 11 14 10 17 16 11 10 16 14 15 18 12 13 30 34 36 19 21 20 26 24 23 26 22 
Beneficio: 65
d 7 5 6 4 3 8 11 14 10 17 16 11 10 16 14 15 18 12 32 35 34 30 36 31 25 
Beneficio: 102
d 7 5 6 4 3 8 11 14 10 17 16 11 10 14 15 18 12 13 30 36 19 24 22 26 20 23 
Beneficio: 6
d 7 5 6 4 3 8 11 14 10 17 16 11 16 14 15 18 12 32 13 35 34 30 36 19 24 22 
Beneficio: -8
d 7 5 6 4 3 8 11 14 10 17 16 14 15 18 12 13 30 36 19 21 20 26 22 24 
Beneficio: 4
d 7 5 6 4 3 8 11 14 10 17 16 14 15 18 12 34 35 30 36 31 25 21 19 24 23 26 20 25 
Beneficio: -32
d 7 5 6 4 3 8 11 14 10 17 16 14 15 18 12 13 35 30 34 36 31 25 20 26 22 
Beneficio: -70
d 7 5 6 4 3 8 11 14 10 17 16 14 15 32 35 34 12 13 30 36 31 25 19 24 26 23 24 22 26 
Beneficio: 4
d 7 5 6 4 3 8 11 14 10 17 16 14 15 18 12 13 35 34 30 36 19 25 21 20 26 24 
Beneficio: -79
d 7 5 6 4 3 8 11 14 10 17 16 14 15 18 12 13 35 30 34 36 31 25 21 19 
Beneficio: 3
d 7 5 6 4 3 8 11 14 10 17 16 14 15 18 15 32 35 13 12 34 30 36 19 24 23 26 20 25 
Beneficio: -86
d 7 5 6 4 3 8 11 14 10 17 16 14 15 32 12 13 35 34 30 36 31 25 20 
Beneficio: 46
d 7 5 6 4 3 8 11 14 10 16 11 10 17 16 14 15 18 12 13 32 35 34 30 36 19 25 20 21 
Beneficio: 71
d 7 5 6 4 3 8 11 14 10 16 11 10 17 16 14 15 18 15 32 13 30 36 19 24 26 23 24 22 26 
Beneficio: 62
d 7 5 6 4 3 8 11 14 10 16 11 10 16 14 15 18 12 13 32 35 34 36 19 24 23 26 
Beneficio: -3
d 7 5 6 4 3 8 11 14 10 16 11 10 16 14 15 18 15 32 13 35 30 
Beneficio: 51
d 7 5 6 4 3 8 11 14 10 16 11 10 17 16 14 15 18 12 13 30 34 36 31 21 19 24 
Beneficio: 53
d 7 5 6 4 3 8 11 14 10 16 11 10 16 14 15 18 15 32 12 34 36 
Beneficio: 103
d 7 5 6 4 3 8 11 14 10 16 11 10 14 15 18 12 13 35 34 30 36 19 24 22 26 20 25 31 
Beneficio: 77
d 7 5 6 4 3 8 11 14 10 17 16 11 10 16 14 15 18 12 34 30 36 31 25 20 26 24 22 
Beneficio: 110
d 7 5 6 4 3 8 11 14 16 11 10 14 15 18 12 13 30 36 31 21 25 19 24 26 20 
Beneficio: 39
d 7 5 6 4 3 8 11 14 16 11 10 14 15 18 12 13 32 35 34 30 36 19 21 20 25 
Beneficio: 116
d 7 5 6 4 3 8 11 14 16 11 10 14 15 18 12 13 35 30 36 19 25 31 21 20 26 24 23 26 22 
Beneficio: 126
d 7 5 6 4 3 8 11 14 16 11 10 14 15 18 12 32 35 13 30 36 19 25 20 26 24 23 
Beneficio: 102
d 7 5 6 4 3 8 11 14 16 11 10 14 15 18 12 34 30 36 31 21 20 26 24 22 
Beneficio: 133
d 7 5 6 4 3 8 11 14 16 11 10 14 15 18 15 32 12 13 35 34 30 36 31 25 21 20 26 23 24 
Beneficio: 106
d 7 5 6 4 3 8 11 14 16 11 10 14 15 18 12 13 35 30 36 19 24 26 20 23 
Beneficio: 94
d 7 5 6 4 3 8 11 14 16 11 10 14 15 18 12 32 35 13 30 36 31 25 20 26 24 23 
Beneficio: 21
d 7 5 6 4 3 8 11 14 16 11 10 14 15 32 12 13 30 36 19 24 22 26 
Beneficio: 76
d 7 5 6 4 3 8 11 14 16 11 10 14 15 32 13 35 30 36 19 24 26 20 25 21 
Beneficio: 105
d 7 5 6 4 3 8 11 14 16 11 10 14 15 32 13 30 36 31 25 21 20 26 22 24 23 26 
Beneficio: 85
d 7 5 6 4 3 8 11 14 16 11 10 17 16 14 15 18 12 32 13 35 34 36 19 24 22 26 20 
Beneficio: 38
d 7 5 6 4 3 8 11 14 16 11 10 17 16 14 15 32 12 13 30 35 34 36 31 25 
Beneficio: 75
d 7 5 6 4 3 8 11 14 16 11 10 16 14 15 18 12 34 35 30 36 19 24 22 26 20 25 31 
Beneficio: 65
d 7 5 6 4 3 8 11 14 16 11 10 16 14 15 18 15 32 35 34 36 19 24 22 26 20 21 25 
Beneficio: 77
d 7 5 6 4 3 8 11 14 16 11 10 17 16 14 15 18 12 32 35 34 30 36 31 25 21 20 26 23 24 22 26 
Beneficio: 45
d 7 5 6 4 3 8 11 14 16 11 10 14 15 32 13 12 34 36 19 24 22 26 20 25 21 
Beneficio: 81
d 7 5 6 4 3 8 11 14 16 11 10 14 15 18 12 34 35 30 36 19 24 26 20 25 
Beneficio: 36
d 7 5 6 4 3 8 11 14 16 11 10 17 16 14 15 18 12 34 30 36 19 25 21 20 26 24 23 
Beneficio: -10
d 7 5 6 4 3 8 11 14 16 11 14 16 17 10 14 15 32 12 34 30 35 
Beneficio: 49
d 7 5 6 4 3 8 11 14 16 17 10 11 16 14 15 18 12 32 13 30 36 19 24 23 26 22 27 
Beneficio: 64
d 7 5 6 4 3 8 11 14 16 17 10 11 16 14 15 32 12 13 35 30 36 19 21 20 26 24 19 
Beneficio: 98
d 7 5 6 4 3 8 11 14 16 17 10 11 16 10 14 15 18 12 13 35 34 30 36 31 25 21 20 26 23 24 22 26 
Beneficio: 82
d 7 5 6 4 3 8 11 14 16 17 10 11 16 10 14 15 32 12 13 35 34 30 36 31 25 20 26 23 
Beneficio: -57
d 7 5 6 4 3 8 11 14 16 17 10 14 15 18 12 13 35 34 30 36 31 25 21 19 24 22 26 23 24 
Beneficio: -13
d 7 5 6 4 3 8 11 14 16 17 10 14 15 18 12 13 32 35 34 30 36 19 24 26 20 25 31 
Beneficio: -6
d 7 5 6 4 3 8 11 14 16 17 10 14 15 18 12 32 13 35 30 36 19 24 22 26 20 25 
Beneficio: 9
d 7 5 6 4 3 8 11 14 16 17 10 14 15 18 12 32 35 13 30 36 19 21 20 26 23 24 
Beneficio: -12
d 7 5 6 4 3 8 11 14 16 17 10 14 15 32 13 12 34 35 30 36 31 21 20 26 23 24 22 26 
Beneficio: 116
d 7 5 6 4 3 8 11 14 16 11 10 14 15 18 12 13 35 30 34 36 19 24 23 20 26 24 22 
Beneficio: 117
d 7 5 6 4 3 8 11 14 16 11 10 14 15 18 12 13 35 34 30 36 19 21 25 20 26 23 24 19 21 25 31 
Beneficio: 36
d 7 5 6 4 3 8 11 14 16 11 10 14 15 18 12 32 35 34 36 19 21 20 26 
Beneficio: 101
d 7 5 6 4 3 8 11 14 16 11 10 14 15 18 12 34 30 36 31 25 21 20 26 24 19 
Beneficio: 65
d 7 5 6 4 3 8 11 14 16 11 10 14 15 18 15 32 35 30 36 31 25 19 21 
Beneficio: 24
d 7 5 6 4 3 8 11 14 16 11 10 14 15 18 12 13 30 34 36 19 25 21 31 
Beneficio: 39
d 7 5 6 4 3 8 11 14 16 11 10 14 15 32 12 13 30 34 36 31 21 20 23 24 
Beneficio: 99
d 7 5 6 4 3 8 11 14 16 11 10 14 15 32 35 34 36 19 25 20 26 24 23 
Beneficio: 44
d 7 5 6 4 3 8 11 14 16 11 10 14 15 32 12 34 35 13 30 36 31 25 
Beneficio: 84
d 7 5 6 4 3 8 11 14 16 11 10 17 16 14 15 18 12 32 13 35 34 30 36 19 25 20 26 23 
Beneficio: 63
d 7 5 6 4 3 8 11 14 16 11 10 17 16 14 15 32 13 12 34 30 36 19 21 20 26 22 
Beneficio: 38
d 7 5 6 4 3 8 11 14 16 11 10 16 14 15 32 12 34 30 36 
Beneficio: 75
d 7 5 6 4 3 8 11 14 16 11 10 17 16 14 15 18 12 13 32 35 30 36 19 24 26 23 20 26 
Beneficio: 58
d 7 5 6 4 3 8 11 14 16 11 10 14 15 18 12 32 35 30 36 19 24 22 26 20 25 31 
Beneficio: 12
d 7 5 6 4 3 8 11 14 16 11 10 14 15 18 15 32 12 34 30 36 19 24 26 23 
Beneficio: 33
d 7 5 6 4 3 8 11 14 16 11 10 17 16 14 15 18 12 13 35 34 36 19 24 22 26 20 
Beneficio: 92
d 7 5 6 4 3 8 11 14 16 17 10 11 16 14 15 18 12 13 30 35 34 36 19 24 22 26 20 21 25 
Beneficio: 14
d 7 5 6 4 3 8 11 14 16 17 10 11 16 14 15 18 12 13 35 30 36 31 25 21 19 24 26 23 
Beneficio: 39
d 7 5 6 4 3 8 11 14 16 17 10 11 16 10 14 15 18 15 32 35 34 36 31 25 20 
Beneficio: 16
d 7 5 6 4 3 8 11 14 16 17 10 11 10 14 15 18 12 13 32 35 30 36 19 21 20 26 24 22 
Beneficio: 10
d 7 5 6 4 3 8 11 14 16 17 10 14 15 18 12 13 32 35 34 30 36 19 25 21 20 26 23 24 
Beneficio: -19
d 7 5 6 4 3 8 11 14 16 17 10 14 15 18 12 32 13 35 30 36 31 25 21 20 26 
Beneficio: -99
d 7 5 6 4 3 8 11 14 16 17 10 14 15 18 12 13 32 35 34 36 19 21 25 20 
Beneficio: -83
d 7 5 6 4 3 8 11 14 16 17 10 14 15 32 13 12 34 35 30 36 19 21 31 25 
Beneficio: -13
d 7 5 6 4 3 8 11 14 15 18 12 13 35 34 30 36 31 21 19 24 23 20 26 23 
Beneficio: -39
d 7 5 6 4 3 8 11 14 15 18 12 13 32 35 34 30 36 19 24 26 20 25 21 
Beneficio: -10
d 7 5 6 4 3 8 11 14 15 18 12 13 30 36 31 25 20 26 23 24 19 21 25 
Beneficio: -27
d 7 5 6 4 3 8 11 14 15 18 12 13 32 35 30 34 36 19 24 23 26 20 25 19 
Beneficio: -38
d 7 5 6 4 3 8 11 14 15 18 12 32 35 30 34 36 31 25 20 26 24 19 
Beneficio: -22
d 7 5 6 4 3 8 11 14 15 18 12 32 35 34 36 31 21 20 26 23 24 19 36 30 13 
Beneficio: -34
d 7 5 6 4 3 8 11 14 15 18 12 32 35 34 30 36 19 24 22 26 20 25 21 
Beneficio: -33
d 7 5 6 4 3 8 11 14 15 18 15 32 12 13 35 34 30 36 19 21 25 20 26 22 24 
Beneficio: -44
d 7 5 6 4 3 8 11 14 15 18 15 32 35 13 30 36 19 25 20 26 23 
Beneficio: -35
d 7 5 6 4 3 8 11 14 15 18 12 13 35 34 30 36 31 25 21 19 24 23 26 20 
Beneficio: -66
d 7 5 6 4 3 8 11 14 15 18 12 32 13 30 36 31 21 25 20 23 26 20 
Beneficio: -52
d 7 5 6 4 3 8 11 14 15 32 12 13 30 35 34 36 31 21 25 20 26 23 24 19 25 
Beneficio: -35
d 7 5 6 4 3 8 11 14 15 32 12 34 36 31 21 25 20 26 23 24 22 26 
Beneficio: -65
d 7 5 6 4 3 8 11 14 15 32 13 12 34 35 30 36 19 21 25 20 26 24 
Beneficio: -57
d 7 5 6 4 3 8 11 14 15 32 35 30 13 12 34 36 31 21 25 20 26 
Beneficio: -65
d 7 5 6 4 3 8 11 14 15 32 13 35 30 36 31 25 21 19 24 26 20 
Beneficio: 60
d 7 5 6 4 3 8 11 10 14 16 11 14 15 18 12 13 30 36 31 25 21 19 24 26 20 
Beneficio: -14
d 7 5 6 4 3 8 11 10 14 16 11 14 15 32 12 13 35 34 30 36 31 25 21 19 
Beneficio: 57
d 7 5 6 4 3 8 11 10 14 16 11 14 15 18 12 13 35 30 36 31 25 21 20 26 24 22 
Beneficio: 57
d 7 5 6 4 3 8 11 10 14 16 11 14 15 32 12 13 35 34 30 36 19 21 25 20 26 23 24 
Beneficio: -16
d 7 5 6 4 3 8 11 10 14 15 18 12 13 30 34 36 31 25 20 26 22 24 19 
Beneficio: 35
d 7 5 6 4 3 8 11 10 14 15 18 12 13 35 30 36 31 25 21 20 26 23 24 22 26 
Beneficio: -13
d 7 5 6 4 3 8 11 10 14 15 18 12 13 32 35 34 36 19 24 22 26 20 21 25 
Beneficio: -81
d 7 5 6 4 3 8 11 10 14 15 18 12 32 13 35 34 36 19 21 20 23 26 
Beneficio: 19
d 7 5 6 4 3 8 11 10 14 15 18 12 32 35 34 30 36 19 24 26 20 25 21 
Beneficio: -24
d 7 5 6 4 3 8 11 10 14 15 18 15 32 35 30 36 19 21 20 26 22 24 19 21 25 
Beneficio: -51
d 7 5 6 4 3 8 11 10 14 15 18 12 13 30 36 19 25 21 20 26 23 
Beneficio: -48
d 7 5 6 4 3 8 11 10 14 15 18 12 32 35 34 36 19 24 22 26 20 21 
Beneficio: 7
d 7 5 6 4 3 8 11 10 14 15 32 35 34 12 13 30 36 19 21 25 20 26 24 23 
Beneficio: -90
d 7 5 6 4 3 8 11 10 14 15 32 13 35 34 30 36 19 25 21 
Beneficio: 56
d 7 5 6 4 3 8 11 10 17 16 11 14 15 18 12 13 35 34 30 36 31 25 21 20 26 22 24 23 
Beneficio: -42
d 7 5 6 4 3 8 11 10 17 16 11 14 15 32 12 13 35 30 34 36 19 21 25 
Beneficio: 34
d 7 5 6 4 3 8 11 10 17 16 11 14 15 18 12 13 35 30 34 36 19 24 22 26 20 
Beneficio: 19
d 7 5 6 4 3 8 11 10 17 16 14 15 18 12 32 35 30 36 31 25 21 20 26 22 24 23 
Beneficio: -112
d 7 5 6 4 3 8 11 10 17 16 14 15 18 12 13 32 35 34 30 36 31 25 19 24 
Beneficio: -39
d 7 5 6 4 3 8 11 10 17 16 14 15 18 12 13 35 34 30 36 19 21 20 
Beneficio: -21
d 7 5 6 4 3 8 11 10 17 16 14 15 18 12 34 30 36 19 24 26 20 25 21 
Beneficio: -88
d 7 5 6 4 3 8 11 10 17 16 14 15 32 35 34 30 36 19 24 26 22 
Beneficio: 35
d 7 5 6 4 3 8 11 10 16 11 14 15 18 12 32 35 30 36 31 25 21 20 26 24 19 
Beneficio: -49
d 7 5 6 4 3 8 11 10 16 14 15 18 12 13 35 30 34 36 19 24 26 20 25 31 
Beneficio: -26
d 7 5 6 4 3 8 11 10 16 14 15 18 12 13 35 34 36 19 25 21 20 26 23 24 
Beneficio: 58
d 7 5 6 4 3 8 11 10 16 11 14 15 18 12 13 35 34 30 36 31 25 21 20 26 24 23 
Beneficio: -41
d 7 5 6 4 3 8 11 10 16 14 15 18 12 13 30 36 19 21 20 26 23 20 25 
Beneficio: -19
d 7 5 6 4 3 8 11 10 16 14 15 18 12 13 32 35 30 36 31 21 25 20 26 23 24 
Beneficio: 26
d 7 5 6 4 3 8 11 10 17 16 11 14 15 18 12 32 35 34 36 19 24 22 26 20 
Beneficio: -82
d 7 5 6 4 3 8 11 10 17 16 14 15 18 12 34 35 13 30 36 31 25 21 19 24 
Beneficio: -23
d 7 5 6 4 3 8 11 10 17 16 14 15 18 12 34 35 30 36 31 25 21 20 26 23 24 19 
Beneficio: -44
d 7 5 6 4 3 8 11 10 14 15 18 12 13 35 34 30 36 19 24 22 26 20 25 31 21 
Beneficio: -12
d 7 5 6 4 3 8 11 16 17 10 14 15 18 12 32 13 30 36 31 25 21 20 26 22 24 
Beneficio: -15
d 7 5 6 4 3 8 11 16 14 10 17 16 14 15 18 12 13 30 36 19 25 20 26 24 22 
Beneficio: -46
d 7 5 6 4 3 8 11 16 14 15 18 12 13 30 36 19 25 21 20 26 24 22 
Beneficio: -50
d 7 5 6 4 3 8 11 16 14 15 18 12 13 30 35 34 36 19 25 21 20 26 22 
Beneficio: -7
d 7 5 6 4 3 8 11 16 10 14 15 32 12 13 35 34 30 36 19 24 23 26 20 
Beneficio: 97
d 7 5 6 4 3 8 11 14 10 11 16 14 15 18 12 13 35 30 36 31 21 25 20 26 22 24 19 
Beneficio: -84
d 7 5 6 4 3 8 11 14 10 17 16 14 15 32 12 13 35 34 30 36 
Beneficio: 3
d 7 5 6 4 3 8 11 14 16 11 10 14 15 32 35 34 30 36 19 24 26 23 
Beneficio: -72
d 7 5 6 4 3 8 11 14 16 17 10 14 15 18 12 13 30 35 34 36 19 25 21 
Beneficio: -40
d 7 5 6 4 3 8 11 14 15 32 35 34 30 36 19 25 21 20 26 24 23 
Beneficio: 111
d 7 5 6 4 3 8 11 16 17 10 11 14 15 18 12 13 32 35 30 36 19 21 20 26 23 24 
Beneficio: 92
d 7 5 6 4 3 8 11 16 17 10 11 14 15 18 12 13 30 36 19 24 23 26 20 21 19 25 31 
Beneficio: 33
d 7 5 6 4 3 8 11 16 17 10 11 14 15 32 13 30 36 19 25 20 23 24 
Beneficio: 122
d 7 5 6 4 3 8 11 16 17 10 11 10 14 15 18 12 32 35 34 30 36 19 21 25 20 26 23 24 26 
Beneficio: 47
d 7 5 6 4 3 8 11 16 17 10 11 10 14 15 32 35 30 36 19 24 23 20 25 21 
Beneficio: 73
d 7 5 6 4 3 8 11 16 17 10 14 15 18 12 13 35 30 36 31 25 21 19 24 23 26 20 
Beneficio: 14
d 7 5 6 4 3 8 11 16 17 10 14 15 18 12 13 30 34 36 19 21 20 23 26 22 24 
Beneficio: 71
d 7 5 6 4 3 8 11 16 17 10 14 15 18 12 13 32 35 30 36 19 24 26 20 23 26 22 
Beneficio: 57
d 7 5 6 4 3 8 11 16 17 10 14 15 18 12 32 13 30 36 19 24 26 20 21 31 
Beneficio: 12
d 7 5 6 4 3 8 11 16 17 10 14 15 18 12 32 35 13 30 36 31 25 19 24 22 26 23 
Beneficio: 89
d 7 5 6 4 3 8 11 16 17 10 14 15 18 15 32 35 34 12 13 30 36 19 24 23 26 20 25 
Beneficio: -15
d 7 5 6 4 3 8 11 16 17 10 14 15 18 12 13 32 35 34 30 36 19 25 20 21 
Beneficio: 11
d 7 5 6 4 3 8 11 16 17 10 14 15 18 12 34 35 30 36 31 25 20 21 19 24 23 26 22 
Beneficio: 40
d 7 5 6 4 3 8 11 16 17 10 14 15 32 12 34 35 30 36 31 25 21 20 26 24 19 
Beneficio: 72
d 7 5 6 4 3 8 11 16 17 10 14 15 32 13 35 34 30 36 19 24 23 26 20 25 21 
Beneficio: 50
d 7 5 6 4 3 8 11 16 17 10 14 15 32 12 34 36 19 25 20 26 22 
Beneficio: 2
d 7 5 6 4 3 8 11 16 17 10 14 15 18 12 32 35 34 36 19 21 25 31 
Beneficio: 67
d 7 5 6 4 3 8 11 16 17 10 11 14 15 18 12 32 35 30 34 36 31 25 21 20 26 22 24 
Beneficio: 99
d 7 5 6 4 3 8 11 16 17 10 11 10 14 15 18 12 32 35 13 30 36 31 25 21 20 26 23 
Beneficio: 83
d 7 5 6 4 3 8 11 16 17 10 14 15 18 12 13 32 35 34 30 36 19 21 25 20 26 24 23 
Beneficio: 49
d 7 5 6 4 3 8 11 16 17 10 14 15 18 12 32 35 13 30 36 19 24 23 20 21 31 
Beneficio: 1
d 7 5 6 4 3 8 11 16 17 10 14 15 18 15 32 12 34 36 19 21 25 20 
Beneficio: 43
d 7 5 6 4 3 8 11 16 17 10 14 15 32 12 13 30 36 19 25 20 23 26 20 
Beneficio: -20
d 7 5 6 4 3 8 11 16 17 10 14 15 32 12 13 30 35 34 36 31 25 21 
Beneficio: 97
d 7 5 6 4 3 8 11 16 17 8 11 10 14 15 18 12 13 35 30 36 19 24 26 20 25 
Beneficio: 86
d 7 5 6 4 3 8 11 16 14 10 11 14 15 18 12 13 32 35 30 34 36 19 24 26 20 25 21 
Beneficio: 114
d 7 5 6 4 3 8 11 16 14 10 11 14 15 18 12 32 35 30 36 19 24 23 26 20 25 19 
Beneficio: 91
d 7 5 6 4 3 8 11 16 14 10 11 14 15 18 15 32 35 30 36 31 25 21 20 26 22 
Beneficio: 57
d 7 5 6 4 3 8 11 16 14 10 11 14 15 32 12 13 35 30 36 31 25 19 24 23 
Beneficio: 94
d 7 5 6 4 3 8 11 16 14 10 11 10 17 16 14 15 18 12 13 35 30 36 19 24 26 20 21 
Beneficio: 43
d 7 5 6 4 3 8 11 16 14 10 11 8 17 16 14 15 18 12 13 30 34 36 19 21 25 31 
Beneficio: 91
d 7 5 6 4 3 8 11 16 14 10 17 16 14 15 18 12 13 30 36 19 21 25 20 26 23 24 19 21 31 
Beneficio: 50
d 7 5 6 4 3 8 11 16 14 10 17 16 14 15 18 12 34 35 30 36 19 25 21 20 26 22 
Beneficio: 45
d 7 5 6 4 3 8 11 16 14 10 17 16 14 15 18 12 32 13 30 36 31 25 21 19 24 26 20 
Beneficio: 0
d 7 5 6 4 3 8 11 16 14 10 17 16 14 15 32 12 13 35 30 36 19 24 23 26 22 
Beneficio: 69
d 7 5 6 4 3 8 11 16 14 15 18 12 13 35 30 36 31 25 19 24 23 26 20 21 19 
Beneficio: 26
d 7 5 6 4 3 8 11 16 14 15 18 12 13 30 34 36 31 25 21 20 26 23 20 
Beneficio: 41
d 7 5 6 4 3 8 11 16 14 15 18 12 13 35 30 34 36 31 25 21 20 26 24 19 
Beneficio: 91
d 7 5 6 4 3 8 11 16 14 15 18 12 32 35 34 30 36 31 25 19 24 23 26 20 21 
Beneficio: 46
d 7 5 6 4 3 8 11 16 14 15 18 12 32 13 35 34 36 19 24 26 20 25 
Beneficio: 47
d 7 5 6 4 3 8 11 16 14 15 18 12 34 36 19 25 21 20 26 23 24 19 21 20 
Beneficio: 49
d 7 5 6 4 3 8 11 16 14 15 18 15 32 12 13 30 34 36 19 24 22 26 20 23 24 
Beneficio: 65
d 7 5 6 4 3 8 11 16 14 15 18 15 32 12 13 35 30 36 19 24 23 26 20 21 31 25 
Beneficio: 35
d 7 5 6 4 3 8 11 16 14 15 18 12 13 35 30 36 31 25 20 26 22 24 23 
Beneficio: 34
d 7 5 6 4 3 8 11 16 14 15 18 12 32 13 35 30 36 19 21 20 26 22 
Beneficio: -34
d 7 5 6 4 3 8 11 16 14 15 32 12 13 35 34 30 36 31 25 21 20 
Beneficio: 19
d 7 5 6 4 3 8 11 16 14 15 32 35 34 12 13 30 36 31 21 20 26 22 
Beneficio: 16
d 7 5 6 4 3 8 11 16 14 15 32 13 35 34 36 31 25 20 26 22 
Beneficio: 9
d 7 5 6 4 3 8 11 16 14 15 32 12 13 35 34 36 19 24 22 26 20 25 31 
Beneficio: 108
d 7 5 6 4 3 8 11 16 14 11 10 14 15 18 12 13 35 30 36 31 21 
Beneficio: 60
d 7 5 6 4 3 8 11 16 14 11 10 14 15 18 12 32 35 34 30 36 31 25 19 24 26 
Beneficio: 120
d 7 5 6 4 3 8 11 16 14 11 10 14 15 18 15 32 35 34 30 36 31 25 21 20 26 23 24 
Beneficio: 74
d 7 5 6 4 3 8 11 16 14 11 10 14 15 32 12 13 35 34 30 36 19 25 20 26 24 
Beneficio: 103
d 7 5 6 4 3 8 11 16 14 11 10 17 16 14 15 18 12 13 30 36 19 21 20 26 
Beneficio: 31
d 7 5 6 4 3 8 11 16 14 11 10 14 15 32 35 34 30 36 19 24 26 22 
Beneficio: 98
d 7 5 6 4 3 8 11 16 14 10 11 14 15 18 12 13 35 30 36 31 21 25 19 24 26 20 
Beneficio: 119
d 7 5 6 4 3 8 11 16 14 10 11 14 15 18 12 34 30 36 31 25 21 19 24 22 26 20 
Beneficio: 66
d 7 5 6 4 3 8 11 16 14 10 11 14 15 32 12 13 30 34 36 19 25 21 20 26 24 22 
Beneficio: 124
d 7 5 6 4 3 8 11 16 14 10 11 10 17 16 14 15 18 12 34 35 13 30 36 31 25 21 20 26 23 24 22 
Beneficio: 36
d 7 5 6 4 3 8 11 16 14 10 11 14 15 18 12 13 32 35 34 30 
Beneficio: 4
d 7 5 6 4 3 8 11 16 14 10 17 16 14 15 18 12 13 35 34 36 31 25 21 20 
Beneficio: 41
d 7 5 6 4 3 8 11 16 14 10 17 16 14 15 18 12 13 35 30 36 19 24 26 20 23 
Beneficio: -22
d 7 5 6 4 3 8 11 16 14 10 17 16 14 15 32 35 30 34 36 19 24 26 
Beneficio: 31
d 7 5 6 4 3 8 11 16 14 15 18 12 13 35 30 34 36 31 25 21 20 26 22 24 
Beneficio: 27
d 7 5 6 4 3 8 11 16 14 15 18 12 13 30 35 34 36 19 24 23 
Beneficio: 6
d 7 5 6 4 3 8 11 16 14 15 18 12 13 32 35 30 36 31 25 20 21 19 
Beneficio: 51
d 7 5 6 4 3 8 11 16 14 15 18 12 32 35 13 30 34 36 31 25 20 26 23 24 22 
Beneficio: 41
d 7 5 6 4 3 8 11 16 14 15 18 12 34 35 13 30 36 19 24 26 20 21 19 25 
Beneficio: -14
d 7 5 6 4 3 8 11 16 14 15 18 12 34 35 30 36 31 25 19 21 
Beneficio: 49
d 7 5 6 4 3 8 11 16 14 15 18 15 32 12 13 30 34 36 19 24 22 26 20 23 24 
Beneficio: -32
d 7 5 6 4 3 8 11 16 14 15 18 12 13 30 35 34 36 31 21 19 24 22 26 
Beneficio: 35
d 7 5 6 4 3 8 11 16 14 15 18 12 34 35 32 13 30 36 19 21 20 26 23 24 19 25 
Beneficio: 38
d 7 5 6 4 3 8 11 16 14 15 32 12 13 35 34 36 19 21 20 26 
Beneficio: 15
d 7 5 6 4 3 8 11 16 14 15 32 35 34 36 31 21 20 26 22 24 19 
Beneficio: 11
d 7 5 6 4 3 8 11 16 14 15 32 35 13 12 34 36 19 24 22 26 20 25 21 31 
Beneficio: 55
d 7 5 6 4 3 8 11 16 14 11 10 14 15 18 12 13 35 30 36 19 24 22 26 23 20 
Beneficio: 88
d 7 5 6 4 3 8 11 16 14 11 10 14 15 18 12 32 35 13 30 34 36 31 21 20 26 22 
Beneficio: 96
d 7 5 6 4 3 8 11 16 14 11 10 14 15 18 12 13 35 34 30 36 31 25 21 20 26 23 24 22 
Beneficio: 44
d 7 5 6 4 3 8 11 16 14 11 10 14 15 32 13 12 34 35 30 36 19 21 25 31 
Beneficio: 59
d 7 5 6 4 3 8 11 16 14 11 10 17 16 14 15 32 12 13 35 34 30 36 31 21 20 26 
Beneficio: 95
d 7 5 6 4 3 8 11 16 10 11 14 15 18 12 13 35 30 36 19 21 20 26 23 
Beneficio: 99
d 7 5 6 4 3 8 11 16 10 11 10 14 15 18 12 13 30 35 34 36 31 25 20 26 23 
Beneficio: 40
d 7 5 6 4 3 8 11 16 10 14 15 18 12 13 35 34 36 31 25 21 20 23 24 
Beneficio: 28
d 7 5 6 4 3 8 11 16 10 14 15 18 12 13 32 35 34 30 36 19 21 20 23 24 22 26 
Beneficio: 87
d 7 5 6 4 3 8 11 16 10 14 15 18 12 32 13 35 30 36 31 25 21 19 24 23 26 20 
Beneficio: -14
d 7 5 6 4 3 8 11 16 10 14 15 18 12 32 13 30 35 34 36 31 25 
Beneficio: 39
d 7 5 6 4 3 8 11 16 10 14 15 32 13 12 34 35 30 36 19 24 22 26 20 23 
Beneficio: 50
d 7 5 6 4 3 8 11 16 10 14 15 18 12 13 30 34 36 19 24 23 20 26 
Beneficio: 19
d 7 5 6 4 3 8 11 16 10 11 14 15 18 12 13 30 35 34 36 31 25 21 19 24 26 
Beneficio: 113
d 7 5 6 4 3 8 11 16 10 11 10 14 15 18 12 13 35 30 34 36 31 25 20 26 23 24 22 
Beneficio: 69
d 7 5 6 4 3 8 11 16 10 14 15 18 12 13 35 30 34 36 19 21 20 26 23 24 19 
Beneficio: -4
d 7 5 6 4 3 8 11 16 10 14 15 18 12 13 32 35 34 30 36 19 24 26 
Beneficio: 33
d 7 5 6 4 3 8 11 16 10 14 15 18 12 34 35 13 30 36 19 21 31 
Beneficio: -15
d 7 5 6 4 3 8 11 16 10 14 15 18 12 34 35 30 36 19 24 26 22 2 
Beneficio: 64
d 7 5 6 4 3 8 11 16 10 14 15 32 13 35 30 36 19 21 25 20 26 24 23 26 
Beneficio: 54
d 7 5 6 4 3 8 11 16 10 14 15 18 12 13 30 34 36 19 21 20 26 23 24 19 
Beneficio: 63
d 7 5 6 4 3 8 11 16 17 10 14 15 32 35 30 36 19 25 20 26 23 24 
Beneficio: 96
d 7 5 6 4 3 8 11 16 11 10 14 15 32 35 13 30 36 19 24 22 26 20 25 21 
Beneficio: 122
d 7 5 6 4 3 8 11 10 14 16 11 14 15 18 12 13 35 30 36 31 25 20 26 23 24 22 
Beneficio: 88
d 7 5 6 4 3 8 11 10 14 16 11 14 15 18 12 32 13 35 34 36 19 24 26 23 20 26 
Beneficio: 35
d 7 5 6 4 3 8 11 10 14 16 11 14 15 18 12 13 35 34 30 36 19 24 22 26 23 20 21 
Beneficio: 107
d 7 5 6 4 3 8 11 10 14 16 11 14 15 32 35 34 36 31 21 25 20 26 23 24 
Beneficio: 41
d 7 5 6 4 3 8 11 10 14 16 11 10 17 16 14 15 18 15 32 35 34 36 19 24 
Beneficio: 102
d 7 5 6 4 3 8 11 10 14 16 11 16 14 15 18 12 13 35 30 36 31 25 21 19 24 26 20 
Beneficio: 127
d 7 5 6 4 3 8 11 10 14 16 11 14 15 18 12 13 30 34 36 31 25 21 20 26 23 24 26 22 
Beneficio: 68
d 7 5 6 4 3 8 11 10 14 16 11 14 15 18 12 13 32 35 30 36 31 25 21 20 
Beneficio: 49
d 7 5 6 4 3 8 11 10 14 16 11 14 15 18 15 32 13 12 34 35 30 36 19 24 22 26 
Beneficio: 68
d 7 5 6 4 3 8 11 10 14 16 11 14 15 32 35 34 36 19 21 25 20 26 22 24 
Beneficio: 108
d 7 5 6 4 3 8 11 10 14 16 11 10 16 14 15 18 12 13 35 30 34 36 19 24 23 26 20 21 
Beneficio: 127
d 7 5 6 4 3 8 11 10 14 16 17 10 11 16 14 15 18 12 13 30 36 19 21 20 26 23 24 19 25 
Beneficio: 14
d 7 5 6 4 3 8 11 10 14 15 18 12 13 30 36 31 21 20 26 24 22 27 
Beneficio: 41
d 7 5 6 4 3 8 11 10 14 15 18 12 13 32 35 34 30 36 31 25 21 20 26 22 24 19 
Beneficio: 58
d 7 5 6 4 3 8 11 10 14 15 18 12 13 35 30 36 31 25 21 20 26 24 22 
Beneficio: 30
d 7 5 6 4 3 8 11 10 14 15 18 12 13 35 34 30 36 19 24 26 20 23 24 22 26 
Beneficio: 21
d 7 5 6 4 3 8 11 10 14 15 18 12 13 32 35 34 30 36 31 25 21 20 26 22 
Beneficio: 44
d 7 5 6 4 3 8 11 10 14 15 18 12 32 35 34 30 36 31 25 20 26 24 23 20 21 
Beneficio: 11
d 7 5 6 4 3 8 11 10 14 15 18 12 32 13 35 30 36 31 21 25 19 24 22 26 20 
Beneficio: 36
d 7 5 6 4 3 8 11 10 14 15 18 12 34 35 30 36 31 21 20 26 22 27 2 
Beneficio: 30
d 7 5 6 4 3 8 11 10 14 15 18 12 32 35 34 30 36 31 21 25 20 26 24 23 26 22 
Beneficio: 61
d 7 5 6 4 3 8 11 10 14 15 18 12 34 35 13 30 36 31 21 20 26 24 23 
Beneficio: -12
d 7 5 6 4 3 8 11 10 14 15 18 15 32 35 34 12 13 30 36 31 25 21 19 24 23 26 22 
Beneficio: 15
d 7 5 6 4 3 8 11 10 14 15 18 15 32 12 13 35 34 30 36 31 25 21 20 26 22 24 
Beneficio: -6
d 7 5 6 4 3 8 11 10 14 15 18 12 13 35 34 30 36 19 24 23 20 21 
Beneficio: -13
d 7 5 6 4 3 8 11 10 14 15 18 12 13 30 36 19 21 31 25 20 26 22 
Beneficio: 18
d 7 5 6 4 3 8 11 10 14 15 18 12 32 35 13 30 34 36 19 24 23 26 20 21 19 
Beneficio: -21
d 7 5 6 4 3 8 11 10 14 15 18 12 32 35 30 34 36 19 24 23 20 
Beneficio: 16
d 7 5 6 4 3 8 11 10 14 15 32 12 13 35 34 30 36 31 21 20 26 23 24 
Beneficio: -8
d 7 5 6 4 3 8 11 10 14 15 32 12 34 36 19 25 20 23 26 20 
Beneficio: -37
d 7 5 6 4 3 8 11 10 14 15 32 35 30 13 12 34 36 31 25 19 24 22 26 23 24 
Beneficio: -27
d 7 5 6 4 3 8 11 10 14 15 32 13 12 34 35 30 36 31 25 21 19 24 22 26 23 24 
Beneficio: -50
d 7 5 6 4 3 8 11 10 14 15 32 35 13 30 36 19 24 26 20 25 21 
Beneficio: -49
d 7 5 6 4 3 8 11 10 14 15 32 12 13 30 35 34 36 19 24 22 26 23 
Beneficio: 58
d 7 5 6 4 3 8 11 10 14 11 16 14 15 18 12 13 35 30 34 36 19 25 21 20 23 24 22 
Beneficio: 100
d 7 5 6 4 3 8 11 10 14 11 16 14 15 18 12 13 30 36 31 25 20 26 24 19 21 
Beneficio: 40
d 7 5 6 4 3 8 11 10 14 11 16 14 15 18 15 32 12 13 35 30 36 31 21 
Beneficio: 16
d 7 5 6 4 3 8 11 10 14 11 16 14 15 32 12 13 35 34 36 31 21 20 
Beneficio: 49
d 7 5 6 4 3 8 11 10 14 11 16 14 15 18 12 13 30 36 19 21 25 20 23 26 24 
Beneficio: 106
d 7 5 6 4 3 8 11 10 14 11 16 14 15 18 12 13 32 35 34 30 36 31 25 20 26 24 22 
Beneficio: 59
d 7 5 6 4 3 8 11 10 14 11 16 14 15 18 15 32 12 34 35 30 36 31 25 20 
Beneficio: 103
d 7 5 6 4 3 8 11 10 14 11 16 14 15 32 12 34 30 36 19 24 22 26 20 21 25 
Beneficio: 124
d 7 5 6 4 3 8 11 10 14 11 16 14 15 18 12 13 35 30 36 19 21 20 26 24 23 
Beneficio: 111
d 7 5 6 4 3 8 11 10 17 16 11 14 15 18 12 13 35 30 36 19 21 20 26 22 24 23 
Beneficio: 25
d 7 5 6 4 3 8 11 10 17 16 11 14 15 18 15 32 35 34 12 13 30 36 19 24 22 26 
Beneficio: 104
d 7 5 6 4 3 8 11 10 17 16 11 14 15 32 13 12 34 35 30 36 19 24 23 26 20 
Beneficio: 46
d 7 5 6 4 3 8 11 10 17 16 11 10 14 15 18 12 32 35 30 34 36 31 25 21 19 
Beneficio: 37
d 7 5 6 4 3 8 11 10 17 16 11 10 14 15 32 13 12 34 36 19 24 22 26 23 
Beneficio: 58
d 7 5 6 4 3 8 11 10 17 16 11 16 14 15 18 12 13 35 34 30 36 19 24 26 20 
Beneficio: 50
d 7 5 6 4 3 8 11 10 17 16 14 15 18 12 13 35 34 30 36 19 25 21 20 26 22 24 23 
Beneficio: 9
d 7 5 6 4 3 8 11 10 17 16 14 15 18 12 13 30 36 31 25 21 20 26 23 24 19 21 31 
Beneficio: -16
d 7 5 6 4 3 8 11 10 17 16 14 15 18 12 32 35 13 30 36 19 24 22 26 
Beneficio: -59
d 7 5 6 4 3 8 11 10 17 16 14 15 18 12 32 13 35 30 34 36 19 21 25 31 
Beneficio: -35
d 7 5 6 4 3 8 11 10 17 16 14 15 18 12 13 32 35 34 30 36 19 21 25 
Beneficio: -2
d 7 5 6 4 3 8 11 10 17 16 14 15 32 12 13 35 34 30 36 19 21 20 26 22 
Beneficio: -12
d 7 5 6 4 3 8 11 10 17 16 14 15 32 13 12 34 35 30 36 19 24 26 23 24 
Beneficio: 96
d 7 5 6 4 3 8 11 10 17 16 14 11 16 14 15 18 12 32 35 13 30 36 19 24 23 26 20 21 31 25 
Beneficio: 104
d 7 5 6 4 3 8 11 10 17 16 14 11 16 10 14 15 32 12 13 30 36 19 24 23 26 20 21 25 31 
Beneficio: -10
d 7 5 6 4 3 8 11 10 17 16 14 15 18 12 13 35 30 36 31 21 19 24 22 26 20 21 
Beneficio: -6
d 7 5 6 4 3 8 11 10 17 16 14 15 18 12 13 32 35 30 36 19 24 23 26 22 24 
Beneficio: 39
d 7 5 6 4 3 8 11 10 17 16 14 15 18 12 34 30 36 31 21 25 20 26 22 
Beneficio: -51
d 7 5 6 4 3 8 11 10 17 16 14 15 18 12 13 30 36 31 25 21 19 24 22 
Beneficio: -3
d 7 5 6 4 3 8 11 10 17 16 14 15 32 12 13 30 34 36 19 24 23 20 26 24 
Beneficio: -2
d 7 5 6 4 3 8 11 10 17 16 14 15 32 13 35 30 36 19 21 25 20 26 23 24 19 21 
Beneficio: 96
d 7 5 6 4 3 8 11 10 17 16 14 11 16 14 15 18 12 34 35 30 36 19 24 23 26 20 
Beneficio: -25
d 7 5 6 4 3 8 11 10 17 16 14 15 18 12 34 30 36 19 21 25 
Beneficio: 106
d 7 5 6 4 3 8 11 10 16 11 14 16 17 10 14 15 18 12 34 35 30 36 19 24 22 26 20 25 31 
Beneficio: 88
d 7 5 6 4 3 8 11 10 16 11 14 15 18 12 34 30 36 19 24 26 20 25 21 
Beneficio: 91
d 7 5 6 4 3 8 11 10 16 11 10 14 15 18 12 32 35 30 36 19 24 26 20 21 
Beneficio: 11
d 7 5 6 4 3 8 11 10 16 14 15 18 12 13 30 35 34 36 31 25 21 20 26 22 24 
Beneficio: -14
d 7 5 6 4 3 8 11 10 16 14 15 18 12 32 13 30 35 34 36 19 21 20 26 
Beneficio: -25
d 7 5 6 4 3 8 11 10 16 14 15 18 12 32 13 35 30 36 19 25 21 20 26 
Beneficio: 30
d 7 5 6 4 3 8 11 10 16 14 15 18 12 13 35 30 34 36 31 25 20 26 24 23 26 
Beneficio: -3
d 7 5 6 4 3 8 11 10 16 14 15 18 12 32 35 13 30 34 36 19 24 22 26 20 25 
Beneficio: 7
d 7 5 6 4 3 8 11 10 16 14 15 32 13 12 34 30 36 19 24 23 26 20 23 
Beneficio: 50
d 7 5 6 4 3 8 11 10 16 11 14 16 17 10 14 15 18 12 34 30 36 19 21 20 25 
Beneficio: 33
d 7 5 6 4 3 8 11 10 16 11 14 15 18 12 32 35 34 36 19 24 23 
Beneficio: 76
d 7 5 6 4 3 8 11 10 16 11 10 17 16 14 15 18 12 32 13 30 36 31 25 21 20 26 24 
Beneficio: 28
d 7 5 6 4 3 8 11 10 16 14 15 18 12 13 35 34 30 36 19 24 26 20 25 
Beneficio: -22
d 7 5 6 4 3 8 11 10 16 14 15 18 12 34 30 36 31 25 21 19 24 22 26 
Beneficio: -2
d 7 5 6 4 3 8 11 10 16 14 15 32 12 13 35 34 30 36 19 25 21 20 26 22 
Beneficio: -26
d 7 5 6 4 3 8 11 10 16 14 15 18 12 13 30 36 19 24 23 26 24 22 
Beneficio: 31
d 7 5 6 4 3 8 11 10 16 14 15 18 15 32 12 34 35 30 36 19 24 23 26 20 
Beneficio: 101
d 7 5 6 4 3 8 11 10 17 16 11 14 15 18 12 13 30 34 36 19 21 25 20 26 23 24 22 
Beneficio: 61
d 7 5 6 4 3 8 11 10 17 16 11 14 15 32 35 13 30 36 19 24 26 20 25 31 
Beneficio: 27
d 7 5 6 4 3 8 11 10 17 16 11 16 14 15 18 12 13 32 35 30 36 
Beneficio: 18
d 7 5 6 4 3 8 11 10 17 16 14 15 18 12 13 35 34 30 36 19 24 26 20 25 21 
Beneficio: -24
d 7 5 6 4 3 8 11 10 17 16 14 15 18 12 13 30 35 34 36 19 25 20 26 24 
Beneficio: 21
d 7 5 6 4 3 8 11 10 17 16 14 15 18 12 13 30 36 31 25 21 20 26 22 
Beneficio: -2
d 7 5 6 4 3 8 11 10 17 16 14 15 18 12 34 35 30 36 31 21 25 20 26 22 
Beneficio: 14
d 7 5 6 4 3 8 11 10 17 16 14 15 32 35 34 30 36 19 25 21 20 26 23 24 
Beneficio: 112
d 7 5 6 4 3 8 11 10 11 16 17 10 14 15 18 12 13 30 34 36 31 25 21 19 24 23 26 20 25 21 
Beneficio: 100
d 7 5 6 4 3 8 11 10 11 16 17 10 14 15 18 12 34 30 36 19 24 22 26 20 21 25 
Beneficio: 77
d 7 5 6 4 3 8 11 10 11 16 17 10 14 15 18 12 13 30 36 34 
Beneficio: 98
d 7 5 6 4 3 8 11 10 11 16 14 15 18 12 13 35 30 34 36 31 25 20 26 23 24 19 
Beneficio: 23
d 7 5 6 4 3 8 11 10 11 16 14 15 18 12 34 35 30 36 31 25 19 24 26 22 
Beneficio: 9
d 7 5 6 4 3 8 11 10 11 16 14 15 32 35 34 12 13 30 36 19 24 22 27 
Beneficio: 87
d 7 5 6 4 3 8 11 10 11 16 14 15 18 12 13 35 30 36 31 21 25 20 26 23 24 26 22 
Beneficio: 95
d 7 5 6 4 3 8 11 10 11 16 14 15 18 12 34 35 30 36 31 25 19 24 23 26 20 21 
Beneficio: 120
d 7 5 6 4 3 8 11 10 11 16 10 14 15 18 12 13 30 36 19 25 21 20 26 23 24 22 
Beneficio: 53
d 7 5 6 4 3 8 11 10 11 16 10 14 15 18 12 32 35 13 30 36 19 21 25 20 
Beneficio: 15
d 7 5 6 4 3 8 11 10 11 14 15 18 12 34 35 13 30 36 19 21 25 20 26 23 
Beneficio: 31
d 7 5 6 4 3 8 11 10 14 16 11 10 17 16 14 15 18 12 32 13 30 36 31 
Beneficio: -5
d 7 5 6 4 3 8 11 10 14 15 18 12 13 32 35 34 36 19 21 20 26 
Beneficio: -3
d 7 5 6 4 3 8 11 10 14 15 18 12 34 30 36 31 25 21 20 26 24 23 
Beneficio: 48
d 7 5 6 4 3 8 11 14 10 11 16 14 15 18 12 13 35 34 30 36 31 25 21 19 24 26 
Beneficio: 77
d 7 5 6 4 3 8 11 14 10 11 16 14 15 18 12 13 32 35 30 36 19 21 31 
Beneficio: 51
d 7 5 6 4 3 8 11 14 10 11 16 14 15 18 12 34 30 36 31 25 21 19 
Beneficio: 48
d 7 5 6 4 3 8 11 14 10 11 16 14 15 18 12 34 30 36 31 21 19 24 23 26 
Beneficio: 81
d 7 5 6 4 3 8 11 14 10 11 16 14 15 32 12 34 35 30 36 31 25 21 20 26 22 24 19 
Beneficio: 56
d 7 5 6 4 3 8 11 14 10 11 16 14 15 18 12 13 35 30 34 36 19 24 22 26 23 
Beneficio: 94
d 7 5 6 4 3 8 11 14 10 11 16 14 15 18 12 34 30 36 19 24 22 26 20 21 25 
Beneficio: 58
d 7 5 6 4 3 8 11 14 10 11 16 14 15 32 12 13 35 34 30 36 19 24 23 20 21 
Beneficio: -5
d 7 5 6 4 3 8 11 14 10 11 10 17 16 14 15 18 12 34 30 36 31 21 
Beneficio: 107
d 7 5 6 4 3 8 11 14 10 17 16 11 10 16 14 15 18 12 13 30 36 31 25 20 26 24 22 
Beneficio: 86
d 7 5 6 4 3 8 11 14 10 17 16 11 10 14 15 18 12 34 35 13 30 36 19 24 22 26 20 
Beneficio: -54
d 7 5 6 4 3 8 11 14 10 17 16 14 15 18 12 32 35 34 30 36 19 
Beneficio: -49
d 7 5 6 4 3 8 11 14 10 17 16 14 15 32 35 30 34 36 19 24 22 26 20 
Beneficio: -40
d 7 5 6 4 3 8 11 14 10 17 16 14 15 18 15 32 13 35 34 36 
Beneficio: 66
d 7 5 6 4 3 8 11 14 10 16 11 10 17 16 14 15 18 12 32 35 30 36 19 24 26 
Beneficio: 114
d 7 5 6 4 3 8 11 14 10 16 11 10 17 16 14 15 18 12 13 30 36 31 25 21 20 26 22 24 
Beneficio: 55
d 7 5 6 4 3 8 11 14 10 17 16 11 10 16 14 15 18 12 13 32 35 34 36 
Beneficio: 117
d 7 5 6 4 3 8 11 14 16 11 10 14 15 18 12 13 30 35 34 36 19 24 22 26 23 24 26 20 21 25 31 
Beneficio: 116
d 7 5 6 4 3 8 11 14 16 11 10 14 15 18 12 32 35 34 30 36 19 21 25 20 26 24 23 26 
Beneficio: 55
d 7 5 6 4 3 8 11 14 16 11 10 14 15 18 12 13 32 35 34 30 36 19 24 23 26 
Beneficio: 78
d 7 5 6 4 3 8 11 14 16 11 10 14 15 32 35 13 30 36 31 21 25 19 24 26 20 
Beneficio: 61
d 7 5 6 4 3 8 11 14 16 11 10 17 16 14 15 18 12 34 35 30 36 31 25 21 19 24 23 
Beneficio: 43
d 7 5 6 4 3 8 11 14 16 11 10 16 14 15 18 15 32 35 34 12 13 30 
Beneficio: 46
d 7 5 6 4 3 8 11 14 16 11 10 14 15 18 12 34 35 32 13 
Beneficio: 96
d 7 5 6 4 3 8 11 14 16 17 10 11 16 14 15 18 12 13 32 35 30 36 19 21 20 26 24 23 26 22 24 
Beneficio: 48
d 7 5 6 4 3 8 11 14 16 17 10 11 16 10 14 15 18 12 34 36 30 35 32 13 
Beneficio: -23
d 7 5 6 4 3 8 11 14 16 17 10 14 15 18 12 32 35 34 36 19 25 21 20 26 
Beneficio: -37
d 7 5 6 4 3 8 11 14 16 17 10 14 15 32 13 12 34 35 30 36 19 21 20 26 22 24 19 
Beneficio: 113
d 7 5 6 4 3 8 11 14 16 11 10 14 15 18 12 13 35 34 36 31 25 19 24 23 26 20 21 31 
Beneficio: 86
d 7 5 6 4 3 8 11 14 16 11 10 14 15 18 12 32 13 35 30 34 36 19 24 26 20 
Beneficio: 36
d 7 5 6 4 3 8 11 14 16 11 10 14 15 32 12 13 30 35 34 36 31 25 20 
Beneficio: 50
d 7 5 6 4 3 8 11 14 16 11 10 17 16 14 15 18 12 13 30 36 19 24 23 26 20 
Beneficio: 16
d 7 5 6 4 3 8 11 14 16 11 10 16 14 15 18 12 34 30 36 19 25 21 
Beneficio: 38
d 7 5 6 4 3 8 11 14 16 11 10 14 15 32 12 13 35 30 36 19 24 22 26 20 
Beneficio: 13
d 7 5 6 4 3 8 11 14 16 17 10 11 16 14 15 18 12 34 30 35 32 13 
Beneficio: -13
d 7 5 6 4 3 8 11 14 16 17 10 14 15 18 12 13 32 35 30 36 19 21 20 26 22 24 
Beneficio: -19
d 7 5 6 4 3 8 11 14 16 17 10 14 15 32 12 13 35 30 36 19 21 25 20 26 22 24 23 
Beneficio: -30
d 7 5 6 4 3 8 11 14 15 18 12 13 32 35 30 36 31 21 20 26 22 24 
Beneficio: -21
d 7 5 6 4 3 8 11 14 15 18 12 13 32 35 34 36 19 24 22 26 23 24 26 20 25 
Beneficio: -81
d 7 5 6 4 3 8 11 14 15 18 12 34 35 30 36 19 24 26 22 27 2 
Beneficio: -31
d 7 5 6 4 3 8 11 14 15 18 15 32 35 34 36 19 24 26 20 
Beneficio: -44
d 7 5 6 4 3 8 11 14 15 18 12 13 32 35 34 30 36 31 25 20 26 
Beneficio: -99
d 7 5 6 4 3 8 11 14 15 32 12 34 35 13 30 36 19 25 
Beneficio: -48
d 7 5 6 4 3 8 11 14 15 32 12 13 35 30 36 31 25 21 19 24 26 20 
Beneficio: -4
d 7 5 6 4 3 8 11 10 14 16 11 14 15 32 13 12 34 30 36 31 21 25 
Beneficio: 12
d 7 5 6 4 3 8 11 10 14 15 18 12 13 30 34 36 19 24 23 26 20 25 31 21 
Beneficio: -33
d 7 5 6 4 3 8 11 10 14 15 18 12 13 32 35 30 36 19 24 26 20 25 31 
Beneficio: 19
d 7 5 6 4 3 8 11 10 14 15 18 12 32 35 13 30 36 19 21 20 26 24 23 
Beneficio: -27
d 7 5 6 4 3 8 11 10 14 15 18 12 34 30 36 31 25 21 20 26 24 
Beneficio: -81
d 7 5 6 4 3 8 11 10 14 15 32 12 13 30 34 36 19 24 22 26 
Beneficio: -44
d 7 5 6 4 3 8 11 10 17 16 14 15 18 12 13 35 34 36 19 21 25 20 26 24 22 
Beneficio: -84
d 7 5 6 4 3 8 11 10 17 16 14 15 18 12 13 30 36 31 25 21 19 24 22 
Beneficio: -20
d 7 5 6 4 3 8 11 10 16 11 14 10 17 16 14 15 32 35 30 34 12 13 
Beneficio: -99
d 7 5 6 4 3 8 11 10 16 14 15 32 12 13 35 34 30 
Beneficio: -57
d 7 5 6 4 3 8 11 10 16 14 15 32 12 13 30 36 19 21 25 20 26 23 
Beneficio: 38
d 7 5 6 4 3 8 11 10 14 16 11 14 15 18 12 13 30 34 36 19 24 26 20 
Beneficio: -20
d 7 5 6 4 3 8 11 16 14 15 18 12 13 35 30 36 19 21 20 26 23 24 26 22 
Beneficio: 96
d 7 5 6 4 3 8 11 14 10 11 16 14 15 18 12 13 30 36 34 35 
Beneficio: 90
d 7 5 6 4 3 8 11 14 16 11 10 14 15 18 12 34 36 19 24 26 20 21 
Beneficio: 147
d 7 5 6 4 3 8 17 16 11 10 14 15 18 12 13 30 36 19 21 25 20 26 23 24 22 
Beneficio: 115
d 7 5 6 4 3 8 17 16 11 10 14 15 18 12 13 32 35 34 30 36 31 25 20 26 24 19 
Beneficio: 94
d 7 5 6 4 3 8 17 16 11 10 14 15 18 12 13 30 34 36 19 21 31 25 20 26 23 
Beneficio: 87
d 7 5 6 4 3 8 17 16 11 10 14 15 18 12 13 35 34 36 31 25 21 19 24 23 
Beneficio: 86
d 7 5 6 4 3 8 17 16 11 10 14 15 18 12 32 35 34 30 36 19 25 21 
Beneficio: 117
d 7 5 6 4 3 8 17 16 11 10 14 15 18 12 32 13 35 34 30 36 31 25 21 19 24 26 20 
Beneficio: 125
d 7 5 6 4 3 8 17 16 11 10 14 15 18 12 34 30 36 31 25 20 26 22 24 19 
Beneficio: 53
d 7 5 6 4 3 8 17 16 11 10 14 15 18 12 34 35 30 36 31 21 20 23 26 22 24 
Beneficio: 54
d 7 5 6 4 3 8 17 16 11 10 14 15 18 15 32 35 30 36 31 21 19 24 22 
Beneficio: 76
d 7 5 6 4 3 8 17 16 11 10 14 15 18 12 13 30 36 31 25 20 26 22 24 19 21 20 23 
Beneficio: 106
d 7 5 6 4 3 8 17 16 11 10 14 15 18 12 13 30 36 19 21 31 25 20 26 22 24 23 26 
Beneficio: 77
d 7 5 6 4 3 8 17 16 11 10 14 15 18 12 32 13 35 30 36 19 24 22 26 23 20 26 
Beneficio: 43
d 7 5 6 4 3 8 17 16 11 10 14 15 32 12 13 30 34 36 31 21 19 24 
Beneficio: 99
d 7 5 6 4 3 8 17 16 11 10 14 15 32 12 34 36 19 21 31 25 20 26 23 24 19 
Beneficio: 106
d 7 5 6 4 3 8 17 16 11 10 14 15 32 13 12 34 30 36 31 25 21 20 26 24 23 20 
Beneficio: 111
d 7 5 6 4 3 8 17 16 11 10 14 15 32 35 34 30 36 19 24 23 26 20 21 25 31 
Beneficio: 115
d 7 5 6 4 3 8 17 16 11 10 14 15 32 12 13 30 36 31 25 21 20 26 24 23 
Beneficio: 77
d 7 5 6 4 3 8 17 16 11 10 16 14 15 18 12 13 35 30 34 36 19 24 26 20 21 31 25 
Beneficio: 42
d 7 5 6 4 3 8 17 16 11 10 16 14 15 18 15 32 35 30 34 12 
Beneficio: 97
d 7 5 6 4 3 8 17 16 11 10 16 14 15 18 12 13 35 34 30 36 31 25 21 20 23 24 22 26 20 
Beneficio: 9
d 7 5 6 4 3 8 17 16 11 10 16 14 15 18 12 13 32 35 34 30 36 19 24 26 23 
Beneficio: 43
d 7 5 6 4 3 8 17 16 11 10 16 14 15 18 12 13 35 30 36 19 25 31 21 20 
Beneficio: 30
d 7 5 6 4 3 8 17 16 11 10 16 14 15 18 12 34 30 36 19 
Beneficio: 27
d 7 5 6 4 3 8 17 16 11 10 16 14 15 18 12 13 35 34 30 36 31 21 
Beneficio: 61
d 7 5 6 4 3 8 17 16 11 10 16 14 15 32 35 13 30 36 19 25 20 26 22 24 
Beneficio: 14
d 7 5 6 4 3 8 17 16 11 10 11 14 15 32 35 34 12 13 30 36 19 24 22 26 
Beneficio: 70
d 7 5 6 4 3 8 17 16 11 10 14 15 18 12 34 35 30 36 19 24 26 20 
Beneficio: 47
d 7 5 6 4 3 8 17 16 11 8 17 10 14 15 18 12 13 32 35 34 36 19 24 26 20 
Beneficio: 52
d 7 5 6 4 3 8 17 16 11 14 15 18 12 13 32 35 30 34 36 19 21 20 26 23 24 22 
Beneficio: 48
d 7 5 6 4 3 8 17 16 11 14 15 18 12 13 30 34 36 19 24 23 26 20 25 31 
Beneficio: 46
d 7 5 6 4 3 8 17 16 11 14 15 18 12 34 35 13 30 36 31 25 21 20 26 23 
Beneficio: 15
d 7 5 6 4 3 8 17 16 11 14 15 18 12 32 35 34 30 36 19 24 22 26 20 21 25 
Beneficio: -18
d 7 5 6 4 3 8 17 16 11 14 15 32 13 30 36 31 21 20 25 
Beneficio: 58
d 7 5 6 4 3 8 17 16 11 10 14 15 18 12 13 35 34 30 36 31 25 21 20 26 24 
Beneficio: 81
d 7 5 6 4 3 8 17 16 11 10 14 15 18 12 34 36 19 24 26 23 24 22 26 20 21 25 31 
Beneficio: 55
d 7 5 6 4 3 8 17 16 11 10 14 15 32 12 13 30 35 34 36 31 21 20 26 23 24 26 
Beneficio: 51
d 7 5 6 4 3 8 17 16 11 10 16 14 15 18 12 13 35 34 36 19 24 23 26 20 25 21 
Beneficio: 76
d 7 5 6 4 3 8 17 16 11 16 14 15 18 12 13 32 35 30 36 19 24 23 26 20 21 
Beneficio: 37
d 7 5 6 4 3 8 17 16 14 10 11 16 14 15 18 12 13 30 34 36 31 25 19 24 26 22 
Beneficio: 157
d 7 5 6 4 3 8 17 16 14 10 11 16 14 15 18 12 13 35 34 30 36 19 25 20 26 24 23 
Beneficio: 115
d 7 5 6 4 3 8 17 16 14 10 11 16 14 15 18 12 32 13 30 35 34 36 19 24 23 26 20 21 25 
Beneficio: 102
d 7 5 6 4 3 8 17 16 14 10 11 16 14 15 18 15 32 12 34 35 30 36 31 25 21 19 24 26 20 
Beneficio: 97
d 7 5 6 4 3 8 17 16 14 10 11 16 14 15 18 12 32 13 30 35 34 36 19 24 23 26 20 25 21 
Beneficio: 48
d 7 5 6 4 3 8 17 16 14 10 11 16 14 15 32 35 30 36 31 25 21 20 23 24 19 
Beneficio: 92
d 7 5 6 4 3 8 17 16 14 10 11 16 10 11 14 15 18 12 34 35 30 36 19 24 23 
Beneficio: 20
d 7 5 6 4 3 8 17 16 14 10 11 14 15 18 12 13 35 30 34 36 19 24 26 20 21 25 
Beneficio: 41
d 7 5 6 4 3 8 17 16 14 10 11 14 15 18 15 32 13 30 36 19 21 25 20 26 24 23 
Beneficio: 14
d 7 5 6 4 3 8 17 16 14 10 11 14 15 32 13 30 35 34 36 19 24 22 26 23 24 26 20 21 
Beneficio: 49
d 7 5 6 4 3 8 17 16 14 10 11 16 14 15 18 12 13 30 34 36 19 24 26 20 21 25 31 
Beneficio: -53
d 7 5 6 4 3 8 17 16 14 15 18 12 13 30 35 34 36 31 25 21 20 23 24 19 
Beneficio: -17
d 7 5 6 4 3 8 17 16 14 15 18 12 13 32 35 30 36 19 24 22 26 20 21 25 
Beneficio: -30
d 7 5 6 4 3 8 17 16 14 15 18 12 13 35 30 36 31 25 19 24 23 26 
Beneficio: -26
d 7 5 6 4 3 8 17 16 14 15 18 12 32 35 34 36 31 25 20 26 23 24 19 21 
Beneficio: -3
d 7 5 6 4 3 8 17 16 14 15 18 12 34 35 13 30 36 19 21 25 20 26 22 
Beneficio: -23
d 7 5 6 4 3 8 17 16 14 15 18 12 34 35 32 13 30 36 19 21 25 20 26 22 
Beneficio: -34
d 7 5 6 4 3 8 17 16 14 15 18 12 13 35 34 30 36 19 24 22 26 20 25 
Beneficio: -114
d 7 5 6 4 3 8 17 16 14 15 18 12 13 35 34 30 36 19 24 22 27 
Beneficio: -38
d 7 5 6 4 3 8 17 16 14 15 32 12 13 30 36 31 21 20 26 24 19 
Beneficio: -114
d 7 5 6 4 3 8 17 16 14 15 32 35 30 13 12 34 36 31 25 21 19 24 26 
Beneficio: -88
d 7 5 6 4 3 8 17 16 14 15 32 35 34 30 36 31 25 21 
Beneficio: 27
d 7 5 6 4 3 8 17 16 14 11 16 14 15 18 12 13 32 35 34 30 36 19 24 23 26 
Beneficio: -40
d 7 5 6 4 3 8 17 16 14 11 16 14 15 32 12 13 30 36 19 24 
Beneficio: 43
d 7 5 6 4 3 8 17 16 14 11 16 10 14 15 18 12 13 35 34 30 36 19 24 
Beneficio: 23
d 7 5 6 4 3 8 17 16 14 11 10 14 15 18 12 13 35 34 30 36 
Beneficio: -9
d 7 5 6 4 3 8 17 16 14 11 10 14 15 18 12 34 36 31 25 21 19 24 23 26 
Beneficio: 20
d 7 5 6 4 3 8 17 16 14 11 10 14 15 32 12 13 35 34 30 36 31 21 25 20 26 22 24 23 
Beneficio: 32
d 7 5 6 4 3 8 17 16 14 10 11 16 14 15 18 12 13 30 34 36 31 21 19 
Beneficio: 114
d 7 5 6 4 3 8 17 16 14 10 11 16 14 15 18 12 13 35 30 34 36 19 24 22 26 20 21 25 
Beneficio: 102
d 7 5 6 4 3 8 17 16 14 10 11 16 14 15 18 12 13 32 35 30 36 19 25 21 20 26 24 22 
Beneficio: 124
d 7 5 6 4 3 8 17 16 14 10 11 16 14 15 18 12 32 35 13 30 36 31 25 20 26 23 24 19 25 
Beneficio: 60
d 7 5 6 4 3 8 17 16 14 10 11 16 14 15 18 12 13 35 30 36 31 21 19 24 23 26 22 
Beneficio: 110
d 7 5 6 4 3 8 17 16 14 10 11 16 14 15 32 35 13 30 36 19 24 23 26 20 25 21 19 
Beneficio: 61
d 7 5 6 4 3 8 17 16 14 10 11 16 11 14 15 18 12 13 32 35 30 36 19 24 23 
Beneficio: -32
d 7 5 6 4 3 8 17 16 14 10 11 14 15 18 12 32 13 30 36 31 21 20 25 
Beneficio: -10
d 7 5 6 4 3 8 17 16 14 10 11 14 15 18 12 32 35 34 30 36 
Beneficio: 45
d 7 5 6 4 3 8 17 16 14 10 11 16 14 15 18 12 13 30 36 19 21 25 20 26 23 24 19 
Beneficio: -4
d 7 5 6 4 3 8 17 16 14 15 18 12 13 30 36 31 21 20 23 24 22 26 20 
Beneficio: -27
d 7 5 6 4 3 8 17 16 14 15 18 12 13 32 35 30 36 19 24 22 26 20 25 21 
Beneficio: -1
d 7 5 6 4 3 8 17 16 14 15 18 12 13 35 34 30 36 19 24 26 20 21 19 
Beneficio: -90
d 7 5 6 4 3 8 17 16 14 15 18 12 32 13 30 34 36 31 21 20 
Beneficio: -70
d 7 5 6 4 3 8 17 16 14 15 18 12 32 35 34 30 36 31 25 21 20 23 24 26 
Beneficio: -75
d 7 5 6 4 3 8 17 16 14 15 18 15 32 13 35 30 34 36 19 24 
Beneficio: -70
d 7 5 6 4 3 8 17 16 14 15 18 12 13 35 34 36 19 24 22 26 20 25 21 
Beneficio: -21
d 7 5 6 4 3 8 17 16 14 15 32 12 13 30 35 34 36 19 24 23 26 20 25 
Beneficio: -25
d 7 5 6 4 3 8 17 16 14 15 32 35 30 36 19 21 20 26 23 24 19 21 25 
Beneficio: -102
d 7 5 6 4 3 8 17 16 14 15 32 12 13 35 30 34 36 19 21 25 
Beneficio: 65
d 7 5 6 4 3 8 17 16 14 11 16 14 15 18 12 34 36 19 21 25 20 26 22 24 23 
Beneficio: -11
d 7 5 6 4 3 8 17 16 14 11 16 10 14 15 32 12 34 30 36 19 24 22 26 
Beneficio: 34
d 7 5 6 4 3 8 17 16 14 11 10 14 15 18 12 13 35 34 36 31 25 21 20 26 22 24 23 
Beneficio: 25
d 7 5 6 4 3 8 17 16 14 11 10 14 15 18 12 34 30 36 31 25 20 26 24 19 21 
Beneficio: 0
d 7 5 6 4 3 8 17 16 14 11 10 14 15 32 13 12 34 30 36 19 24 26 20 23 
Beneficio: -32
d 7 5 6 4 3 8 17 16 14 11 10 14 15 18 12 13 30 36 34 
Beneficio: 31
d 7 5 6 4 3 8 17 16 10 11 16 14 15 18 12 34 30 36 19 24 22 26 23 20 25 
Beneficio: -2
d 7 5 6 4 3 8 17 16 10 11 16 14 15 32 12 13 35 34 36 31 21 25 
Beneficio: 97
d 7 5 6 4 3 8 17 16 10 11 16 14 15 18 12 34 30 36 31 21 25 20 26 22 24 23 
Beneficio: 101
d 7 5 6 4 3 8 17 16 10 11 16 10 14 15 18 12 34 35 13 30 36 31 25 21 20 26 
Beneficio: 18
d 7 5 6 4 3 8 17 16 10 11 14 15 18 12 13 35 30 36 19 21 20 26 23 24 19 21 25 
######### Overtime ############
Mejor solucion encontrada!
Beneficio: 160
d 7 17 16 11 10 14 15 18 29 33 28 d 
Time taken: 7200.00s
