Evaluando ./Instances\CHRISTOFIDES\P03NoRPP
Solucion inicial: ./Instances\CHRISTOFIDES\P03NoRPP-salida.txt

Beneficio: 28
d 2 4 5 4 2 3 22 27 28 23 24 28 22 27 7 9 11 13 14 12 10 8 6 7 5 27 26 25 24 25 15 17 18 21 16 17 
Beneficio: 31
d 2 4 5 4 2 3 22 27 28 23 24 28 22 27 7 9 11 13 14 12 10 8 6 5 27 26 25 24 15 21 20 16 17 15 20 19 
Beneficio: 21
d 2 4 5 4 2 3 22 27 28 23 24 28 22 27 7 9 11 13 14 12 10 8 7 6 8 6 5 27 26 25 24 15 16 21 20 19 
Beneficio: 25
d 2 4 5 4 2 3 22 27 28 23 24 28 22 27 7 9 11 13 14 12 10 8 7 5 27 26 25 24 15 21 20 19 18 17 16 15 17 20 19 18 
Beneficio: 11
d 2 4 5 4 2 3 22 27 28 23 24 28 22 27 7 9 11 13 14 12 10 8 7 6 5 27 26 25 24 15 21 18 19 20 
Beneficio: 24
d 2 4 5 4 2 3 22 27 28 23 24 28 22 27 7 9 11 13 14 12 10 8 6 7 5 27 26 25 24 15 16 17 15 21 18 
Beneficio: 29
d 2 4 5 4 2 3 22 27 28 23 24 28 22 27 7 9 11 13 14 12 10 9 7 6 8 7 5 27 26 25 15 17 16 20 19 18 
Beneficio: 18
d 2 4 5 4 2 3 22 27 28 23 24 28 22 27 7 9 11 13 14 12 11 9 10 8 6 5 27 26 25 15 16 21 20 17 
Beneficio: 22
d 2 4 5 4 2 3 22 27 28 23 24 28 22 27 7 9 11 13 14 12 10 8 7 5 27 26 25 15 16 17 21 20 19 
Beneficio: 12
d 2 4 5 4 2 3 22 27 28 23 24 28 22 27 7 9 11 13 14 12 10 9 7 6 5 27 26 25 15 21 20 19 
Beneficio: 29
d 2 4 5 4 2 3 22 27 28 23 24 28 22 27 7 9 11 13 15 16 17 18 19 20 21 15 24 25 13 14 12 11 9 10 8 7 
Beneficio: 30
d 2 4 5 4 2 3 22 27 28 23 24 28 22 27 7 9 11 13 15 16 17 18 19 20 15 24 25 26 27 5 6 8 10 12 11 
Beneficio: 22
d 2 4 5 4 2 3 22 27 28 23 24 28 22 27 7 9 11 13 15 16 17 18 19 20 16 15 25 26 27 7 8 10 9 
Beneficio: 24
d 2 4 5 4 2 3 22 27 28 23 24 28 22 27 7 9 11 13 15 16 17 20 21 15 24 25 26 27 7 8 6 5 
Beneficio: 26
d 2 4 5 4 2 3 22 27 28 23 24 28 22 27 7 9 11 13 15 16 17 18 19 20 21 15 25 26 27 5 6 7 8 10 12 14 
Beneficio: 24
d 2 4 5 4 2 3 22 27 28 23 24 28 22 27 7 9 11 13 15 16 17 15 24 25 13 14 12 10 8 7 5 
Beneficio: 19
d 2 4 5 4 2 3 22 27 28 23 24 28 22 27 7 9 11 13 15 16 20 21 15 25 26 27 7 8 6 7 8 10 12 14 
Beneficio: 29
d 2 4 5 4 2 3 22 27 28 23 24 28 22 27 7 9 11 13 15 16 20 19 18 17 16 21 15 13 14 12 11 9 10 8 7 6 8 
Beneficio: 24
d 2 4 5 4 2 3 22 27 28 23 24 28 22 27 7 9 11 13 15 16 21 20 19 18 17 16 20 21 15 13 25 26 27 5 6 7 8 10 9 
Beneficio: 33
d 2 4 5 4 2 3 22 27 28 23 24 28 22 27 7 9 11 13 15 17 16 15 24 25 24 13 14 12 10 9 7 8 6 
Beneficio: 25
d 2 4 5 4 2 3 22 27 28 23 24 28 22 27 7 9 11 13 15 17 16 20 19 18 15 24 25 26 27 5 6 8 10 12 14 
Beneficio: 31
d 2 4 5 4 2 3 22 27 28 23 24 28 22 27 7 9 11 13 15 17 16 21 20 15 24 25 26 27 7 6 8 10 9 
Beneficio: 30
d 2 4 5 4 2 3 22 27 28 23 24 28 22 27 7 9 11 13 15 17 20 21 16 17 18 19 20 16 15 13 14 12 11 9 10 8 7 6 
Beneficio: 25
d 2 4 5 4 2 3 22 27 28 23 24 28 22 27 7 9 11 13 15 21 20 19 18 17 16 15 13 24 25 26 27 5 6 7 
Beneficio: 31
d 2 4 5 4 2 3 22 27 28 23 24 28 22 27 7 9 11 13 15 21 20 16 17 18 19 20 16 15 24 25 26 27 5 6 8 7 6 
Beneficio: 24
d 2 4 5 4 2 3 22 27 28 23 24 28 22 27 7 9 11 13 15 21 20 19 18 17 16 15 25 24 25 26 27 5 7 6 
Beneficio: 30
d 2 4 5 4 2 3 22 27 28 23 24 28 22 27 7 9 11 13 15 21 20 19 18 17 16 15 24 25 26 27 5 6 7 8 10 12 
Beneficio: 35
d 2 4 5 4 2 3 22 27 28 23 24 28 22 27 7 9 11 13 15 21 16 17 18 19 20 21 16 15 24 25 13 14 12 10 8 6 7 
Beneficio: 25
d 2 4 5 4 2 3 22 27 28 23 24 28 22 27 7 9 11 13 15 21 16 17 18 19 20 21 16 15 24 25 26 27 5 7 8 10 12 14 
Beneficio: 27
d 2 4 5 4 2 3 22 27 28 23 24 28 22 27 7 9 11 13 15 21 18 19 20 16 17 15 24 25 26 27 7 6 8 7 6 
Beneficio: 20
d 2 4 5 4 2 3 22 27 28 23 24 28 22 27 7 9 11 13 15 21 20 16 18 17 16 15 25 26 27 5 7 8 10 
Beneficio: 30
d 2 4 5 4 2 3 22 27 28 23 24 28 22 27 7 9 11 13 15 21 16 17 18 19 20 16 15 24 25 26 27 7 6 8 10 12 
Beneficio: 31
d 2 4 5 4 2 3 22 27 28 23 24 28 22 27 7 9 11 13 15 20 19 18 17 16 15 24 25 26 27 7 6 8 10 12 11 
Beneficio: 31
d 2 4 5 4 2 3 22 27 28 23 24 28 22 27 7 9 11 13 15 20 19 18 17 16 15 24 25 26 27 5 6 7 8 6 8 
Beneficio: 23
d 2 4 5 4 2 3 22 27 28 23 24 28 22 27 7 9 11 13 15 20 17 16 15 24 25 26 27 5 7 6 
Beneficio: 34
d 2 4 5 4 2 3 22 27 28 23 24 28 22 27 7 9 11 13 14 12 10 8 6 7 5 27 26 25 24 15 18 17 16 15 21 20 
Beneficio: 31
d 2 4 5 4 2 3 22 27 28 23 24 28 22 27 7 9 11 13 14 12 10 8 6 5 27 26 25 15 21 17 16 15 17 18 19 20 
Beneficio: 23
d 2 4 5 4 2 3 22 27 28 23 24 28 22 27 7 9 11 13 14 12 10 8 7 6 5 27 26 25 15 17 20 16 17 18 19 20 
Beneficio: 23
d 2 4 5 4 2 3 22 27 28 23 24 28 22 27 7 9 11 13 14 12 10 8 7 6 5 27 26 25 15 17 16 15 21 17 18 
Beneficio: 21
d 2 4 5 4 2 3 22 27 28 23 24 28 22 27 7 9 11 13 14 12 10 9 7 6 8 7 5 27 26 25 24 15 16 20 19 
Beneficio: 20
d 2 4 5 4 2 3 22 27 28 23 24 28 22 27 7 9 11 13 14 12 10 8 7 6 5 27 26 25 24 15 21 20 16 17 20 
Beneficio: 32
d 2 4 5 4 2 3 22 27 28 23 24 28 22 27 7 9 11 13 15 16 17 15 24 25 26 27 5 7 6 8 10 9 7 
Beneficio: 35
d 2 4 5 4 2 3 22 27 28 23 24 28 22 27 7 9 11 13 15 16 17 18 19 20 21 15 13 25 24 25 26 27 5 6 8 10 12 14 
Beneficio: 22
d 2 4 5 4 2 3 22 27 28 23 24 28 22 27 7 9 11 13 15 16 17 20 21 15 13 14 12 11 9 10 8 7 5 27 26 25 
Beneficio: 22
d 2 4 5 4 2 3 22 27 28 23 24 28 22 27 7 9 11 13 15 16 17 21 20 15 13 14 12 10 8 6 7 
Beneficio: 32
d 2 4 5 4 2 3 22 27 28 23 24 28 22 27 7 9 11 13 15 16 20 17 16 21 15 24 25 26 27 7 6 8 10 12 14 13 25 24 
Beneficio: 26
d 2 4 5 4 2 3 22 27 28 23 24 28 22 27 7 9 11 13 15 16 18 19 20 17 16 20 21 15 13 14 12 11 9 10 8 7 
Beneficio: 28
d 2 4 5 4 2 3 22 27 28 23 24 28 22 27 7 9 11 13 15 17 16 20 15 13 14 12 10 8 7 6 8 7 5 27 26 
Beneficio: 33
d 2 4 5 4 2 3 22 27 28 23 24 28 22 27 7 9 11 13 15 17 20 21 16 17 18 19 20 16 15 25 26 27 5 7 6 8 10 12 14 13 
Beneficio: 26
d 2 4 5 4 2 3 22 27 28 23 24 28 22 27 7 9 11 13 15 21 20 16 17 15 25 24 25 26 27 7 6 8 
Beneficio: 31
d 2 4 5 4 2 3 22 27 28 23 24 28 22 27 7 9 11 13 15 21 20 17 16 15 24 25 26 27 5 6 7 8 10 12 14 
Beneficio: 23
d 2 4 5 4 2 3 22 27 28 23 24 28 22 27 7 9 11 13 15 21 16 17 18 19 20 16 15 24 25 13 11 9 10 12 
Beneficio: 28
d 2 4 5 4 2 3 22 27 28 23 24 28 22 27 7 9 11 13 15 21 17 16 15 13 14 12 10 9 7 6 5 
Beneficio: 26
d 2 4 5 4 2 3 22 27 28 23 24 28 22 27 7 9 11 13 15 21 16 20 17 16 15 24 25 26 27 5 6 8 10 12 
Beneficio: 24
d 2 4 5 4 2 3 22 27 28 23 24 28 22 27 7 9 11 13 15 20 17 16 15 24 25 26 27 7 8 10 12 14 
Beneficio: 22
d 2 4 5 4 2 3 22 27 28 23 24 28 22 27 7 9 11 13 15 17 16 15 21 17 20 19 18 
Beneficio: 28
d 2 4 5 4 2 3 22 27 28 23 24 28 22 27 7 9 11 13 25 24 15 16 17 18 19 20 16 21 15 13 14 12 10 9 11 
Beneficio: 25
d 2 4 5 4 2 3 22 27 28 23 24 28 22 27 7 9 11 13 25 24 15 17 16 21 15 13 11 9 10 12 
Beneficio: 26
d 2 4 5 4 2 3 22 27 28 23 24 28 22 27 7 9 11 13 25 24 15 21 20 17 16 15 13 14 12 11 9 10 8 7 6 
Beneficio: 32
d 2 4 5 4 2 3 22 27 28 23 24 28 22 27 7 9 11 13 25 26 27 7 6 8 10 12 14 13 15 21 20 19 18 17 16 15 17 
Beneficio: 20
d 2 4 5 4 2 3 22 27 28 23 24 28 22 27 7 9 11 13 25 15 16 17 20 21 15 24 25 26 27 5 7 8 
Beneficio: 32
d 2 4 5 4 2 3 22 27 28 23 24 28 22 27 7 9 11 13 25 15 21 20 19 18 17 16 15 13 14 12 11 9 10 8 7 6 8 
Beneficio: 25
d 2 4 5 4 2 3 22 27 28 23 24 28 22 27 7 9 11 13 11 12 10 8 7 6 5 27 26 25 24 15 16 17 15 21 20 19 
Beneficio: 26
d 2 4 5 4 2 3 22 27 28 23 24 28 22 27 7 9 11 13 24 25 15 17 18 19 20 21 16 17 16 15 
Beneficio: 22
d 2 4 5 4 2 3 22 27 28 23 24 28 22 27 7 9 11 13 24 25 15 21 20 17 16 20 19 18 
Beneficio: 19
d 2 4 5 4 2 3 22 27 28 23 24 28 22 27 7 9 11 13 25 24 15 21 16 17 15 20 19 18 
Beneficio: 26
d 2 4 5 4 2 3 22 27 28 23 24 28 22 27 7 9 11 12 10 8 6 7 9 10 12 14 13 15 21 20 19 18 17 16 20 19 
Beneficio: 12
d 2 4 5 4 2 3 22 27 28 23 24 28 22 27 7 9 11 12 10 8 6 7 5 27 26 25 24 13 15 17 18 19 20 21 
Beneficio: 12
d 2 4 5 4 2 3 22 27 28 23 24 28 22 27 7 9 11 12 10 8 6 7 5 27 26 25 24 25 13 15 16 21 20 17 
Beneficio: 25
d 2 4 5 4 2 3 22 27 28 23 24 28 22 27 7 9 11 12 10 8 6 7 5 27 26 25 24 15 18 19 20 21 16 17 
Beneficio: 28
d 2 4 5 4 2 3 22 27 28 23 24 28 22 27 7 9 11 12 10 8 6 7 5 27 26 25 15 17 16 21 20 19 18 15 13 11 
Beneficio: 16
d 2 4 5 4 2 3 22 27 28 23 24 28 22 27 7 9 11 12 10 8 6 7 5 27 26 25 15 21 16 20 19 18 17 16 
Beneficio: 28
d 2 4 5 4 2 3 22 27 28 23 24 28 22 27 7 9 11 12 10 8 6 8 7 5 27 26 25 13 15 21 20 19 18 17 16 15 13 11 12 
Beneficio: 33
d 2 4 5 4 2 3 22 27 28 23 24 28 22 27 7 9 11 12 10 8 6 5 27 26 25 24 13 15 16 17 18 19 20 21 15 13 11 12 
Beneficio: 24
d 2 4 5 4 2 3 22 27 28 23 24 28 22 27 7 9 11 12 10 8 6 5 27 26 25 15 17 16 21 20 15 13 11 
Beneficio: 22
d 2 4 5 4 2 3 22 27 28 23 24 28 22 27 7 9 11 12 10 8 6 5 27 26 25 13 11 12 14 13 15 16 21 18 19 20 
Beneficio: 21
d 2 4 5 4 2 3 22 27 28 23 24 28 22 27 7 9 11 12 10 8 7 6 8 6 5 27 26 25 13 15 21 20 16 17 18 19 
Beneficio: 24
d 2 4 5 4 2 3 22 27 28 23 24 28 22 27 7 9 11 12 10 8 7 6 5 27 26 25 13 15 17 16 15 25 24 13 11 12 
Beneficio: 16
d 2 4 5 4 2 3 22 27 28 23 24 28 22 27 7 9 11 12 10 8 7 6 5 27 26 25 15 16 18 17 16 20 19 
Beneficio: 14
d 2 4 5 4 2 3 22 27 28 23 24 28 22 27 7 9 11 12 10 8 7 5 27 26 25 13 15 16 20 19 18 17 16 20 21 
Beneficio: 13
d 2 4 5 4 2 3 22 27 28 23 24 28 22 27 7 9 11 12 10 8 7 5 27 26 25 24 15 16 21 20 17 16 20 21 15 
Beneficio: 20
d 2 4 5 4 2 3 22 27 28 23 24 28 22 27 7 9 11 12 10 8 7 6 8 6 5 27 26 25 13 15 17 18 19 20 16 17 
Beneficio: 11
d 2 4 5 4 2 3 22 27 28 23 24 28 22 27 7 9 11 12 10 8 7 6 5 27 26 25 13 15 17 20 16 17 21 
Beneficio: 13
d 2 4 5 4 2 3 22 27 28 23 24 28 22 27 7 9 11 12 10 8 7 5 27 26 25 13 15 21 17 16 15 17 20 
Beneficio: 25
d 2 4 5 4 2 3 22 27 28 23 24 28 22 27 7 9 11 12 10 8 6 7 5 27 26 25 24 15 21 20 17 16 15 13 11 
Beneficio: 19
d 2 4 5 4 2 3 22 27 28 23 24 28 22 27 7 9 11 12 10 9 7 8 6 5 27 26 25 15 21 20 16 15 17 16 
Beneficio: 7
d 2 4 5 4 2 3 22 27 28 23 24 28 22 27 7 9 11 12 10 8 6 5 27 26 25 24 25 13 15 20 19 18 
Beneficio: 30
d 2 4 5 4 2 3 22 27 28 23 24 28 22 27 7 9 11 12 14 13 11 12 10 8 6 5 27 26 25 13 15 16 21 20 19 18 17 16 21 15 13 
Beneficio: 28
d 2 4 5 4 2 3 22 27 28 23 24 28 22 27 7 9 11 12 14 13 11 12 10 8 7 6 5 27 26 25 24 15 16 17 18 19 20 16 21 15 13 
Beneficio: 33
d 2 4 5 4 2 3 22 27 28 23 24 28 22 27 7 9 11 12 14 13 11 9 10 8 6 7 5 27 26 25 15 16 17 18 19 20 21 15 13 
Beneficio: 21
d 2 4 5 4 2 3 22 27 28 23 24 28 22 27 7 9 11 12 14 13 11 13 15 16 20 19 18 17 16 21 15 25 24 25 26 27 
Beneficio: 18
d 2 4 5 4 2 3 22 27 28 23 24 28 22 27 7 9 11 12 14 13 11 13 24 15 20 16 17 15 21 18 19 
Beneficio: 15
d 2 4 5 4 2 3 22 27 28 23 24 28 22 27 7 9 11 12 14 13 15 16 17 20 21 15 13 25 26 27 7 8 
Beneficio: 14
d 2 4 5 4 2 3 22 27 28 23 24 28 22 27 7 9 11 12 14 13 15 16 21 17 16 20 21 15 13 24 25 26 
Beneficio: 25
d 2 4 5 4 2 3 22 27 28 23 24 28 22 27 7 9 11 12 14 13 15 21 20 16 17 18 19 20 15 24 25 26 27 7 6 8 7 
Beneficio: 21
d 2 4 5 4 2 3 22 27 28 23 24 28 22 27 7 9 11 12 14 13 15 21 20 19 18 17 16 15 13 25 26 27 7 8 6 8 10 
Beneficio: 27
d 2 4 5 4 2 3 22 27 28 23 24 28 22 27 7 9 11 12 14 13 15 16 17 15 24 25 26 27 5 7 6 8 7 6 
Beneficio: 14
d 2 4 5 4 2 3 22 27 28 23 24 28 22 27 7 9 11 12 14 13 15 16 21 20 19 18 17 16 20 17 15 25 26 
Beneficio: 20
d 2 4 5 4 2 3 22 27 28 23 24 28 22 27 7 9 11 12 14 13 15 21 16 17 15 24 25 26 27 5 6 7 8 6 
Beneficio: 32
d 2 4 5 4 2 3 22 27 28 23 24 28 22 27 7 9 11 12 14 13 25 24 15 16 17 18 19 20 16 21 15 13 11 12 10 9 7 6 8 
Beneficio: 12
d 2 4 5 4 2 3 22 27 28 23 24 28 22 27 7 9 11 12 14 13 25 24 15 21 20 17 16 15 20 19 
Beneficio: 1
d 2 4 5 4 2 3 22 27 28 23 24 28 22 27 7 9 11 12 14 13 24 25 15 17 18 21 
Beneficio: 30
d 2 4 5 4 2 3 22 27 28 23 24 28 22 27 7 9 11 12 14 13 11 12 10 8 6 5 27 26 25 15 16 17 20 21 15 
Beneficio: 23
d 2 4 5 4 2 3 22 27 28 23 24 28 22 27 7 9 11 12 14 13 11 12 14 13 25 24 25 15 21 20 16 17 
Beneficio: 19
d 2 4 5 4 2 3 22 27 28 23 24 28 22 27 7 9 11 12 14 13 11 13 15 21 20 16 17 16 21 18 19 
Beneficio: 14
d 2 4 5 4 2 3 22 27 28 23 24 28 22 27 7 9 11 12 14 13 15 16 17 20 16 21 15 13 25 26 27 5 
Beneficio: 18
d 2 4 5 4 2 3 22 27 28 23 24 28 22 27 7 9 11 12 14 13 15 17 20 16 17 18 19 20 21 15 24 
Beneficio: 22
d 2 4 5 4 2 3 22 27 28 23 24 28 22 27 7 9 11 12 14 13 15 21 20 17 16 15 24 25 26 27 5 6 7 8 6 
Beneficio: 18
d 2 4 5 4 2 3 22 27 28 23 24 28 22 27 7 9 11 12 14 13 15 16 20 19 18 17 16 21 20 15 24 23 
Beneficio: 16
d 2 4 5 4 2 3 22 27 28 23 24 28 22 27 7 9 11 12 14 13 15 21 20 17 16 15 25 26 27 5 6 7 8 
Beneficio: 15
d 2 4 5 4 2 3 22 27 28 23 24 28 22 27 7 9 11 12 14 13 25 24 15 17 18 19 20 21 16 17 20 21 
Beneficio: 14
d 2 4 5 4 2 3 22 27 28 23 24 28 22 27 7 9 11 12 14 13 24 15 16 17 18 16 21 15 
Beneficio: 21
d 2 4 5 4 2 3 22 27 28 23 24 28 22 27 7 9 11 12 10 8 6 5 27 26 25 24 15 18 17 16 15 13 
Beneficio: 29
d 2 4 5 4 2 3 22 27 28 23 24 28 22 27 7 9 11 12 14 13 15 16 20 19 18 17 16 21 15 13 11 9 10 8 6 7 8 10 
Beneficio: 12
d 2 4 5 4 2 3 22 27 28 23 24 28 22 27 7 9 11 12 14 13 15 21 16 20 19 18 17 16 15 25 24 
Beneficio: 19
d 2 4 5 4 2 3 22 27 28 23 24 28 22 27 7 9 11 12 14 13 11 13 15 16 17 20 16 21 15 18 
Beneficio: 22
d 2 4 5 4 2 3 22 27 28 23 24 28 22 27 7 9 11 12 14 13 15 20 16 17 18 19 20 21 15 13 11 12 10 8 7 6 
Beneficio: 23
d 2 4 5 4 2 3 22 27 28 23 24 28 22 27 7 9 11 12 10 8 6 7 5 27 26 25 24 15 16 17 15 16 20 19 18 21 
Beneficio: 10
d 2 4 5 4 2 3 22 27 28 23 24 28 22 27 7 9 11 12 10 8 6 7 5 27 26 25 24 25 15 17 16 20 21 
Beneficio: 25
d 2 4 5 4 2 3 22 27 28 23 24 28 22 27 7 9 11 12 10 8 6 7 5 27 26 25 24 15 21 20 16 17 18 19 20 16 
Beneficio: 13
d 2 4 5 4 2 3 22 27 28 23 24 28 22 27 7 9 11 12 10 8 6 8 7 5 27 26 25 24 15 21 20 16 15 17 18 19 20 21 
Beneficio: 19
d 2 4 5 4 2 3 22 27 28 23 24 28 22 27 7 9 11 12 10 8 6 5 27 26 25 13 15 16 21 17 16 20 21 
Beneficio: 24
d 2 4 5 4 2 3 22 27 28 23 24 28 22 27 7 9 11 12 10 8 6 5 27 26 25 24 25 13 15 17 16 20 21 15 16 20 19 18 
Beneficio: 15
d 2 4 5 4 2 3 22 27 28 23 24 28 22 27 7 9 11 12 10 8 7 6 5 27 26 25 24 15 16 20 21 
Beneficio: 16
d 2 4 5 4 2 3 22 27 28 23 24 28 22 27 7 9 11 12 10 8 7 6 5 27 26 25 15 21 20 16 17 18 19 20 
Beneficio: 15
d 2 4 5 4 2 3 22 27 28 23 24 28 22 27 7 9 11 12 10 8 7 5 27 26 25 13 15 20 16 17 18 19 20 21 15 16 
Beneficio: 16
d 2 4 5 4 2 3 22 27 28 23 24 28 22 27 7 9 11 12 10 8 7 6 5 27 26 25 24 25 13 15 21 16 20 17 16 15 
Beneficio: 26
d 2 4 5 4 2 3 22 27 28 23 24 28 22 27 7 9 11 12 10 9 7 8 6 7 5 27 26 25 15 16 17 15 21 20 19 18 
Beneficio: 30
d 2 4 5 4 2 3 22 27 28 23 24 28 22 27 7 9 11 12 14 13 11 12 10 8 6 7 5 27 26 25 13 15 16 17 15 20 21 
Beneficio: 21
d 2 4 5 4 2 3 22 27 28 23 24 28 22 27 7 9 11 12 14 13 11 12 14 13 15 21 20 16 15 17 16 20 17 
Beneficio: 20
d 2 4 5 4 2 3 22 27 28 23 24 28 22 27 7 9 11 12 14 13 11 13 15 17 16 20 15 21 18 
Beneficio: 28
d 2 4 5 4 2 3 22 27 28 23 24 28 22 27 7 9 11 12 14 13 15 16 17 18 19 20 21 15 13 11 12 10 8 6 5 27 26 25 
Beneficio: 16
d 2 4 5 4 2 3 22 27 28 23 24 28 22 27 7 9 11 12 14 13 15 17 16 21 20 15 24 25 26 27 
Beneficio: 24
d 2 4 5 4 2 3 22 27 28 23 24 28 22 27 7 9 11 12 14 13 15 21 20 19 18 17 16 15 25 26 27 5 7 6 8 10 12 11 
Beneficio: 22
d 2 4 5 4 2 3 22 27 28 23 24 28 22 27 7 9 11 12 14 13 15 16 17 20 21 15 24 25 13 11 9 10 8 7 6 
Beneficio: 22
d 2 4 5 4 2 3 22 27 28 23 24 28 22 27 7 9 11 12 14 13 15 21 16 17 18 19 20 16 15 13 25 26 27 7 6 8 10 9 
Beneficio: 35
d 2 4 5 4 2 3 22 27 28 23 24 28 22 27 7 9 11 12 14 13 25 24 15 21 20 19 18 17 16 15 13 11 12 10 8 6 7 8 10 9 
Beneficio: 10
d 2 4 5 4 2 3 22 27 28 23 24 28 22 27 7 9 11 12 14 13 24 15 20 21 16 17 15 20 19 
Beneficio: 14
d 2 4 5 4 2 3 22 27 28 23 24 28 22 27 7 9 11 12 14 13 11 12 10 8 7 5 27 26 25 24 15 17 18 19 20 21 
Beneficio: 24
d 2 4 5 4 2 3 22 27 28 23 24 28 22 27 7 9 11 12 14 13 11 13 25 24 15 21 20 19 18 17 16 15 20 19 18 
Beneficio: 21
d 2 4 5 4 2 3 22 27 28 23 24 28 22 27 7 9 11 12 14 13 15 17 16 15 24 13 11 12 10 8 7 5 6 
Beneficio: 17
d 2 4 5 4 2 3 22 27 28 23 24 28 22 27 7 9 11 12 14 13 15 20 16 17 15 24 25 26 27 7 8 6 8 10 
Beneficio: 31
d 2 4 5 4 2 3 22 27 28 23 24 28 22 27 7 9 11 12 14 13 15 21 20 19 18 17 16 15 24 25 13 11 9 10 8 6 7 8 
Beneficio: 24
d 2 4 5 4 2 3 22 27 28 23 24 28 22 27 7 9 11 12 14 13 25 24 15 21 20 19 18 17 16 15 13 11 12 10 9 7 
Beneficio: 19
d 2 4 5 4 2 3 22 27 28 23 24 28 22 27 7 9 11 12 10 8 6 7 5 27 26 25 24 25 13 15 21 20 17 16 
Beneficio: 16
d 2 4 5 4 2 3 22 27 28 23 24 28 22 27 7 9 11 12 14 13 15 21 18 19 20 16 17 15 16 18 
Beneficio: 11
d 2 4 5 4 2 3 22 27 28 23 24 28 22 27 7 9 11 12 14 13 11 13 15 17 21 20 19 
Beneficio: 21
d 2 4 5 4 2 3 22 27 28 23 24 28 22 27 7 9 11 9 10 12 14 13 11 12 14 13 15 21 18 17 16 15 13 
Beneficio: 15
d 2 4 5 4 2 3 22 27 28 23 24 28 22 27 7 9 11 9 10 12 14 13 15 20 21 16 17 15 16 18 19 20 
Beneficio: 23
d 2 4 5 4 2 3 22 27 28 23 24 28 22 27 7 9 11 9 10 12 14 13 11 12 14 13 15 16 17 18 19 20 21 15 16 
Beneficio: 15
d 2 4 5 4 2 3 22 27 28 23 24 28 22 27 7 9 11 9 10 12 14 13 15 20 21 17 16 15 17 18 
Beneficio: 9
d 2 4 5 4 2 3 22 27 28 23 24 28 22 27 7 9 11 9 10 8 6 7 8 10 12 14 13 15 21 20 19 18 17 16 
Beneficio: 19
d 2 4 5 4 2 3 22 27 28 23 24 28 22 27 7 9 11 9 10 8 6 7 5 27 26 25 13 24 15 17 16 15 21 
Beneficio: 27
d 2 4 5 4 2 3 22 27 28 23 24 28 22 27 7 9 11 9 10 8 7 6 8 10 12 14 13 11 13 15 21 17 16 20 19 18 
Beneficio: 15
d 2 4 5 4 2 3 22 27 28 23 24 28 22 27 7 9 11 9 10 12 14 13 15 16 21 20 19 18 17 16 15 13 
Beneficio: 16
d 2 4 5 4 2 3 22 27 28 23 24 28 22 27 7 9 11 9 10 12 14 13 15 21 16 17 15 20 19 18 
Beneficio: 20
d 2 4 5 4 2 3 22 27 28 23 24 28 22 27 7 9 11 9 10 12 14 13 15 16 21 17 16 20 21 15 
Beneficio: 22
d 2 4 5 4 2 3 22 27 28 23 24 28 22 27 7 9 11 9 10 8 6 7 8 10 12 14 13 15 21 20 17 16 15 24 25 13 
Beneficio: 20
d 2 4 5 4 2 3 22 27 28 23 24 28 22 27 7 9 11 9 10 8 6 5 27 26 25 24 25 15 16 17 20 19 18 
Beneficio: 26
d 2 4 5 4 2 3 22 27 28 23 24 28 22 27 7 9 11 9 7 6 8 10 12 14 13 15 16 17 15 20 19 18 21 
Beneficio: 35
d 2 4 5 4 2 3 22 27 28 23 24 28 22 27 7 9 11 9 7 6 8 10 12 11 13 15 21 20 19 18 16 17 
Beneficio: 13
d 2 4 5 4 2 3 22 27 28 23 24 28 22 27 7 9 11 9 7 6 8 10 12 14 13 15 16 17 20 21 15 13 25 26 
Beneficio: 14
d 2 4 5 4 2 3 22 27 28 23 24 28 22 27 7 9 11 9 7 8 10 12 14 13 15 18 17 16 20 21 15 16 18 
Beneficio: 17
d 2 4 5 4 2 3 22 27 28 23 24 28 22 27 7 9 11 9 7 8 10 12 14 13 15 16 21 17 16 21 20 19 18 
Beneficio: 11
d 2 4 5 4 2 3 22 27 28 23 24 28 22 27 7 9 11 13 14 12 10 8 6 5 27 26 25 15 16 21 20 17 18 19 
Beneficio: 18
d 2 4 5 4 2 3 22 27 28 23 24 28 22 27 7 9 11 13 15 16 17 16 20 21 15 24 25 26 
Beneficio: 16
d 2 4 5 4 2 3 22 27 28 23 24 28 22 27 7 9 11 13 15 21 20 16 17 18 19 20 16 15 24 25 26 27 
Beneficio: 17
d 2 4 5 4 2 3 22 27 28 23 24 28 22 27 7 9 11 13 15 18 17 16 15 13 14 12 10 8 7 5 27 
Beneficio: 19
d 2 4 5 4 2 3 22 27 28 23 24 28 22 27 7 9 11 13 15 17 16 20 21 15 13 14 12 10 8 6 8 7 5 27 26 25 24 25 
Beneficio: 24
d 2 4 5 4 2 3 22 27 28 23 24 28 22 27 7 9 11 13 25 24 15 16 17 15 13 14 12 10 8 6 7 5 27 
Beneficio: 18
d 2 4 5 4 2 3 22 27 28 23 24 28 22 27 7 9 11 13 25 15 21 20 19 18 17 16 15 13 14 12 10 8 6 7 5 
Beneficio: 32
d 2 4 5 4 2 3 22 27 28 23 24 28 22 27 7 9 10 12 14 13 11 9 10 8 6 7 5 27 26 25 13 15 16 17 18 19 20 21 15 16 
Beneficio: 21
d 2 4 5 4 2 3 22 27 28 23 24 28 22 27 7 9 10 12 14 13 11 9 10 8 7 6 5 27 26 25 15 21 20 16 17 18 19 
Beneficio: 22
d 2 4 5 4 2 3 22 27 28 23 24 28 22 27 7 9 10 12 14 13 11 9 10 8 7 5 27 26 25 15 16 17 20 19 
Beneficio: 20
d 2 4 5 4 2 3 22 27 28 23 24 28 22 27 7 9 10 12 14 13 11 9 11 12 14 13 15 21 20 19 18 17 16 15 13 
Beneficio: 19
d 2 4 5 4 2 3 22 27 28 23 24 28 22 27 7 9 10 12 14 13 11 12 14 13 25 24 15 21 20 16 17 18 19 20 21 15 
Beneficio: 22
d 2 4 5 4 2 3 22 27 28 23 24 28 22 27 7 9 10 12 14 13 11 13 15 21 20 19 18 17 16 15 24 25 26 27 5 
Beneficio: 18
d 2 4 5 4 2 3 22 27 28 23 24 28 22 27 7 9 10 12 14 13 11 13 25 15 16 17 18 21 15 20 
Beneficio: 20
d 2 4 5 4 2 3 22 27 28 23 24 28 22 27 7 9 10 12 14 13 15 16 17 20 15 13 11 9 7 8 6 8 
Beneficio: 20
d 2 4 5 4 2 3 22 27 28 23 24 28 22 27 7 9 10 12 14 13 15 17 16 20 15 13 11 9 10 8 6 7 5 27 
Beneficio: 25
d 2 4 5 4 2 3 22 27 28 23 24 28 22 27 7 9 10 12 14 13 15 21 16 20 19 18 17 16 15 13 11 9 10 8 7 5 27 26 25 24 
Beneficio: 11
d 2 4 5 4 2 3 22 27 28 23 24 28 22 27 7 9 10 12 14 13 15 18 19 20 17 16 15 17 18 21 
Beneficio: 23
d 2 4 5 4 2 3 22 27 28 23 24 28 22 27 7 9 10 12 14 13 15 17 16 15 25 13 11 9 10 8 6 7 5 27 
Beneficio: 17
d 2 4 5 4 2 3 22 27 28 23 24 28 22 27 7 9 10 12 14 13 15 20 19 18 21 16 17 15 16 20 21 15 24 25 26 27 
Beneficio: 34
d 2 4 5 4 2 3 22 27 28 23 24 28 22 27 7 9 10 12 14 13 25 24 15 21 17 16 15 13 11 9 7 8 6 
Beneficio: -1
d 2 4 5 4 2 3 22 27 28 23 24 28 22 27 7 9 10 12 14 13 25 15 17 18 16 21 20 19 
Beneficio: 10
d 2 4 5 4 2 3 22 27 28 23 24 28 22 27 7 9 10 12 14 13 25 24 15 16 17 20 21 15 18 19 
Beneficio: 24
d 2 4 5 4 2 3 22 27 28 23 24 28 22 27 7 9 10 12 14 13 11 9 10 8 7 6 5 27 26 25 24 15 17 16 20 21 15 13 25 
Beneficio: 24
d 2 4 5 4 2 3 22 27 28 23 24 28 22 27 7 9 10 12 14 13 11 9 11 12 14 13 15 21 20 17 16 15 17 18 19 
Beneficio: 23
d 2 4 5 4 2 3 22 27 28 23 24 28 22 27 7 9 10 12 14 13 11 13 15 16 17 18 19 20 21 15 25 26 27 
Beneficio: 20
d 2 4 5 4 2 3 22 27 28 23 24 28 22 27 7 9 10 12 14 13 11 13 24 15 21 20 19 18 17 16 15 13 25 26 
Beneficio: 14
d 2 4 5 4 2 3 22 27 28 23 24 28 22 27 7 9 10 12 14 13 15 16 21 20 19 18 17 16 21 15 24 23 
Beneficio: 20
d 2 4 5 4 2 3 22 27 28 23 24 28 22 27 7 9 10 12 14 13 15 21 18 19 20 16 17 15 13 11 9 7 5 6 
Beneficio: 34
d 2 4 5 4 2 3 22 27 28 23 24 28 22 27 7 9 10 12 14 13 15 16 20 19 18 17 16 15 24 25 26 27 5 7 6 8 10 9 11 13 
Beneficio: 12
d 2 4 5 4 2 3 22 27 28 23 24 28 22 27 7 9 10 12 14 13 15 20 21 16 17 16 15 18 19 
Beneficio: 10
d 2 4 5 4 2 3 22 27 28 23 24 28 22 27 7 9 10 12 14 13 25 24 15 21 20 19 18 17 16 20 21 18 
Beneficio: 12
d 2 4 5 4 2 3 22 27 28 23 24 28 22 27 7 9 10 12 14 13 25 24 15 21 17 16 21 
Beneficio: 28
d 2 4 5 4 2 3 22 27 28 23 24 28 22 27 7 9 10 12 11 13 15 16 17 18 19 20 16 21 15 13 14 12 10 9 7 6 8 7 
Beneficio: 25
d 2 4 5 4 2 3 22 27 28 23 24 28 22 27 7 9 10 12 11 13 15 16 20 19 18 17 16 21 15 25 26 27 5 7 8 6 
Beneficio: 18
d 2 4 5 4 2 3 22 27 28 23 24 28 22 27 7 9 10 12 11 13 15 17 16 20 15 13 25 24 25 26 27 7 
Beneficio: 17
d 2 4 5 4 2 3 22 27 28 23 24 28 22 27 7 9 10 12 11 13 15 21 20 16 17 15 25 24 25 26 27 5 7 8 
Beneficio: 20
d 2 4 5 4 2 3 22 27 28 23 24 28 22 27 7 9 10 12 11 13 15 21 20 19 18 17 16 15 21 20 17 
Beneficio: 32
d 2 4 5 4 2 3 22 27 28 23 24 28 22 27 7 9 10 12 11 13 14 12 11 9 10 8 6 7 5 27 26 25 24 25 15 17 16 15 13 
Beneficio: 28
d 2 4 5 4 2 3 22 27 28 23 24 28 22 27 7 9 10 12 11 13 15 16 20 19 18 17 16 21 15 24 25 26 27 5 6 8 10 9 11 
Beneficio: 28
d 2 4 5 4 2 3 22 27 28 23 24 28 22 27 7 9 10 12 11 13 15 21 20 16 17 15 24 25 13 14 12 11 9 7 8 6 7 
Beneficio: 21
d 2 4 5 4 2 3 22 27 28 23 24 28 22 27 7 9 10 12 11 13 15 20 16 17 15 24 25 26 27 5 7 8 6 7 
Beneficio: 22
d 2 4 5 4 2 3 22 27 28 23 24 28 22 27 7 9 10 12 11 13 25 24 15 21 20 16 18 17 16 15 20 
Beneficio: 15
d 2 4 5 4 2 3 22 27 28 23 24 28 22 27 7 9 10 12 11 13 25 15 21 17 16 20 21 18 
Beneficio: 9
d 2 4 5 4 2 3 22 27 28 23 24 28 22 27 7 9 10 12 11 13 25 24 15 16 18 17 20 
Beneficio: 30
d 2 4 5 4 2 3 22 27 28 23 24 28 22 27 7 9 10 12 11 9 10 8 6 7 5 27 26 25 13 11 13 15 16 17 15 24 25 24 
Beneficio: 20
d 2 4 5 4 2 3 22 27 28 23 24 28 22 27 7 9 10 12 11 9 10 8 6 5 27 26 25 24 15 20 19 18 17 16 20 21 
Beneficio: 10
d 2 4 5 4 2 3 22 27 28 23 24 28 22 27 7 9 10 12 11 9 7 6 8 10 12 14 13 24 25 15 21 20 19 
Beneficio: 8
d 2 4 5 4 2 3 22 27 28 23 24 28 22 27 7 9 10 12 11 9 7 8 6 5 27 26 25 13 15 17 18 19 20 21 16 
Beneficio: 25
d 2 4 5 4 2 3 22 27 28 23 24 28 22 27 7 9 10 12 11 9 11 13 15 16 21 20 19 18 17 16 20 21 15 13 14 
Beneficio: 2
d 2 4 5 4 2 3 22 27 28 23 24 28 22 27 7 9 10 12 11 9 11 13 15 21 17 18 19 20 
Beneficio: -2
d 2 4 5 4 2 3 22 27 28 23 24 28 22 27 7 9 10 12 11 13 25 24 15 21 17 20 19 
Beneficio: 27
d 2 4 5 4 2 3 22 27 28 23 24 28 22 27 7 9 10 12 11 13 15 16 17 20 19 18 21 15 13 14 12 11 9 10 8 7 
Beneficio: 20
d 2 4 5 4 2 3 22 27 28 23 24 28 22 27 7 9 10 12 11 13 15 17 16 20 21 15 25 26 27 5 7 6 
Beneficio: 23
d 2 4 5 4 2 3 22 27 28 23 24 28 22 27 7 9 10 12 11 13 15 21 16 20 19 18 17 16 15 13 25 24 25 26 27 7 6 
Beneficio: 23
d 2 4 5 4 2 3 22 27 28 23 24 28 22 27 7 9 10 12 11 13 15 16 17 15 13 25 26 27 5 7 6 8 
Beneficio: 17
d 2 4 5 4 2 3 22 27 28 23 24 28 22 27 7 9 10 12 11 13 15 17 21 18 19 20 16 17 20 21 18 
Beneficio: 28
d 2 4 5 4 2 3 22 27 28 23 24 28 22 27 7 9 10 12 11 13 25 24 25 15 17 16 15 13 11 9 7 8 6 7 
Beneficio: 33
d 2 4 5 4 2 3 22 27 28 23 24 28 22 27 7 9 10 12 11 13 25 15 21 20 17 16 15 13 11 9 7 6 8 
Beneficio: 15
d 2 4 5 4 2 3 22 27 28 23 24 28 22 27 7 9 10 12 11 13 25 15 21 18 19 20 16 17 
Beneficio: 22
d 2 4 5 4 2 3 22 27 28 23 24 28 22 27 7 9 10 12 11 9 10 8 7 6 8 6 5 27 26 25 15 16 17 15 24 25 
Beneficio: 19
d 2 4 5 4 2 3 22 27 28 23 24 28 22 27 7 9 10 12 11 9 11 13 15 17 16 15 18 19 20 21 
Beneficio: 31
d 2 4 5 4 2 3 22 27 28 23 24 28 22 27 7 9 10 12 11 9 11 13 25 15 16 17 15 13 14 12 10 8 6 7 
Beneficio: 13
d 2 4 5 4 2 3 22 27 28 23 24 28 22 27 7 9 10 12 14 13 11 9 10 8 6 5 27 26 25 24 15 20 
Beneficio: 13
d 2 4 5 4 2 3 22 27 28 23 24 28 22 27 7 9 10 12 14 13 15 21 20 19 18 17 16 21 15 24 25 26 
Beneficio: 32
d 2 4 5 4 2 3 22 27 28 23 24 28 22 27 7 9 10 12 14 13 25 24 15 21 16 20 19 18 17 16 15 13 11 9 7 8 6 7 8 
Beneficio: 19
d 2 4 5 4 2 3 22 27 28 23 24 28 22 27 7 9 10 12 14 13 15 21 20 19 18 17 16 15 24 25 26 27 5 6 8 
Beneficio: 26
d 2 4 5 4 2 3 22 27 28 23 24 28 22 27 7 9 10 8 6 7 8 10 12 14 13 11 13 15 21 16 17 20 21 16 15 13 25 
Beneficio: 20
d 2 4 5 4 2 3 22 27 28 23 24 28 22 27 7 9 10 8 6 7 8 10 12 14 13 25 24 15 21 20 17 16 15 20 21 
Beneficio: 20
d 2 4 5 4 2 3 22 27 28 23 24 28 22 27 7 9 10 8 6 7 8 10 12 14 13 25 24 15 18 19 20 16 17 15 16 21 
Beneficio: 27
d 2 4 5 4 2 3 22 27 28 23 24 28 22 27 7 9 10 8 6 7 8 10 12 11 13 25 24 15 16 21 20 19 18 17 16 20 21 15 
Beneficio: 29
d 2 4 5 4 2 3 22 27 28 23 24 28 22 27 7 9 10 8 6 7 8 10 12 11 13 15 17 16 15 24 25 26 
Beneficio: 17
d 2 4 5 4 2 3 22 27 28 23 24 28 22 27 7 9 10 8 6 7 8 10 12 14 13 15 20 16 17 15 21 20 19 
Beneficio: 21
d 2 4 5 4 2 3 22 27 28 23 24 28 22 27 7 9 10 8 6 7 8 10 9 11 12 14 13 15 16 17 21 15 24 
Beneficio: 23
d 2 4 5 4 2 3 22 27 28 23 24 28 22 27 7 9 10 8 6 7 8 10 9 11 13 25 24 15 16 20 17 16 21 20 19 18 
Beneficio: 24
d 2 4 5 4 2 3 22 27 28 23 24 28 22 27 7 9 10 8 6 7 8 10 12 11 13 15 17 16 15 21 20 16 18 17 
Beneficio: 22
d 2 4 5 4 2 3 22 27 28 23 24 28 22 27 7 9 10 8 6 7 8 10 12 14 13 25 24 15 16 17 18 19 20 21 15 
Beneficio: 25
d 2 4 5 4 2 3 22 27 28 23 24 28 22 27 7 9 10 8 6 7 8 10 12 11 13 15 20 19 18 17 16 20 19 
Beneficio: 28
d 2 4 5 4 2 3 22 27 28 23 24 28 22 27 7 9 10 8 6 7 8 10 12 11 13 15 16 21 20 17 16 21 20 19 18 
Beneficio: 22
d 2 4 5 4 2 3 22 27 28 23 24 28 22 27 7 9 10 8 6 7 8 10 12 11 13 15 20 21 16 17 15 21 
Beneficio: 33
d 2 4 5 4 2 3 22 27 28 23 24 28 22 27 7 9 10 8 6 7 9 11 13 15 16 17 18 19 20 21 15 24 25 26 27 5 
Beneficio: 28
d 2 4 5 4 2 3 22 27 28 23 24 28 22 27 7 9 10 8 6 7 9 11 13 25 15 16 17 15 18 19 20 
Beneficio: 24
d 2 4 5 4 2 3 22 27 28 23 24 28 22 27 7 9 10 8 6 7 9 11 12 14 13 15 16 20 21 15 17 16 21 17 18 19 20 
Beneficio: 22
d 2 4 5 4 2 3 22 27 28 23 24 28 22 27 7 9 10 8 6 7 9 11 12 14 13 15 16 17 21 20 15 13 25 26 
Beneficio: 20
d 2 4 5 4 2 3 22 27 28 23 24 28 22 27 7 9 10 8 6 7 9 11 12 14 13 15 17 16 17 18 21 
Beneficio: 19
d 2 4 5 4 2 3 22 27 28 23 24 28 22 27 7 9 10 8 6 7 9 11 12 14 13 15 16 17 15 21 18 19 20 
Beneficio: 19
d 2 4 5 4 2 3 22 27 28 23 24 28 22 27 7 9 10 8 6 7 9 11 13 15 21 20 16 17 15 24 25 26 27 
Beneficio: 18
d 2 4 5 4 2 3 22 27 28 23 24 28 22 27 7 9 10 8 6 7 9 10 12 14 13 25 15 20 19 18 17 16 21 20 19 
Beneficio: 27
d 2 4 5 4 2 3 22 27 28 23 24 28 22 27 7 9 10 8 6 7 9 10 12 11 13 15 16 17 20 16 15 21 18 
Beneficio: 25
d 2 4 5 4 2 3 22 27 28 23 24 28 22 27 7 9 10 8 6 7 9 10 12 11 13 15 21 20 17 16 21 
Beneficio: 13
d 2 4 5 4 2 3 22 27 28 23 24 28 22 27 7 9 10 8 6 7 9 10 12 11 13 15 21 18 19 20 
Beneficio: 19
d 2 4 5 4 2 3 22 27 28 23 24 28 22 27 7 9 10 8 6 7 9 11 12 14 13 15 21 20 19 18 17 16 15 24 25 26 
Beneficio: 20
d 2 4 5 4 2 3 22 27 28 23 24 28 22 27 7 9 10 8 6 7 5 27 26 25 24 15 20 21 17 16 15 13 14 12 10 
Beneficio: 15
d 2 4 5 4 2 3 22 27 28 23 24 28 22 27 7 9 10 8 6 7 5 27 26 25 13 15 17 20 16 17 21 20 19 18 
Beneficio: 31
d 2 4 5 4 2 3 22 27 28 23 24 28 22 27 7 9 10 8 6 7 5 27 26 25 13 11 9 10 12 14 13 15 16 17 18 21 
Beneficio: 15
d 2 4 5 4 2 3 22 27 28 23 24 28 22 27 7 9 10 8 6 7 5 27 26 25 24 13 14 12 11 13 15 17 18 19 20 21 
Beneficio: 26
d 2 4 5 4 2 3 22 27 28 23 24 28 22 27 7 9 10 8 6 7 5 27 26 25 24 15 17 16 20 15 13 11 9 
Beneficio: 18
d 2 4 5 4 2 3 22 27 28 23 24 28 22 27 7 9 10 8 6 7 5 27 26 25 24 15 20 19 18 17 16 20 21 15 13 
Beneficio: 21
d 2 4 5 4 2 3 22 27 28 23 24 28 22 27 7 9 10 8 6 7 5 27 26 25 13 15 17 16 21 15 13 14 12 11 13 11 
Beneficio: 32
d 2 4 5 4 2 3 22 27 28 23 24 28 22 27 7 9 10 8 6 7 5 27 26 25 13 11 9 10 12 14 13 15 21 20 16 17 15 16 20 19 
Beneficio: 9
d 2 4 5 4 2 3 22 27 28 23 24 28 22 27 7 9 10 8 6 7 5 27 26 25 24 13 15 16 20 19 
Beneficio: 15
d 2 4 5 4 2 3 22 27 28 23 24 28 22 27 7 9 10 8 6 7 5 27 26 25 24 15 13 14 12 11 13 15 
Beneficio: 18
d 2 4 5 4 2 3 22 27 28 23 24 28 22 27 7 9 10 8 6 7 5 27 26 25 13 11 9 11 12 14 13 15 21 20 16 15 
Beneficio: 28
d 2 4 5 4 2 3 22 27 28 23 24 28 22 27 7 9 10 8 6 5 27 26 25 24 25 13 11 9 10 12 14 13 15 16 17 15 20 19 18 
Beneficio: 15
d 2 4 5 4 2 3 22 27 28 23 24 28 22 27 7 9 10 8 6 5 27 26 25 24 15 21 20 19 18 17 16 15 13 14 
Beneficio: 28
d 2 4 5 4 2 3 22 27 28 23 24 28 22 27 7 9 10 8 6 5 27 26 25 24 25 13 11 12 14 13 15 21 20 17 16 15 20 19 18 
Beneficio: 24
d 2 4 5 4 2 3 22 27 28 23 24 28 22 27 7 9 10 8 6 5 27 26 25 15 21 20 19 18 16 17 15 13 11 9 
Beneficio: 25
d 2 4 5 4 2 3 22 27 28 23 24 28 22 27 7 9 10 8 6 5 27 26 25 13 14 12 11 13 15 18 17 16 15 
Beneficio: 26
d 2 4 5 4 2 3 22 27 28 23 24 28 22 27 7 9 10 8 6 5 27 26 25 24 25 13 14 12 11 13 15 16 17 15 21 20 16 18 19 
Beneficio: 30
d 2 4 5 4 2 3 22 27 28 23 24 28 22 27 7 9 10 8 6 5 27 26 25 13 11 12 10 9 11 12 14 13 15 16 20 19 18 17 16 21 
Beneficio: 27
d 2 4 5 4 2 3 22 27 28 23 24 28 22 27 7 9 10 8 6 5 27 26 25 24 25 15 16 17 18 19 20 21 15 13 14 12 11 13 
Beneficio: 22
d 2 4 5 4 2 3 22 27 28 23 24 28 22 27 7 9 10 8 6 5 27 26 25 15 17 16 15 13 11 9 7 
Beneficio: 15
d 2 4 5 4 2 3 22 27 28 23 24 28 22 27 7 9 10 8 6 5 27 26 25 15 13 11 12 14 13 15 16 20 19 18 17 
Beneficio: 19
d 2 4 5 4 2 3 22 27 28 23 24 28 22 27 7 9 10 8 7 6 8 6 5 27 26 25 24 15 16 20 19 18 17 16 15 13 
Beneficio: 21
d 2 4 5 4 2 3 22 27 28 23 24 28 22 27 7 9 10 8 7 6 8 10 12 14 13 15 16 17 18 19 20 15 24 25 26 27 
Beneficio: 22
d 2 4 5 4 2 3 22 27 28 23 24 28 22 27 7 9 10 8 7 6 8 10 12 14 13 25 24 15 16 17 15 20 21 18 19 
Beneficio: 24
d 2 4 5 4 2 3 22 27 28 23 24 28 22 27 7 9 10 8 7 6 8 10 12 11 13 15 16 17 20 15 25 24 
Beneficio: 26
d 2 4 5 4 2 3 22 27 28 23 24 28 22 27 7 9 10 8 7 6 8 10 12 11 13 25 24 15 17 16 15 20 19 
Beneficio: 29
d 2 4 5 4 2 3 22 27 28 23 24 28 22 27 7 9 10 8 7 6 8 10 12 11 13 25 24 15 16 17 16 20 19 18 15 
Beneficio: 28
d 2 4 5 4 2 3 22 27 28 23 24 28 22 27 7 9 10 8 7 6 8 10 9 11 13 15 17 20 16 17 18 21 20 
Beneficio: 30
d 2 4 5 4 2 3 22 27 28 23 24 28 22 27 7 9 10 8 7 6 8 10 9 11 12 14 13 11 13 15 16 17 15 13 25 26 27 
Beneficio: 24
d 2 4 5 4 2 3 22 27 28 23 24 28 22 27 7 9 10 8 7 6 8 10 9 11 13 25 24 15 16 17 15 13 
Beneficio: 12
d 2 4 5 4 2 3 22 27 28 23 24 28 22 27 7 9 10 8 7 6 8 10 12 14 13 15 16 17 15 21 18 
Beneficio: 28
d 2 4 5 4 2 3 22 27 28 23 24 28 22 27 7 9 10 8 7 6 8 6 5 27 26 25 15 16 17 15 13 11 9 11 12 10 
Beneficio: 17
d 2 4 5 4 2 3 22 27 28 23 24 28 22 27 7 9 10 8 7 6 8 10 12 14 13 15 21 17 16 20 17 
Beneficio: 24
d 2 4 5 4 2 3 22 27 28 23 24 28 22 27 7 9 10 8 7 6 8 10 12 11 13 15 17 16 20 19 18 15 25 24 25 26 27 
Beneficio: 26
d 2 4 5 4 2 3 22 27 28 23 24 28 22 27 7 9 10 8 7 6 8 10 12 11 13 15 17 18 19 20 16 17 21 20 19 
Beneficio: 19
d 2 4 5 4 2 3 22 27 28 23 24 28 22 27 7 9 10 8 7 6 8 10 12 14 13 15 16 17 18 19 20 21 15 24 
Beneficio: 7
d 2 4 5 4 2 3 22 27 28 23 24 28 22 27 7 9 10 8 6 7 5 27 26 25 24 25 15 21 
Beneficio: 36
d 2 4 5 4 2 3 22 27 28 23 24 28 22 27 7 9 10 12 14 13 15 16 17 18 19 20 21 16 15 13 11 9 10 8 7 6 8 
Beneficio: 17
d 2 4 5 4 2 3 22 27 28 23 24 28 22 27 7 9 10 12 14 13 15 21 20 16 17 15 24 25 13 11 12 14 
Beneficio: 20
d 2 4 5 4 2 3 22 27 28 23 24 28 22 27 7 9 10 12 14 13 11 13 15 16 17 21 20 19 18 
Beneficio: 33
d 2 4 5 4 2 3 22 27 28 23 24 28 22 27 7 9 10 12 14 13 25 24 15 16 21 20 19 18 17 16 21 15 13 11 9 10 8 6 7 8 
Beneficio: 16
d 2 4 5 4 2 3 22 27 28 23 24 28 22 27 7 9 10 12 11 13 15 20 21 16 17 15 16 20 19 18 21 
Beneficio: 10
d 2 4 5 4 2 3 22 27 28 23 24 28 22 27 7 9 10 12 11 13 25 15 21 20 16 15 17 18 
Beneficio: 15
d 2 4 5 4 2 3 22 27 28 23 24 28 22 27 7 9 10 12 11 13 15 20 17 16 20 21 15 18 
Beneficio: 11
d 2 4 5 4 2 3 22 27 28 23 24 28 22 27 7 9 10 12 14 13 15 16 20 19 18 17 16 20 21 15 25 24 25 
Beneficio: 29
d 2 4 5 4 2 3 22 27 28 23 24 28 22 27 7 9 10 12 14 13 11 9 10 8 6 5 27 26 25 24 25 15 16 17 15 13 14 
Beneficio: 15
d 2 4 5 4 2 3 22 27 28 23 24 28 22 27 7 9 10 12 14 13 11 9 7 6 5 27 26 25 15 21 20 16 15 
Beneficio: 24
d 2 4 5 4 2 3 22 27 28 23 24 28 22 27 7 9 10 12 14 13 11 12 10 8 6 7 5 27 26 25 13 15 21 20 16 17 18 19 20 
Beneficio: 19
d 2 4 5 4 2 3 22 27 28 23 24 28 22 27 7 9 10 12 14 13 11 13 15 20 17 16 21 20 19 18 17 
Beneficio: 21
d 2 4 5 4 2 3 22 27 28 23 24 28 22 27 7 9 10 12 14 13 15 16 17 21 15 24 25 13 
Beneficio: 29
d 2 4 5 4 2 3 22 27 28 23 24 28 22 27 7 9 10 12 14 13 15 21 20 16 17 15 24 25 13 11 12 10 8 6 7 8 
Beneficio: 24
d 2 4 5 4 2 3 22 27 28 23 24 28 22 27 7 9 10 12 14 13 15 16 17 15 25 13 11 12 14 13 
Beneficio: 20
d 2 4 5 4 2 3 22 27 28 23 24 28 22 27 7 9 10 12 14 13 15 21 16 17 15 21 20 16 15 25 24 
Beneficio: 10
d 2 4 5 4 2 3 22 27 28 23 24 28 22 27 7 9 10 12 14 13 25 24 15 21 16 17 20 16 18 
Beneficio: 24
d 2 4 5 4 2 3 22 27 28 23 24 28 22 27 7 9 10 12 14 13 24 15 17 16 15 13 11 9 10 8 6 5 
Beneficio: 10
d 2 4 5 4 2 3 22 27 28 23 24 28 22 27 7 9 10 12 14 13 11 9 10 8 7 6 5 27 26 25 15 18 19 
Beneficio: 19
d 2 4 5 4 2 3 22 27 28 23 24 28 22 27 7 9 10 12 14 13 11 12 14 13 15 21 20 16 17 20 
Beneficio: 25
d 2 4 5 4 2 3 22 27 28 23 24 28 22 27 7 9 10 12 14 13 15 16 17 18 19 20 21 15 24 25 24 13 11 12 
Beneficio: 35
d 2 4 5 4 2 3 22 27 28 23 24 28 22 27 7 9 10 12 14 13 15 21 20 17 16 15 13 11 9 10 8 6 7 8 
Beneficio: 30
d 2 4 5 4 2 3 22 27 28 23 24 28 22 27 7 9 10 12 14 13 15 17 16 15 25 24 25 13 11 12 10 8 6 7 8 
Beneficio: 20
d 2 4 5 4 2 3 22 27 28 23 24 28 22 27 7 9 10 12 14 13 25 24 15 21 17 16 15 17 18 19 20 
Beneficio: 14
d 2 4 5 4 2 3 22 27 28 23 24 28 22 27 7 9 10 12 14 13 25 15 17 16 15 21 18 19 
Beneficio: 16
d 2 4 5 4 2 3 22 27 28 23 24 28 22 27 7 9 10 12 11 13 15 16 17 16 20 15 18 21 
Beneficio: 27
d 2 4 5 4 2 3 22 27 28 23 24 28 22 27 7 9 10 12 11 13 15 17 20 21 16 17 18 19 20 16 15 24 25 26 27 5 6 8 7 
Beneficio: 22
d 2 4 5 4 2 3 22 27 28 23 24 28 22 27 7 9 10 12 11 13 15 21 20 16 17 15 13 11 9 10 8 7 6 5 27 
Beneficio: 20
d 2 4 5 4 2 3 22 27 28 23 24 28 22 27 7 9 10 12 11 13 15 16 17 18 19 20 15 25 26 27 5 6 
Beneficio: 28
d 2 4 5 4 2 3 22 27 28 23 24 28 22 27 7 9 10 12 11 13 15 21 20 16 17 20 19 18 21 16 15 13 14 12 10 8 6 
Beneficio: 34
d 2 4 5 4 2 3 22 27 28 23 24 28 22 27 7 9 10 12 11 13 25 24 15 16 17 18 19 20 21 15 13 14 12 10 8 7 6 8 10 9 11 
Beneficio: 17
d 2 4 5 4 2 3 22 27 28 23 24 28 22 27 7 9 10 12 11 13 25 15 16 18 17 16 20 15 17 
Beneficio: 22
d 2 4 5 4 2 3 22 27 28 23 24 28 22 27 7 9 10 12 11 9 10 8 6 7 5 27 26 25 13 15 16 20 17 16 21 20 
Beneficio: 20
d 2 4 5 4 2 3 22 27 28 23 24 28 22 27 7 9 10 12 11 9 10 8 6 5 27 26 25 13 15 21 20 19 18 17 16 15 
Beneficio: 25
d 2 4 5 4 2 3 22 27 28 23 24 28 22 27 7 9 10 12 11 9 11 13 15 21 20 19 18 17 16 15 13 24 25 
Beneficio: 12
d 2 4 5 4 2 3 22 27 28 23 24 28 22 27 7 9 10 12 11 9 11 13 15 21 20 19 18 17 16 20 15 25 
Beneficio: 24
d 2 4 5 4 2 3 22 27 28 23 24 28 22 27 7 9 10 12 11 13 15 16 17 15 25 24 25 13 11 9 10 12 
Beneficio: 12
d 2 4 5 4 2 3 22 27 28 23 24 28 22 27 7 9 10 12 11 13 15 17 18 19 20 21 16 15 24 25 26 27 5 
Beneficio: 27
d 2 4 5 4 2 3 22 27 28 23 24 28 22 27 7 9 10 12 11 13 15 20 21 18 17 16 15 24 25 13 14 12 11 9 
Beneficio: 25
d 2 4 5 4 2 3 22 27 28 23 24 28 22 27 7 9 10 12 11 13 15 21 20 17 16 15 13 25 26 27 5 7 6 8 6 
Beneficio: 31
d 2 4 5 4 2 3 22 27 28 23 24 28 22 27 7 9 10 12 11 13 25 24 15 16 17 18 19 20 21 15 13 14 12 11 9 10 8 7 6 8 
Beneficio: 21
d 2 4 5 4 2 3 22 27 28 23 24 28 22 27 7 9 10 12 11 9 10 8 6 7 5 27 26 25 15 16 17 15 13 
Beneficio: 19
d 2 4 5 4 2 3 22 27 28 23 24 28 22 27 7 9 10 12 11 9 11 13 15 21 16 17 15 13 25 24 25 26 27 
Beneficio: 7
d 2 4 5 4 2 3 22 27 28 23 24 28 22 27 7 9 10 12 11 13 15 17 21 20 16 17 21 20 19 
Beneficio: 22
d 2 4 5 4 2 3 22 27 28 23 24 28 22 27 7 9 10 12 14 13 15 21 18 17 16 15 13 11 9 7 6 5 
Beneficio: 17
d 2 4 5 4 2 3 22 27 28 23 24 28 22 27 7 9 10 12 14 13 15 16 17 18 19 20 15 24 25 
Beneficio: 17
d 2 4 5 4 2 3 22 27 28 23 24 28 22 27 7 9 10 8 6 7 8 10 12 14 13 15 16 21 20 17 16 20 21 18 19 
Beneficio: 19
d 2 4 5 4 2 3 22 27 28 23 24 28 22 27 7 9 10 8 6 7 8 10 12 14 13 15 16 17 21 15 24 25 26 27 
Beneficio: 29
d 2 4 5 4 2 3 22 27 28 23 24 28 22 27 7 9 10 8 6 7 8 10 12 11 13 25 15 16 17 15 13 11 9 
Beneficio: 14
d 2 4 5 4 2 3 22 27 28 23 24 28 22 27 7 9 10 8 6 7 8 10 12 14 13 15 21 20 17 16 20 21 17 
Beneficio: 15
d 2 4 5 4 2 3 22 27 28 23 24 28 22 27 7 9 10 8 6 7 8 10 12 14 13 15 16 21 18 17 16 21 20 
Beneficio: 22
d 2 4 5 4 2 3 22 27 28 23 24 28 22 27 7 9 10 8 6 7 8 10 12 11 13 15 17 16 21 20 15 18 19 
Beneficio: 20
d 2 4 5 4 2 3 22 27 28 23 24 28 22 27 7 9 10 8 6 7 8 10 12 14 13 15 21 20 16 15 17 16 20 19 18 17 
Beneficio: 24
d 2 4 5 4 2 3 22 27 28 23 24 28 22 27 7 9 10 8 6 7 9 11 13 15 16 21 20 19 18 17 15 24 25 24 23 
Beneficio: 32
d 2 4 5 4 2 3 22 27 28 23 24 28 22 27 7 9 10 8 6 7 9 11 12 14 13 15 16 17 18 19 20 21 15 25 13 11 12 
Beneficio: 37
d 2 4 5 4 2 3 22 27 28 23 24 28 22 27 7 9 10 8 6 7 9 11 12 14 13 15 16 20 19 18 17 16 20 21 15 13 11 
Beneficio: 20
d 2 4 5 4 2 3 22 27 28 23 24 28 22 27 7 9 10 8 6 7 9 11 12 14 13 25 15 20 17 16 21 20 19 
Beneficio: 19
d 2 4 5 4 2 3 22 27 28 23 24 28 22 27 7 9 10 8 6 7 9 11 13 25 24 15 17 16 21 15 
Beneficio: 18
d 2 4 5 4 2 3 22 27 28 23 24 28 22 27 7 9 10 8 6 7 9 10 12 14 13 25 24 15 20 16 17 15 16 21 20 
Beneficio: 12
d 2 4 5 4 2 3 22 27 28 23 24 28 22 27 7 9 10 8 6 7 9 10 12 11 13 25 15 17 16 20 19 18 
Beneficio: 21
d 2 4 5 4 2 3 22 27 28 23 24 28 22 27 7 9 10 8 6 7 9 11 12 14 13 15 16 17 15 18 19 20 
Beneficio: 30
d 2 4 5 4 2 3 22 27 28 23 24 28 22 27 7 9 10 8 6 7 5 27 26 25 13 11 12 10 9 11 12 14 13 15 17 16 15 21 18 19 
Beneficio: 10
d 2 4 5 4 2 3 22 27 28 23 24 28 22 27 7 9 10 8 6 7 5 27 26 25 13 15 16 18 19 20 
Beneficio: 19
d 2 4 5 4 2 3 22 27 28 23 24 28 22 27 7 9 10 8 6 7 5 27 26 25 24 15 17 16 20 21 15 13 14 12 11 9 10 12 
Beneficio: 15
d 2 4 5 4 2 3 22 27 28 23 24 28 22 27 7 9 10 8 6 7 5 27 26 25 13 14 12 11 13 15 17 18 19 20 21 
Beneficio: 16
d 2 4 5 4 2 3 22 27 28 23 24 28 22 27 7 9 10 8 6 7 5 27 26 25 13 15 16 17 18 19 20 16 21 
Beneficio: 25
d 2 4 5 4 2 3 22 27 28 23 24 28 22 27 7 9 10 8 6 7 5 27 26 25 15 13 14 12 11 13 15 17 16 15 21 20 
Beneficio: 21
d 2 4 5 4 2 3 22 27 28 23 24 28 22 27 7 9 10 8 6 5 27 26 25 15 16 17 15 13 25 24 23 
Beneficio: 17
d 2 4 5 4 2 3 22 27 28 23 24 28 22 27 7 9 10 8 6 5 27 26 25 24 15 21 20 16 17 18 19 20 16 
Beneficio: 24
d 2 4 5 4 2 3 22 27 28 23 24 28 22 27 7 9 10 8 6 5 27 26 25 24 15 16 17 15 13 14 12 11 9 10 12 11 
Beneficio: 23
d 2 4 5 4 2 3 22 27 28 23 24 28 22 27 7 9 10 8 6 5 27 26 25 24 25 13 14 12 11 13 15 21 20 16 17 15 
Beneficio: 19
d 2 4 5 4 2 3 22 27 28 23 24 28 22 27 7 9 10 8 6 5 27 26 25 13 11 12 14 13 15 16 20 17 16 
Beneficio: 23
d 2 4 5 4 2 3 22 27 28 23 24 28 22 27 7 9 10 8 7 6 8 6 5 27 26 25 24 13 11 12 14 13 15 17 16 20 
Beneficio: 26
d 2 4 5 4 2 3 22 27 28 23 24 28 22 27 7 9 10 8 7 6 8 10 12 14 13 11 12 14 13 15 21 16 17 15 16 
Beneficio: 26
d 2 4 5 4 2 3 22 27 28 23 24 28 22 27 7 9 10 8 7 6 8 10 12 11 13 15 21 20 19 18 17 16 15 24 23 
Beneficio: 30
d 2 4 5 4 2 3 22 27 28 23 24 28 22 27 7 9 10 8 7 6 8 10 12 11 13 25 24 15 17 16 20 21 15 13 14 12 11 9 10 
Beneficio: 25
d 2 4 5 4 2 3 22 27 28 23 24 28 22 27 7 9 10 8 7 6 8 10 12 11 13 25 24 15 17 18 19 20 16 17 
Beneficio: 17
d 2 4 5 4 2 3 22 27 28 23 24 28 22 27 7 9 10 8 7 6 8 10 12 14 13 25 24 15 17 16 20 15 21 18 19 
Beneficio: 32
d 2 4 5 4 2 3 22 27 28 23 24 28 22 27 7 9 10 8 7 6 8 10 12 11 13 24 15 16 17 15 21 20 19 
Beneficio: 23
d 2 4 5 4 2 3 22 27 28 23 24 28 22 27 7 9 10 8 7 6 8 10 12 11 13 15 21 20 16 17 18 19 20 15 21 
Beneficio: 13
d 2 4 5 4 2 3 22 27 28 23 24 28 22 27 7 9 10 12 14 13 15 16 17 18 19 20 21 15 13 24 25 26 
Beneficio: 8
d 2 4 5 4 2 3 22 27 28 23 24 28 22 27 7 9 10 12 14 13 25 15 20 16 17 18 19 20 21 
Beneficio: 6
d 2 4 5 4 2 3 22 27 28 23 24 28 22 27 7 9 10 12 14 13 25 15 20 16 17 20 19 18 
Beneficio: 25
d 2 4 5 4 2 3 22 27 28 23 24 28 22 27 7 9 10 12 11 13 25 24 25 15 17 16 15 13 14 12 11 9 10 8 7 6 
Beneficio: 14
d 2 4 5 4 2 3 22 27 28 23 24 28 22 27 7 9 10 12 11 13 15 17 16 18 19 20 17 21 
Beneficio: 25
d 2 4 5 4 2 3 22 27 28 23 24 28 22 27 7 9 7 6 8 10 12 14 13 11 12 14 13 15 20 21 16 17 15 16 21 
Beneficio: 24
d 2 4 5 4 2 3 22 27 28 23 24 28 22 27 7 9 7 6 8 10 12 14 13 15 21 20 16 17 20 16 15 24 25 26 
Beneficio: 10
d 2 4 5 4 2 3 22 27 28 23 24 28 22 27 7 9 7 6 8 10 12 14 13 25 24 25 15 18 19 
Beneficio: 30
d 2 4 5 4 2 3 22 27 28 23 24 28 22 27 7 9 7 6 8 10 12 14 13 11 13 15 21 16 17 15 13 25 24 
Beneficio: 9
d 2 4 5 4 2 3 22 27 28 23 24 28 22 27 7 9 7 6 8 10 12 14 13 15 17 16 18 
Beneficio: 27
d 2 4 5 4 2 3 22 27 28 23 24 28 22 27 7 9 7 6 8 10 12 11 13 15 16 21 17 16 20 19 18 17 15 24 25 26 
Beneficio: 30
d 2 4 5 4 2 3 22 27 28 23 24 28 22 27 7 9 7 6 8 10 12 11 13 15 21 20 19 18 16 17 15 16 21 
Beneficio: 25
d 2 4 5 4 2 3 22 27 28 23 24 28 22 27 7 9 7 6 8 10 12 11 9 11 13 15 16 18 19 20 21 17 
Beneficio: 31
d 2 4 5 4 2 3 22 27 28 23 24 28 22 27 7 9 7 6 8 10 12 11 13 15 16 17 18 19 20 16 21 15 13 25 24 25 
Beneficio: 23
d 2 4 5 4 2 3 22 27 28 23 24 28 22 27 7 9 7 6 8 10 12 11 13 15 18 21 16 17 18 19 20 16 21 
Beneficio: 14
d 2 4 5 4 2 3 22 27 28 23 24 28 22 27 7 9 7 6 8 10 12 11 13 15 21 18 17 16 21 18 19 
Beneficio: 21
d 2 4 5 4 2 3 22 27 28 23 24 28 22 27 7 9 7 6 8 10 12 14 13 15 21 16 20 19 18 17 16 15 24 25 26 27 5 
Beneficio: 33
d 2 4 5 4 2 3 22 27 28 23 24 28 22 27 7 9 7 6 8 10 9 11 13 15 20 16 17 21 20 19 18 
Beneficio: 32
d 2 4 5 4 2 3 22 27 28 23 24 28 22 27 7 9 7 6 8 10 9 11 13 25 15 16 20 19 18 17 16 21 20 17 15 
Beneficio: 14
d 2 4 5 4 2 3 22 27 28 23 24 28 22 27 7 9 7 6 8 10 9 11 12 14 13 15 20 16 17 
Beneficio: 26
d 2 4 5 4 2 3 22 27 28 23 24 28 22 27 7 9 7 6 8 10 9 11 12 14 13 15 20 19 18 17 16 15 13 24 25 26 
Beneficio: 23
d 2 4 5 4 2 3 22 27 28 23 24 28 22 27 7 9 7 6 8 10 9 11 12 14 13 15 16 17 20 15 24 25 26 
Beneficio: 27
d 2 4 5 4 2 3 22 27 28 23 24 28 22 27 7 9 7 6 8 10 9 11 12 14 13 15 17 16 15 21 18 
Beneficio: 27
d 2 4 5 4 2 3 22 27 28 23 24 28 22 27 7 9 7 6 8 10 9 11 13 15 16 20 17 16 21 20 19 18 17 15 
Beneficio: 15
d 2 4 5 4 2 3 22 27 28 23 24 28 22 27 7 9 7 6 8 10 9 11 12 14 13 15 21 18 19 20 16 17 
Beneficio: 33
d 2 4 5 4 2 3 22 27 28 23 24 28 22 27 7 9 7 6 8 10 9 11 13 15 17 16 20 21 15 24 25 26 27 5 
Beneficio: 22
d 2 4 5 4 2 3 22 27 28 23 24 28 22 27 7 9 7 6 8 10 9 11 12 14 13 15 16 17 20 19 18 21 15 24 
Beneficio: 24
d 2 4 5 4 2 3 22 27 28 23 24 28 22 27 7 9 7 6 8 10 9 11 12 14 13 15 17 16 15 20 19 18 17 21 
Beneficio: 32
d 2 4 5 4 2 3 22 27 28 23 24 28 22 27 7 9 7 6 8 10 9 11 12 14 13 24 15 16 17 15 13 11 12 
Beneficio: 23
d 2 4 5 4 2 3 22 27 28 23 24 28 22 27 7 9 7 6 8 10 9 11 13 15 20 16 17 20 21 15 18 19 
Beneficio: 18
d 2 4 5 4 2 3 22 27 28 23 24 28 22 27 7 9 7 6 8 10 12 14 13 15 16 17 20 21 15 24 25 26 27 5 
Beneficio: 27
d 2 4 5 4 2 3 22 27 28 23 24 28 22 27 7 9 7 6 8 10 12 11 13 15 21 16 17 18 19 20 21 16 15 13 
Beneficio: 17
d 2 4 5 4 2 3 22 27 28 23 24 28 22 27 7 9 7 6 8 7 5 27 26 25 24 15 17 18 19 20 16 17 20 21 15 13 
Beneficio: 20
d 2 4 5 4 2 3 22 27 28 23 24 28 22 27 7 9 7 6 8 7 5 27 26 25 15 21 20 16 17 15 13 11 
Beneficio: 18
d 2 4 5 4 2 3 22 27 28 23 24 28 22 27 7 9 7 6 8 10 12 14 13 15 16 20 19 18 17 16 20 21 18 
Beneficio: 27
d 2 4 5 4 2 3 22 27 28 23 24 28 22 27 7 9 7 6 8 10 12 11 13 15 21 16 17 18 19 20 16 15 25 
Beneficio: 20
d 2 4 5 4 2 3 22 27 28 23 24 28 22 27 7 9 7 6 8 10 12 14 13 15 16 20 21 15 17 16 20 19 18 17 
Beneficio: 7
d 2 4 5 4 2 3 22 27 28 23 24 28 22 27 7 9 7 6 8 10 12 14 13 25 24 15 21 20 19 18 
Beneficio: 23
d 2 4 5 4 2 3 22 27 28 23 24 28 22 27 7 9 7 6 8 10 12 11 13 15 16 17 18 19 20 21 15 24 25 26 
Beneficio: 9
d 2 4 5 4 2 3 22 27 28 23 24 28 22 27 7 9 7 6 8 10 12 11 13 25 15 20 19 18 17 
Beneficio: 14
d 2 4 5 4 2 3 22 27 28 23 24 28 22 27 7 9 7 6 8 10 12 14 13 15 16 17 18 19 20 15 24 25 
Beneficio: 23
d 2 4 5 4 2 3 22 27 28 23 24 28 22 27 7 9 7 8 6 7 8 10 12 14 13 15 21 20 17 16 15 25 24 
Beneficio: 26
d 2 4 5 4 2 3 22 27 28 23 24 28 22 27 7 9 7 8 6 7 8 10 12 11 13 15 16 21 20 17 16 20 21 18 19 
Beneficio: 28
d 2 4 5 4 2 3 22 27 28 23 24 28 22 27 7 9 7 8 6 7 8 10 12 11 13 15 16 21 20 19 18 17 16 20 17 15 25 26 
Beneficio: 31
d 2 4 5 4 2 3 22 27 28 23 24 28 22 27 7 9 7 8 6 7 8 10 9 11 13 15 17 20 21 16 17 18 19 20 16 
Beneficio: 11
d 2 4 5 4 2 3 22 27 28 23 24 28 22 27 7 9 7 8 6 7 8 10 9 11 12 14 13 25 24 15 21 20 16 15 17 
Beneficio: 24
d 2 4 5 4 2 3 22 27 28 23 24 28 22 27 7 9 7 8 6 7 8 10 9 11 13 25 15 17 16 15 13 14 12 11 
Beneficio: 28
d 2 4 5 4 2 3 22 27 28 23 24 28 22 27 7 9 7 8 6 7 8 10 12 11 13 15 20 19 18 17 16 15 21 20 
Beneficio: 18
d 2 4 5 4 2 3 22 27 28 23 24 28 22 27 7 9 7 8 6 7 5 27 26 25 13 11 12 14 13 15 17 18 19 20 16 15 25 24 
Beneficio: 21
d 2 4 5 4 2 3 22 27 28 23 24 28 22 27 7 9 7 8 6 7 8 10 12 11 13 15 20 16 17 15 21 18 19 20 
Beneficio: 18
d 2 4 5 4 2 3 22 27 28 23 24 28 22 27 7 9 7 8 6 8 10 12 14 13 25 24 15 16 17 20 15 18 19 
Beneficio: 22
d 2 4 5 4 2 3 22 27 28 23 24 28 22 27 7 9 7 8 6 8 10 12 11 13 25 15 20 16 17 15 21 20 19 
Beneficio: 10
d 2 4 5 4 2 3 22 27 28 23 24 28 22 27 7 9 7 8 6 8 10 12 11 13 25 15 21 20 
Beneficio: 28
d 2 4 5 4 2 3 22 27 28 23 24 28 22 27 7 9 7 8 10 12 14 13 15 16 20 19 18 17 16 21 20 15 13 11 9 
Beneficio: -2
d 2 4 5 4 2 3 22 27 28 23 24 28 22 27 7 9 7 8 10 12 14 13 25 24 15 20 17 18 19 
Beneficio: 16
d 2 4 5 4 2 3 22 27 28 23 24 28 22 27 7 9 7 8 10 12 14 13 15 21 16 17 18 19 20 16 15 
Beneficio: 19
d 2 4 5 4 2 3 22 27 28 23 24 28 22 27 7 9 7 8 10 12 11 13 15 18 19 20 17 16 15 13 14 12 11 9 10 
Beneficio: 10
d 2 4 5 4 2 3 22 27 28 23 24 28 22 27 7 9 7 8 10 12 11 13 15 16 17 20 15 13 25 26 
Beneficio: 8
d 2 4 5 4 2 3 22 27 28 23 24 28 22 27 7 9 7 8 10 12 11 13 15 18 17 20 21 
Beneficio: 10
d 2 4 5 4 2 3 22 27 28 23 24 28 22 27 7 9 7 8 10 12 14 13 15 21 18 17 16 15 21 20 16 
Beneficio: 8
d 2 4 5 4 2 3 22 27 28 23 24 28 22 27 7 9 7 8 10 12 11 13 15 21 16 20 19 18 17 
Beneficio: 20
d 2 4 5 4 2 3 22 27 28 23 24 28 22 27 7 9 7 8 10 12 11 13 15 17 16 20 19 18 15 13 14 12 11 9 10 
Beneficio: 21
d 2 4 5 4 2 3 22 27 28 23 24 28 22 27 7 9 7 8 6 7 8 10 12 14 13 15 16 17 18 21 20 19 
Beneficio: 30
d 2 4 5 4 2 3 22 27 28 23 24 28 22 27 7 9 7 8 6 7 8 10 12 11 13 15 21 16 17 15 16 18 19 20 
Beneficio: 26
d 2 4 5 4 2 3 22 27 28 23 24 28 22 27 7 9 7 8 6 7 8 10 12 14 13 15 16 20 19 18 17 16 15 13 11 
Beneficio: 18
d 2 4 5 4 2 3 22 27 28 23 24 28 22 27 7 9 7 8 6 7 5 27 26 25 15 16 17 20 21 15 
Beneficio: 17
d 2 4 5 4 2 3 22 27 28 23 24 28 22 27 7 9 7 8 6 8 10 12 14 13 15 16 17 15 24 25 13 11 
Beneficio: 19
d 2 4 5 4 2 3 22 27 28 23 24 28 22 27 7 9 7 8 6 8 10 12 11 13 15 17 16 20 21 15 25 26 
Beneficio: 13
d 2 4 5 4 2 3 22 27 28 23 24 28 22 27 7 9 7 8 10 12 14 13 15 16 21 20 19 18 17 16 21 15 24 
Beneficio: 22
d 2 4 5 4 2 3 22 27 28 23 24 28 22 27 7 9 7 8 10 12 14 13 15 16 17 18 19 20 21 15 24 25 13 11 
Beneficio: 19
d 2 4 5 4 2 3 22 27 28 23 24 28 22 27 7 9 7 8 10 12 11 13 15 20 19 18 16 17 15 21 20 16 15 24 
Beneficio: 19
d 2 4 5 4 2 3 22 27 28 23 24 28 22 27 7 9 7 8 10 12 11 13 15 21 20 19 18 16 17 15 21 16 
Beneficio: 5
d 2 4 5 4 2 3 22 27 28 23 24 28 22 27 7 9 7 8 10 12 14 13 15 17 16 20 21 15 18 
Beneficio: 18
d 2 4 5 4 2 3 22 27 28 23 24 28 22 27 7 9 7 8 10 12 14 13 11 13 15 21 20 16 17 15 20 19 
Beneficio: 18
d 2 4 5 4 2 3 22 27 28 23 24 28 22 27 7 9 7 6 8 10 12 14 13 15 21 16 20 19 18 17 16 15 17 20 19 
Beneficio: 6
d 2 4 5 4 2 3 22 27 28 23 24 28 22 27 7 9 7 6 8 10 12 14 13 15 21 16 18 19 20 
Beneficio: 28
d 2 4 5 4 2 3 22 27 28 23 24 28 22 27 7 9 7 6 8 10 12 11 9 11 13 15 21 20 16 15 17 16 20 19 18 17 
Beneficio: 17
d 2 4 5 4 2 3 22 27 28 23 24 28 22 27 7 9 7 6 8 10 12 14 13 15 16 17 15 21 16 20 19 18 
Beneficio: 24
d 2 4 5 4 2 3 22 27 28 23 24 28 22 27 7 9 7 6 8 10 12 11 13 15 21 20 17 16 15 24 25 26 27 
Beneficio: 7
d 2 4 5 4 2 3 22 27 28 23 24 28 22 27 7 9 7 6 8 10 12 14 13 15 21 20 19 18 17 16 20 15 
Beneficio: 22
d 2 4 5 4 2 3 22 27 28 23 24 28 22 27 7 9 7 5 6 8 10 12 14 13 11 13 15 21 16 17 18 19 20 21 
Beneficio: 18
d 2 4 5 4 2 3 22 27 28 23 24 28 22 27 7 9 11 13 14 12 10 8 6 7 5 27 26 25 24 15 17 
Beneficio: 26
d 2 4 5 4 2 3 22 27 28 23 24 28 22 27 7 9 11 13 15 16 17 18 19 20 16 21 15 25 26 27 5 7 6 8 10 12 
Beneficio: 22
d 2 4 5 4 2 3 22 27 28 23 24 28 22 27 7 9 11 13 15 16 21 20 19 18 17 16 21 15 24 23 
Beneficio: 17
d 2 4 5 4 2 3 22 27 28 23 24 28 22 27 7 9 11 13 15 21 20 16 17 15 13 24 25 26 27 5 7 8 10 12 14 
Beneficio: 20
d 2 4 5 4 2 3 22 27 28 23 24 28 22 27 7 9 11 13 15 21 20 17 16 15 24 25 26 27 5 6 7 8 10 12 
Beneficio: 20
d 2 4 5 4 2 3 22 27 28 23 24 28 22 27 7 9 11 13 14 12 10 8 6 7 5 27 26 25 24 15 16 20 
Beneficio: 15
d 2 4 5 4 2 3 22 27 28 23 24 28 22 27 7 9 11 13 15 17 16 20 21 15 13 24 25 26 27 5 
Beneficio: 21
d 2 4 5 4 2 3 22 27 28 23 24 28 22 27 7 9 11 13 15 20 21 16 17 18 19 20 16 15 13 14 12 10 9 11 
Beneficio: 29
d 2 4 5 4 2 3 22 27 28 23 24 28 22 27 7 9 11 13 25 24 15 16 17 18 19 20 21 15 13 14 12 10 8 6 7 
Beneficio: 17
d 2 4 5 4 2 3 22 27 28 23 24 28 22 27 7 9 11 13 24 25 15 21 20 16 17 15 20 19 
Beneficio: 6
d 2 4 5 4 2 3 22 27 28 23 24 28 22 27 7 9 11 12 10 8 6 5 27 26 25 15 21 20 19 18 
Beneficio: 11
d 2 4 5 4 2 3 22 27 28 23 24 28 22 27 7 9 11 12 14 13 15 16 17 18 16 20 21 15 25 
Beneficio: 10
d 2 4 5 4 2 3 22 27 28 23 24 28 22 27 7 9 11 12 14 13 15 16 21 20 17 16 20 19 18 17 
Beneficio: 12
d 2 4 5 4 2 3 22 27 28 23 24 28 22 27 7 9 11 12 14 13 15 16 21 20 17 16 21 15 17 18 19 
Beneficio: 27
d 2 4 5 4 2 3 22 27 28 23 24 28 22 27 7 9 11 12 14 13 15 21 20 19 18 17 16 15 13 11 12 10 9 7 6 8 
Beneficio: 12
d 2 4 5 4 2 3 22 27 28 23 24 28 22 27 7 9 11 12 14 13 15 16 17 18 19 20 21 15 13 25 26 
Beneficio: 27
d 2 4 5 4 2 3 22 27 28 23 24 28 22 27 7 9 11 12 14 13 11 12 10 8 6 7 5 27 26 25 15 16 17 18 19 
Beneficio: 25
d 2 4 5 4 2 3 22 27 28 23 24 28 22 27 7 9 11 12 14 13 15 21 20 19 18 17 16 20 15 13 11 12 10 8 6 7 
Beneficio: 32
d 2 4 5 4 2 3 22 27 28 23 24 28 22 27 7 6 8 10 12 14 13 11 9 7 8 6 5 27 26 25 24 25 13 15 16 21 20 17 16 
Beneficio: 29
d 2 4 5 4 2 3 22 27 28 23 24 28 22 27 7 6 8 10 12 14 13 11 9 7 6 5 27 26 25 15 21 20 19 18 17 16 21 
Beneficio: 33
d 2 4 5 4 2 3 22 27 28 23 24 28 22 27 7 6 8 10 12 14 13 11 9 7 5 27 26 25 24 15 21 20 19 18 16 17 15 16 21 
Beneficio: 29
d 2 4 5 4 2 3 22 27 28 23 24 28 22 27 7 6 8 10 12 14 13 11 9 7 5 27 26 25 24 15 21 20 16 17 15 20 19 
Beneficio: 29
d 2 4 5 4 2 3 22 27 28 23 24 28 22 27 7 6 8 10 12 14 13 11 9 10 8 6 5 27 26 25 24 15 17 16 15 13 
Beneficio: 25
d 2 4 5 4 2 3 22 27 28 23 24 28 22 27 7 6 8 10 12 14 13 11 12 10 9 7 5 27 26 25 24 15 17 16 21 20 19 
Beneficio: 19
d 2 4 5 4 2 3 22 27 28 23 24 28 22 27 7 6 8 10 12 14 13 11 12 14 13 15 17 16 21 15 13 25 24 25 
Beneficio: 24
d 2 4 5 4 2 3 22 27 28 23 24 28 22 27 7 6 8 10 12 14 13 11 13 15 21 16 17 18 19 20 15 21 
Beneficio: 19
d 2 4 5 4 2 3 22 27 28 23 24 28 22 27 7 6 8 10 12 14 13 11 13 25 24 15 16 17 16 20 19 18 
Beneficio: 31
d 2 4 5 4 2 3 22 27 28 23 24 28 22 27 7 6 8 10 12 14 13 15 16 17 20 16 21 15 25 26 27 5 7 9 11 13 25 
Beneficio: 32
d 2 4 5 4 2 3 22 27 28 23 24 28 22 27 7 6 8 10 12 14 13 15 17 16 20 19 18 21 15 24 25 26 27 5 7 9 11 13 
Beneficio: 29
d 2 4 5 4 2 3 22 27 28 23 24 28 22 27 7 6 8 10 12 14 13 15 21 16 20 17 16 15 24 25 13 11 9 10 8 7 
Beneficio: 16
d 2 4 5 4 2 3 22 27 28 23 24 28 22 27 7 6 8 10 12 14 13 15 18 19 20 16 17 20 21 15 25 24 25 26 27 5 
Beneficio: 32
d 2 4 5 4 2 3 22 27 28 23 24 28 22 27 7 6 8 10 12 14 13 15 16 18 17 16 20 21 15 13 11 9 7 8 
Beneficio: 15
d 2 4 5 4 2 3 22 27 28 23 24 28 22 27 7 6 8 10 12 14 13 15 21 17 16 15 13 24 25 26 27 5 
Beneficio: 25
d 2 4 5 4 2 3 22 27 28 23 24 28 22 27 7 6 8 10 12 14 13 25 24 15 21 20 16 17 15 13 11 9 10 8 7 5 
Beneficio: 23
d 2 4 5 4 2 3 22 27 28 23 24 28 22 27 7 6 8 10 12 14 13 25 15 16 17 18 19 20 21 15 
Beneficio: 12
d 2 4 5 4 2 3 22 27 28 23 24 28 22 27 7 6 8 10 12 14 13 24 15 17 16 20 21 15 25 26 
Beneficio: 14
d 2 4 5 4 2 3 22 27 28 23 24 28 22 27 7 6 8 10 12 14 13 25 15 21 20 19 18 16 17 15 16 20 19 
Beneficio: 28
d 2 4 5 4 2 3 22 27 28 23 24 28 22 27 7 6 8 10 12 14 13 11 9 7 5 27 26 25 13 15 21 16 17 18 19 20 16 
Beneficio: 31
d 2 4 5 4 2 3 22 27 28 23 24 28 22 27 7 6 8 10 12 14 13 11 9 7 5 27 26 25 13 15 16 18 17 16 21 20 
Beneficio: 29
d 2 4 5 4 2 3 22 27 28 23 24 28 22 27 7 6 8 10 12 14 13 11 9 11 13 15 21 20 16 17 15 16 21 18 19 
Beneficio: 30
d 2 4 5 4 2 3 22 27 28 23 24 28 22 27 7 6 8 10 12 14 13 11 9 7 5 27 26 25 24 15 16 17 20 19 
Beneficio: 24
d 2 4 5 4 2 3 22 27 28 23 24 28 22 27 7 6 8 10 12 14 13 11 13 15 18 19 20 21 17 16 15 21 
Beneficio: 28
d 2 4 5 4 2 3 22 27 28 23 24 28 22 27 7 6 8 10 12 14 13 15 16 17 20 21 15 13 11 9 11 12 14 13 
Beneficio: 16
d 2 4 5 4 2 3 22 27 28 23 24 28 22 27 7 6 8 10 12 14 13 15 21 20 16 17 18 19 20 16 15 25 26 27 7 
Beneficio: 15
d 2 4 5 4 2 3 22 27 28 23 24 28 22 27 7 6 8 10 12 14 13 15 18 19 20 16 17 20 21 16 
Beneficio: 29
d 2 4 5 4 2 3 22 27 28 23 24 28 22 27 7 6 8 10 12 14 13 15 21 20 19 18 17 16 15 24 25 13 11 9 
Beneficio: 26
d 2 4 5 4 2 3 22 27 28 23 24 28 22 27 7 6 8 10 12 14 13 25 24 15 16 21 20 19 18 17 16 15 13 11 9 10 
Beneficio: 22
d 2 4 5 4 2 3 22 27 28 23 24 28 22 27 7 6 8 10 12 14 13 25 15 21 20 17 16 15 
Beneficio: 18
d 2 4 5 4 2 3 22 27 28 23 24 28 22 27 7 6 8 10 12 14 13 25 24 15 16 21 20 19 18 17 16 
Beneficio: 26
d 2 4 5 4 2 3 22 27 28 23 24 28 22 27 7 6 8 10 12 11 13 15 16 17 18 19 20 21 16 15 13 24 25 26 
Beneficio: 26
d 2 4 5 4 2 3 22 27 28 23 24 28 22 27 7 6 8 10 12 11 13 15 16 20 19 18 17 16 20 21 15 18 
Beneficio: 23
d 2 4 5 4 2 3 22 27 28 23 24 28 22 27 7 6 8 10 12 11 13 15 21 20 19 18 17 16 15 13 25 24 25 26 27 5 
Beneficio: 27
d 2 4 5 4 2 3 22 27 28 23 24 28 22 27 7 6 8 10 12 11 13 15 21 20 19 18 16 17 15 25 26 27 5 7 9 11 
Beneficio: 31
d 2 4 5 4 2 3 22 27 28 23 24 28 22 27 7 6 8 10 12 11 13 14 12 11 9 7 6 5 27 26 25 15 16 17 18 19 20 21 15 
Beneficio: 33
d 2 4 5 4 2 3 22 27 28 23 24 28 22 27 7 6 8 10 12 11 13 15 16 20 19 18 17 16 21 15 24 25 13 11 9 7 5 
Beneficio: 34
d 2 4 5 4 2 3 22 27 28 23 24 28 22 27 7 6 8 10 12 11 13 15 21 16 17 18 19 20 16 15 13 11 9 10 
Beneficio: 22
d 2 4 5 4 2 3 22 27 28 23 24 28 22 27 7 6 8 10 12 11 13 25 24 25 15 21 20 17 16 20 19 18 17 15 21 
Beneficio: 18
d 2 4 5 4 2 3 22 27 28 23 24 28 22 27 7 6 8 10 12 11 13 25 24 15 21 20 17 16 15 18 19 
Beneficio: 19
d 2 4 5 4 2 3 22 27 28 23 24 28 22 27 7 6 8 10 12 11 13 24 25 24 15 21 16 17 20 21 18 19 
Beneficio: 31
d 2 4 5 4 2 3 22 27 28 23 24 28 22 27 7 6 8 10 12 11 13 25 24 15 16 17 20 21 15 13 11 9 7 9 10 
Beneficio: 25
d 2 4 5 4 2 3 22 27 28 23 24 28 22 27 7 6 8 10 12 11 9 7 8 6 5 27 26 25 13 15 16 17 21 20 19 18 
Beneficio: 31
d 2 4 5 4 2 3 22 27 28 23 24 28 22 27 7 6 8 10 12 11 9 7 9 11 13 15 20 16 17 18 19 20 16 15 
Beneficio: 19
d 2 4 5 4 2 3 22 27 28 23 24 28 22 27 7 6 8 10 12 11 9 7 5 27 26 25 13 24 15 17 16 21 20 19 18 
Beneficio: 19
d 2 4 5 4 2 3 22 27 28 23 24 28 22 27 7 6 8 10 12 11 9 7 5 27 26 25 13 15 20 19 18 17 16 20 21 15 
Beneficio: 20
d 2 4 5 4 2 3 22 27 28 23 24 28 22 27 7 6 8 10 12 11 9 7 5 27 26 25 13 15 18 17 16 20 19 18 
Beneficio: 18
d 2 4 5 4 2 3 22 27 28 23 24 28 22 27 7 6 8 10 12 11 9 7 5 27 26 25 13 15 21 16 17 20 21 16 
Beneficio: 27
d 2 4 5 4 2 3 22 27 28 23 24 28 22 27 7 6 8 10 12 11 9 11 13 15 16 18 19 20 17 16 20 21 15 13 14 12 10 9 
Beneficio: 21
d 2 4 5 4 2 3 22 27 28 23 24 28 22 27 7 6 8 10 12 11 9 11 13 15 21 17 16 21 18 19 20 
Beneficio: 13
d 2 4 5 4 2 3 22 27 28 23 24 28 22 27 7 6 8 10 12 11 9 11 13 15 21 18 16 17 20 16 
Beneficio: 15
d 2 4 5 4 2 3 22 27 28 23 24 28 22 27 7 6 8 10 12 11 13 15 21 20 17 16 15 13 24 25 26 27 5 
Beneficio: 11
d 2 4 5 4 2 3 22 27 28 23 24 28 22 27 7 6 8 10 12 11 13 25 24 15 17 20 16 17 18 19 20 21 15 
Beneficio: 20
d 2 4 5 4 2 3 22 27 28 23 24 28 22 27 7 6 8 10 12 11 13 15 16 17 18 19 20 16 21 15 24 25 26 27 7 
Beneficio: 22
d 2 4 5 4 2 3 22 27 28 23 24 28 22 27 7 6 8 10 12 11 13 15 17 16 21 15 13 14 12 11 9 10 8 7 5 27 
Beneficio: 31
d 2 4 5 4 2 3 22 27 28 23 24 28 22 27 7 6 8 10 12 11 13 15 21 20 16 17 20 16 15 13 14 12 10 8 7 9 11 
Beneficio: 34
d 2 4 5 4 2 3 22 27 28 23 24 28 22 27 7 6 8 10 12 11 13 15 16 17 18 19 20 21 15 25 26 27 7 9 11 12 14 13 
Beneficio: 26
d 2 4 5 4 2 3 22 27 28 23 24 28 22 27 7 6 8 10 12 11 13 15 21 20 16 17 18 19 20 21 16 15 13 14 12 11 9 10 8 7 
Beneficio: 20
d 2 4 5 4 2 3 22 27 28 23 24 28 22 27 7 6 8 10 12 11 13 25 24 15 16 20 21 15 18 17 
Beneficio: 25
d 2 4 5 4 2 3 22 27 28 23 24 28 22 27 7 6 8 10 12 11 13 25 15 17 16 15 13 14 12 11 9 7 5 27 26 
Beneficio: 21
d 2 4 5 4 2 3 22 27 28 23 24 28 22 27 7 6 8 10 12 11 13 25 24 15 21 20 19 18 17 16 21 17 
Beneficio: 30
d 2 4 5 4 2 3 22 27 28 23 24 28 22 27 7 6 8 10 12 11 9 7 9 11 13 15 16 17 18 19 20 15 24 25 26 
Beneficio: 31
d 2 4 5 4 2 3 22 27 28 23 24 28 22 27 7 6 8 10 12 11 9 7 5 27 26 25 13 11 12 14 13 15 16 17 18 19 20 21 
Beneficio: 30
d 2 4 5 4 2 3 22 27 28 23 24 28 22 27 7 6 8 10 12 11 9 7 5 27 26 25 15 18 19 20 16 17 15 13 11 
Beneficio: 24
d 2 4 5 4 2 3 22 27 28 23 24 28 22 27 7 6 8 10 12 11 9 11 13 15 16 17 18 21 20 15 25 26 
Beneficio: 24
d 2 4 5 4 2 3 22 27 28 23 24 28 22 27 7 6 8 10 12 11 9 11 13 25 24 25 15 21 20 16 17 15 20 19 
Beneficio: 20
d 2 4 5 4 2 3 22 27 28 23 24 28 22 27 7 6 8 10 12 11 13 15 16 17 18 19 20 21 15 13 14 12 11 9 7 6 5 
Beneficio: 13
d 2 4 5 4 2 3 22 27 28 23 24 28 22 27 7 6 8 10 12 11 13 25 15 16 21 20 19 18 17 16 17 15 
Beneficio: 19
d 2 4 5 4 2 3 22 27 28 23 24 28 22 27 7 6 8 10 12 14 13 11 12 14 13 25 24 15 17 16 21 20 15 
Beneficio: 24
d 2 4 5 4 2 3 22 27 28 23 24 28 22 27 7 6 8 10 12 14 13 15 21 20 19 18 17 16 15 25 13 11 9 7 
Beneficio: 8
d 2 4 5 4 2 3 22 27 28 23 24 28 22 27 7 6 8 10 12 14 13 15 18 21 16 17 20 16 
Beneficio: 21
d 2 4 5 4 2 3 22 27 28 23 24 28 22 27 7 6 8 10 12 14 13 11 9 7 5 27 26 25 24 13 15 16 21 20 
Beneficio: 34
d 2 4 5 4 2 3 22 27 28 23 24 28 22 27 7 6 8 10 12 14 13 15 21 20 16 17 18 19 20 16 15 24 25 13 11 9 7 8 
Beneficio: 18
d 2 4 5 4 2 3 22 27 28 23 24 28 22 27 7 6 8 10 12 14 13 25 24 15 21 20 19 18 17 16 15 25 
Beneficio: 12
d 2 4 5 4 2 3 22 27 28 23 24 28 22 27 7 6 8 10 9 7 8 6 5 27 26 25 15 17 16 21 15 24 
Beneficio: 30
d 2 4 5 4 2 3 22 27 28 23 24 28 22 27 7 6 8 10 9 7 6 5 27 26 25 13 11 9 10 12 14 13 15 21 16 17 15 16 
Beneficio: 13
d 2 4 5 4 2 3 22 27 28 23 24 28 22 27 7 6 8 10 9 7 6 5 27 26 25 13 11 12 14 13 15 21 20 
Beneficio: 31
d 2 4 5 4 2 3 22 27 28 23 24 28 22 27 7 6 8 10 9 7 9 11 13 15 16 17 18 19 20 15 24 25 13 14 12 
Beneficio: 28
d 2 4 5 4 2 3 22 27 28 23 24 28 22 27 7 6 8 10 9 7 9 11 13 25 15 18 21 20 16 17 15 21 
Beneficio: 23
d 2 4 5 4 2 3 22 27 28 23 24 28 22 27 7 6 8 10 9 7 9 11 12 14 13 15 16 20 21 17 16 21 15 17 
Beneficio: 22
d 2 4 5 4 2 3 22 27 28 23 24 28 22 27 7 6 8 10 9 7 9 11 12 14 13 15 16 17 20 19 18 21 15 13 25 26 27 
Beneficio: 31
d 2 4 5 4 2 3 22 27 28 23 24 28 22 27 7 6 8 10 9 7 9 11 12 14 13 15 17 16 20 21 15 24 25 13 11 9 10 
Beneficio: 18
d 2 4 5 4 2 3 22 27 28 23 24 28 22 27 7 6 8 10 9 7 9 11 12 14 13 15 21 20 16 17 15 25 26 27 5 
Beneficio: 20
d 2 4 5 4 2 3 22 27 28 23 24 28 22 27 7 6 8 10 9 7 9 11 13 15 17 20 16 17 18 16 21 
Beneficio: 26
d 2 4 5 4 2 3 22 27 28 23 24 28 22 27 7 6 8 10 9 7 9 11 12 14 13 11 13 15 16 20 19 18 17 16 20 21 
Beneficio: 32
d 2 4 5 4 2 3 22 27 28 23 24 28 22 27 7 6 8 10 9 7 5 27 26 25 24 15 20 17 16 15 13 11 9 10 12 14 
Beneficio: 20
d 2 4 5 4 2 3 22 27 28 23 24 28 22 27 7 6 8 10 9 7 5 27 26 25 13 11 9 10 12 11 13 15 16 20 19 18 17 
Beneficio: 23
d 2 4 5 4 2 3 22 27 28 23 24 28 22 27 7 6 8 10 9 7 5 27 26 25 13 14 12 11 13 15 20 16 17 
Beneficio: 24
d 2 4 5 4 2 3 22 27 28 23 24 28 22 27 7 6 8 10 9 7 5 27 26 25 13 14 12 11 13 15 17 16 21 18 19 20 
Beneficio: 24
d 2 4 5 4 2 3 22 27 28 23 24 28 22 27 7 6 8 10 9 7 5 27 26 25 24 25 13 11 12 14 13 15 21 16 17 20 21 16 
Beneficio: 20
d 2 4 5 4 2 3 22 27 28 23 24 28 22 27 7 6 8 10 9 7 5 27 26 25 13 11 9 10 12 14 13 15 21 20 16 15 18 19 
Beneficio: 28
d 2 4 5 4 2 3 22 27 28 23 24 28 22 27 7 6 8 10 9 7 5 27 26 25 24 25 13 14 12 11 13 15 16 17 18 19 20 16 15 
Beneficio: 15
d 2 4 5 4 2 3 22 27 28 23 24 28 22 27 7 6 8 10 9 7 5 27 26 25 15 21 20 19 18 17 16 20 
Beneficio: 3
d 2 4 5 4 2 3 22 27 28 23 24 28 22 27 7 6 8 10 9 7 5 27 26 25 15 17 18 21 16 20 19 
Beneficio: 31
d 2 4 5 4 2 3 22 27 28 23 24 28 22 27 7 6 8 10 9 11 13 14 12 10 9 7 5 27 26 25 15 16 17 15 16 21 
Beneficio: 28
d 2 4 5 4 2 3 22 27 28 23 24 28 22 27 7 6 8 10 9 11 13 15 16 17 20 15 13 11 12 10 9 7 5 6 
Beneficio: 26
d 2 4 5 4 2 3 22 27 28 23 24 28 22 27 7 6 8 10 9 11 13 15 17 16 20 21 15 25 26 27 7 9 
Beneficio: 22
d 2 4 5 4 2 3 22 27 28 23 24 28 22 27 7 6 8 10 9 11 13 15 21 16 17 15 24 25 26 27 7 
Beneficio: 27
d 2 4 5 4 2 3 22 27 28 23 24 28 22 27 7 6 8 10 9 11 13 15 20 19 18 21 17 16 15 21 20 16 17 
Beneficio: 31
d 2 4 5 4 2 3 22 27 28 23 24 28 22 27 7 6 8 10 9 11 13 15 16 17 20 21 15 13 24 25 26 27 7 9 10 12 
######### Overtime ############
Mejor solucion encontrada!
Beneficio: 38
d 2 4 5 27 22 28 24 25 28 27 7 9 11 13 14 12 10 8 6 5 4 2 d 
Time taken: 7200.00s
