Evaluando ./Instances\CHRISTOFIDES\P06NoRPP
Solucion inicial: ./Instances\CHRISTOFIDES\P06NoRPP-salida.txt

Beneficio: 29
d 2 3 d 18 19 15 17 16 15 13 14 12 13 14 11 10 23 22 24 16 20 4 5 6 7 8 10 11 
Beneficio: 34
d 2 3 d 18 19 15 17 16 15 13 14 12 13 14 11 10 23 22 24 16 3 4 5 21 6 9 8 7 6 21 22 20 4 3 
Beneficio: 36
d 2 3 d 18 19 15 17 16 15 13 14 12 13 14 11 10 23 22 24 16 14 12 11 10 9 8 7 6 21 22 20 5 4 3 18 17 16 14 
Beneficio: 30
d 2 3 d 18 19 15 17 16 15 13 14 12 13 14 11 10 23 22 24 16 3 4 5 20 21 6 7 8 10 
Beneficio: 47
d 2 3 d 18 19 15 17 16 15 13 14 12 13 14 11 10 23 22 24 22 20 16 14 11 10 9 6 7 8 9 7 
Beneficio: 45
d 2 3 d 18 19 15 17 16 15 13 14 12 13 14 11 10 23 22 20 16 24 22 21 6 7 9 8 10 23 21 20 4 5 
Beneficio: 37
d 2 3 d 18 19 15 17 16 15 13 14 12 13 14 11 10 23 22 20 4 5 4 3 16 24 22 21 6 7 8 9 8 10 
Beneficio: 36
d 2 3 d 18 19 15 17 16 15 13 14 12 13 14 11 10 23 22 20 5 4 3 18 17 16 24 22 21 6 7 9 10 11 14 16 
Beneficio: 36
d 2 3 d 18 19 15 17 16 15 13 14 12 13 14 11 10 23 22 20 4 5 21 6 9 8 7 9 8 7 6 21 22 
Beneficio: 35
d 2 3 d 18 19 15 17 16 15 13 14 12 13 14 11 10 23 22 20 16 24 22 21 6 7 8 9 8 10 11 
Beneficio: 44
d 2 3 d 18 19 15 17 16 15 13 14 12 13 14 11 10 23 22 21 6 7 9 7 8 9 10 11 14 16 24 22 20 16 3 18 
Beneficio: 32
d 2 3 d 18 19 15 17 16 15 13 14 12 13 14 11 10 23 22 21 6 9 7 9 8 7 6 5 4 3 16 24 
Beneficio: 31
d 2 3 d 18 19 15 17 16 15 13 14 12 13 14 11 10 23 22 21 6 7 8 9 7 6 5 20 4 3 16 
Beneficio: 33
d 2 3 d 18 19 15 17 16 15 13 14 12 13 14 11 10 23 22 21 23 10 9 7 6 21 5 20 22 24 16 3 4 20 
Beneficio: 28
d 2 3 d 18 19 15 17 16 15 13 14 12 13 14 11 10 23 22 21 6 7 9 10 23 24 22 21 5 4 20 
Beneficio: 18
d 2 3 d 18 19 15 17 16 15 13 14 12 13 14 11 10 23 22 21 6 7 8 10 23 21 6 5 4 20 
Beneficio: 21
d 2 3 d 18 19 15 17 16 15 13 14 12 13 14 11 10 23 22 24 16 3 4 5 20 21 6 7 8 9 
Beneficio: 34
d 2 3 d 18 19 15 17 16 15 13 14 12 13 14 11 10 23 21 22 24 16 3 4 5 6 9 8 7 9 10 23 22 20 16 
Beneficio: 35
d 2 3 d 18 19 15 17 16 15 13 14 12 13 14 11 10 23 21 22 23 24 22 20 5 4 5 6 7 9 8 
Beneficio: 33
d 2 3 d 18 19 15 17 16 15 13 14 12 13 14 11 10 23 21 6 7 8 9 10 11 14 16 24 22 20 16 14 
Beneficio: 28
d 2 3 d 18 19 15 17 16 15 13 14 12 13 14 11 10 23 21 6 7 9 7 8 9 6 21 22 24 16 20 4 3 
Beneficio: 10
d 2 3 d 18 19 15 17 16 15 13 14 12 13 14 11 10 23 21 5 20 22 24 16 20 4 5 4 3 
Beneficio: 32
d 2 3 d 18 19 15 17 16 15 13 14 12 13 14 11 10 23 24 22 20 16 14 11 10 8 9 10 8 7 6 21 22 23 
Beneficio: 19
d 2 3 d 18 19 15 17 16 15 13 14 12 13 14 11 10 23 24 22 21 6 7 8 10 11 14 16 20 22 23 
Beneficio: 20
d 2 3 d 18 19 15 17 16 15 13 14 12 13 14 11 10 23 22 24 22 21 6 7 9 6 21 22 
Beneficio: 36
d 2 3 d 18 19 15 17 16 15 13 14 12 13 14 11 10 9 7 6 21 22 23 10 8 9 6 21 22 24 16 20 4 3 
Beneficio: 29
d 2 3 d 18 19 15 17 16 15 13 14 12 13 14 11 10 9 7 6 21 23 22 24 16 20 22 23 10 11 12 
Beneficio: 32
d 2 3 d 18 19 15 17 16 15 13 14 12 13 14 11 10 9 7 6 21 22 23 24 16 14 11 10 8 9 8 7 
Beneficio: 36
d 2 3 d 18 19 15 17 16 15 13 14 12 13 14 11 10 9 7 6 21 23 22 20 5 4 3 16 24 22 21 20 
Beneficio: 31
d 2 3 d 18 19 15 17 16 15 13 14 12 13 14 11 10 9 7 6 5 4 20 16 14 11 10 23 22 
Beneficio: 36
d 2 3 d 18 19 15 17 16 15 13 14 12 13 14 11 10 9 7 6 5 4 3 18 17 16 24 22 23 21 22 20 16 14 12 
Beneficio: 42
d 2 3 d 18 19 15 17 16 15 13 14 12 13 14 11 10 9 7 8 9 10 11 14 16 3 4 20 22 23 24 22 21 6 7 
Beneficio: 45
d 2 3 d 18 19 15 17 16 15 13 14 12 13 14 11 10 9 7 8 9 7 6 21 22 24 16 14 11 10 23 22 20 5 4 3 18 
Beneficio: 33
d 2 3 d 18 19 15 17 16 15 13 14 12 13 14 11 10 9 7 8 9 6 21 22 23 21 5 4 20 22 24 16 20 4 
Beneficio: 20
d 2 3 d 18 19 15 17 16 15 13 14 12 13 14 11 10 9 7 8 10 23 21 22 23 22 20 16 3 4 5 
Beneficio: 40
d 2 3 d 18 19 15 17 16 15 13 14 12 13 14 11 10 9 7 8 9 7 6 21 22 23 24 22 20 5 6 21 
Beneficio: 23
d 2 3 d 18 19 15 17 16 15 13 14 12 13 14 11 10 9 7 9 8 7 6 21 22 20 4 3 18 17 16 14 
Beneficio: 35
d 2 3 d 18 19 15 17 16 15 13 14 12 13 14 11 10 9 7 9 6 7 8 9 10 23 22 20 4 3 16 14 
Beneficio: 27
d 2 3 d 18 19 15 17 16 15 13 14 12 13 14 11 10 9 8 7 6 21 22 23 21 22 20 4 3 16 14 11 12 
Beneficio: 28
d 2 3 d 18 19 15 17 16 15 13 14 12 13 14 11 10 9 8 7 6 21 20 5 4 3 16 14 11 10 23 22 20 4 3 18 
Beneficio: 20
d 2 3 d 18 19 15 17 16 15 13 14 12 13 14 11 10 9 8 7 6 21 22 24 16 20 5 4 3 
Beneficio: 36
d 2 3 d 18 19 15 17 16 15 13 14 12 13 14 11 10 9 8 7 6 5 4 20 16 14 23 22 24 16 14 11 10 
Beneficio: 29
d 2 3 d 18 19 15 17 16 15 13 14 12 13 14 11 10 9 8 7 6 5 20 4 3 16 24 23 22 24 16 20 
Beneficio: 19
d 2 3 d 18 19 15 17 16 15 13 14 12 13 14 11 10 9 8 7 9 10 23 22 21 6 5 4 3 16 24 
Beneficio: 37
d 2 3 d 18 19 15 17 16 15 13 14 12 13 14 11 10 9 8 7 9 7 6 5 4 3 18 17 16 20 22 23 24 16 14 
Beneficio: 28
d 2 3 d 18 19 15 17 16 15 13 14 12 13 14 11 10 9 8 7 9 6 21 22 24 23 22 21 5 4 3 
Beneficio: 35
d 2 3 d 18 19 15 17 16 15 13 14 12 13 14 11 10 9 8 7 6 21 22 23 10 11 14 16 24 22 20 5 4 3 
Beneficio: 37
d 2 3 d 18 19 15 17 16 15 13 14 12 13 14 11 10 9 8 7 6 21 23 22 21 6 5 4 3 16 24 22 20 16 
Beneficio: 29
d 2 3 d 18 19 15 17 16 15 13 14 12 13 14 11 10 9 8 7 9 7 6 21 20 22 24 16 17 18 3 4 
Beneficio: 41
d 2 3 d 18 19 15 17 16 15 13 14 12 13 14 11 10 9 8 9 7 6 21 22 20 16 14 23 22 24 16 3 4 
Beneficio: 33
d 2 3 d 18 19 15 17 16 15 13 14 12 13 14 11 10 9 8 10 23 22 24 16 20 4 5 6 7 
Beneficio: 32
d 2 3 d 18 19 15 17 16 15 13 14 12 13 14 11 10 9 7 6 21 22 23 24 22 20 5 4 3 16 14 11 
Beneficio: 25
d 2 3 d 18 19 15 17 16 15 13 14 12 13 14 11 10 9 8 7 6 21 22 23 21 20 22 24 16 3 18 
Beneficio: 37
d 2 3 d 18 19 15 17 16 15 13 14 12 13 14 11 10 9 8 7 9 7 6 21 22 23 24 22 20 5 4 20 16 
Beneficio: 44
d 2 3 d 18 19 15 17 16 15 13 14 12 13 14 11 10 9 6 21 22 24 23 22 20 16 3 4 5 21 6 7 9 8 7 
Beneficio: 38
d 2 3 d 18 19 15 17 16 15 13 14 12 13 14 11 10 9 7 6 21 22 24 22 23 21 22 20 4 5 4 
Beneficio: 31
d 2 3 d 18 19 15 17 16 15 13 14 12 13 14 11 10 9 7 6 21 22 24 22 23 21 22 20 16 14 11 10 8 
Beneficio: 31
d 2 3 d 18 19 15 17 16 15 13 14 12 13 14 11 10 9 7 6 21 20 16 14 23 22 24 16 14 
Beneficio: 31
d 2 3 d 18 19 15 17 16 15 13 14 12 13 14 11 10 9 7 6 5 20 22 21 23 22 24 16 14 11 12 
Beneficio: 45
d 2 3 d 18 19 15 17 16 15 13 14 12 13 14 11 10 9 7 8 9 7 6 21 23 22 20 4 5 20 16 24 22 
Beneficio: 33
d 2 3 d 18 19 15 17 16 15 13 14 12 13 14 11 10 9 7 8 9 6 21 22 24 23 22 20 21 6 5 4 3 
Beneficio: 24
d 2 3 d 18 19 15 17 16 15 13 14 12 13 14 11 10 9 7 8 9 10 23 24 22 20 4 5 21 6 
Beneficio: 27
d 2 3 d 18 19 15 17 16 15 13 14 12 13 14 11 10 9 7 9 8 7 6 5 4 3 16 14 12 
Beneficio: 38
d 2 3 d 18 19 15 17 16 15 13 14 12 13 14 11 10 9 8 7 6 21 22 20 5 4 20 16 14 11 10 23 22 24 16 3 
Beneficio: 37
d 2 3 d 18 19 15 17 16 15 13 14 12 13 14 11 10 9 8 7 6 21 22 24 16 14 11 10 23 22 20 16 3 18 17 
Beneficio: 37
d 2 3 d 18 19 15 17 16 15 13 14 12 13 14 11 10 9 8 7 6 21 20 22 24 16 14 23 22 20 4 5 
Beneficio: 34
d 2 3 d 18 19 15 17 16 15 13 14 12 13 14 11 10 9 8 7 6 9 10 23 22 24 16 17 18 3 4 5 
Beneficio: 40
d 2 3 d 18 19 15 17 16 15 13 14 12 13 14 11 10 9 8 7 9 7 6 21 22 23 24 22 20 21 6 
Beneficio: 25
d 2 3 d 18 19 15 17 16 15 13 14 12 13 14 11 10 9 8 7 9 6 21 20 5 4 20 22 24 16 14 12 
Beneficio: 34
d 2 3 d 18 19 15 17 16 15 13 14 12 13 14 11 10 9 8 7 6 21 22 20 4 5 4 3 16 14 11 10 23 22 24 16 20 
Beneficio: 23
d 2 3 d 18 19 15 17 16 15 13 14 12 13 14 11 10 9 8 7 9 6 5 4 3 16 20 22 23 24 16 14 
Beneficio: 31
d 2 3 d 18 19 15 17 16 15 13 14 12 13 14 11 10 9 7 6 21 22 23 21 22 24 16 20 4 5 
Beneficio: 36
d 2 3 d 18 19 15 17 16 15 13 14 12 13 14 11 10 9 8 7 9 8 7 6 21 23 22 24 16 20 22 
Beneficio: 36
d 2 3 d 18 19 15 17 16 15 13 14 12 13 14 11 10 23 22 24 16 14 12 11 10 9 8 7 6 21 5 20 22 
Beneficio: 29
d 2 3 d 18 19 15 17 16 15 13 14 12 13 14 11 10 23 22 24 16 3 4 20 21 6 7 8 9 10 8 
Beneficio: 26
d 2 3 d 18 19 15 17 16 15 13 14 12 13 14 11 10 23 22 24 23 21 22 20 4 5 6 7 8 9 
Beneficio: 33
d 2 3 d 18 19 15 17 16 15 13 14 12 13 14 11 10 23 22 20 4 5 21 22 24 16 14 12 11 10 9 8 7 9 8 
Beneficio: 22
d 2 3 d 18 19 15 17 16 15 13 14 12 13 14 11 10 23 22 20 16 3 4 5 21 6 7 8 10 23 
Beneficio: 31
d 2 3 d 18 19 15 17 16 15 13 14 12 13 14 11 10 23 22 21 6 7 9 8 7 9 6 21 20 4 5 
Beneficio: 34
d 2 3 d 18 19 15 17 16 15 13 14 12 13 14 11 10 23 22 21 20 16 3 4 5 6 7 9 8 7 9 10 11 
Beneficio: 31
d 2 3 d 18 19 15 17 16 15 13 14 12 13 14 11 10 23 21 22 23 24 22 20 16 14 11 10 9 7 6 5 20 
Beneficio: 17
d 2 3 d 18 19 15 17 16 15 13 14 12 13 14 11 10 23 21 6 7 8 9 10 11 14 16 20 22 21 5 4 20 
Beneficio: 38
d 2 3 d 18 19 15 17 16 15 13 14 12 13 14 11 10 23 24 22 20 16 14 23 22 21 6 7 9 8 10 11 12 
Beneficio: 36
d 2 3 d 18 19 15 17 16 15 13 14 12 13 14 11 10 23 24 22 23 22 21 6 7 8 9 7 8 
Beneficio: 30
d 2 3 d 18 19 15 17 16 15 13 14 12 13 14 11 10 8 9 7 6 21 22 23 24 22 20 4 3 16 14 11 
Beneficio: 25
d 2 3 d 18 19 15 17 16 15 13 14 12 13 14 11 10 8 9 7 8 10 11 14 16 20 22 24 16 3 4 5 21 22 
Beneficio: 15
d 2 3 d 18 19 15 17 16 15 13 14 12 13 14 11 10 8 9 10 8 7 6 21 22 20 16 24 
Beneficio: 21
d 2 3 d 18 19 15 17 16 15 13 14 12 13 14 11 10 8 9 6 21 22 20 16 24 22 23 10 11 12 
Beneficio: 25
d 2 3 d 18 19 15 17 16 15 13 14 12 13 14 11 10 8 7 6 21 22 20 16 14 23 22 24 16 3 18 17 
Beneficio: 37
d 2 3 d 18 19 15 17 16 15 13 14 12 13 14 11 10 8 7 9 8 7 6 21 22 23 21 22 24 16 20 4 3 18 19 
Beneficio: 31
d 2 3 d 18 19 15 17 16 15 13 14 12 13 14 11 10 8 7 9 10 23 22 24 23 21 5 6 7 
Beneficio: 26
d 2 3 d 18 19 15 17 16 15 13 14 12 13 14 11 10 8 7 9 6 21 22 24 16 20 4 5 20 22 23 24 16 17 
Beneficio: 26
d 2 3 d 18 19 15 17 16 15 13 14 12 13 14 11 10 8 7 9 8 7 6 21 22 24 16 20 22 
Beneficio: 45
d 2 3 d 18 19 15 17 16 15 13 14 12 13 14 11 10 8 9 7 6 21 22 24 16 3 4 5 20 22 23 10 9 8 
Beneficio: 40
d 2 3 d 18 19 15 17 16 15 13 14 12 13 14 11 10 8 9 7 6 9 10 23 22 20 16 24 22 21 23 
Beneficio: 38
d 2 3 d 18 19 15 17 16 15 13 14 12 13 14 11 10 8 9 10 23 22 20 16 24 22 21 6 7 9 6 21 5 
Beneficio: 35
d 2 3 d 18 19 15 17 16 15 13 14 12 13 14 11 10 8 9 6 7 9 10 23 22 20 5 4 3 16 14 11 
Beneficio: 17
d 2 3 d 18 19 15 17 16 15 13 14 12 13 14 11 10 8 7 6 21 22 23 21 6 5 20 16 
Beneficio: 33
d 2 3 d 18 19 15 17 16 15 13 14 12 13 14 11 10 8 7 6 7 9 10 23 22 24 16 20 4 
Beneficio: 16
d 2 3 d 18 19 15 17 16 15 13 14 12 13 14 11 10 8 7 9 8 10 23 24 16 3 4 5 20 22 21 6 
Beneficio: 34
d 2 3 d 18 19 15 17 16 15 13 14 12 13 14 11 10 8 7 9 7 6 5 4 20 16 24 22 23 10 8 
Beneficio: 20
d 2 3 d 18 19 15 17 16 15 13 14 12 13 14 11 10 8 7 9 8 9 10 23 22 20 4 3 16 14 
Beneficio: 27
d 2 3 d 18 19 15 17 16 15 13 14 12 13 14 11 10 23 22 24 16 20 5 6 7 9 8 10 9 
Beneficio: 32
d 2 3 d 18 19 15 17 16 15 13 14 12 13 14 11 10 23 22 24 16 20 21 6 7 8 9 10 23 21 22 20 4 3 
Beneficio: 39
d 2 3 d 18 19 15 17 16 15 13 14 12 13 14 11 10 23 22 20 16 24 22 21 6 7 9 10 11 14 16 20 5 4 3 
Beneficio: 36
d 2 3 d 18 19 15 17 16 15 13 14 12 13 14 11 10 23 22 20 5 4 3 16 24 22 21 6 7 8 9 10 11 14 16 17 
Beneficio: 40
d 2 3 d 18 19 15 17 16 15 13 14 12 13 14 11 10 23 22 21 6 7 9 8 7 6 21 22 24 16 20 4 
Beneficio: 25
d 2 3 d 18 19 15 17 16 15 13 14 12 13 14 11 10 23 22 21 6 7 8 9 10 11 14 16 3 4 5 20 22 21 
Beneficio: 30
d 2 3 d 18 19 15 17 16 15 13 14 12 13 14 11 10 23 22 21 6 9 8 7 6 21 22 20 16 
Beneficio: 21
d 2 3 d 18 19 15 17 16 15 13 14 12 13 14 11 10 23 21 22 24 16 3 4 5 20 22 23 10 9 7 
Beneficio: 35
d 2 3 d 18 19 15 17 16 15 13 14 12 13 14 11 10 23 21 6 7 9 8 7 6 21 20 16 24 22 20 4 5 
Beneficio: 33
d 2 3 d 18 19 15 17 16 15 13 14 12 13 14 11 10 23 24 22 20 5 21 6 7 9 10 23 22 21 23 
Beneficio: 26
d 2 3 d 18 19 15 17 16 15 13 14 12 13 14 11 10 9 7 6 21 22 23 21 22 20 4 3 18 17 16 14 
Beneficio: 39
d 2 3 d 18 19 15 17 16 15 13 14 12 13 14 11 10 9 7 6 21 22 23 24 22 20 5 4 3 16 14 12 11 
Beneficio: 35
d 2 3 d 18 19 15 17 16 15 13 14 12 13 14 11 10 9 7 6 5 4 20 5 21 22 24 23 22 20 21 
Beneficio: 25
d 2 3 d 18 19 15 17 16 15 13 14 12 13 14 11 10 9 7 8 9 10 23 22 21 20 5 4 20 16 14 
Beneficio: 28
d 2 3 d 18 19 15 17 16 15 13 14 12 13 14 11 10 9 7 8 9 6 21 22 24 16 14 11 10 23 22 
Beneficio: 29
d 2 3 d 18 19 15 17 16 15 13 14 12 13 14 11 10 9 7 9 8 7 6 21 22 20 4 
Beneficio: 38
d 2 3 d 18 19 15 17 16 15 13 14 12 13 14 11 10 9 8 7 6 21 22 20 4 5 20 16 14 11 10 23 22 24 16 17 18 
Beneficio: 22
d 2 3 d 18 19 15 17 16 15 13 14 12 13 14 11 10 9 8 7 6 21 23 22 21 5 4 3 18 19 
Beneficio: 20
d 2 3 d 18 19 15 17 16 15 13 14 12 13 14 11 10 9 8 7 9 10 23 22 21 23 24 16 14 11 12 
Beneficio: 40
d 2 3 d 18 19 15 17 16 15 13 14 12 13 14 11 10 9 8 7 9 6 7 6 21 22 24 23 22 20 16 17 18 19 
Beneficio: 27
d 2 3 d 18 19 15 17 16 15 13 14 12 13 14 11 10 9 8 7 6 21 22 24 22 23 10 11 14 16 20 
Beneficio: 19
d 2 3 d 18 19 15 17 16 15 13 14 12 13 14 11 10 9 8 9 7 6 21 22 24 16 20 4 5 4 3 
Beneficio: 21
d 2 3 d 18 19 15 17 16 15 13 14 12 13 14 11 10 9 7 8 9 7 6 21 22 24 16 14 11 
Beneficio: 35
d 2 3 d 18 19 15 17 16 15 13 14 12 13 14 11 10 9 7 6 21 22 24 16 14 11 10 23 22 20 5 4 3 18 17 16 14 
Beneficio: 24
d 2 3 d 18 19 15 17 16 15 13 14 12 13 14 11 10 9 7 6 21 23 22 20 5 4 3 16 14 11 12 
Beneficio: 45
d 2 3 d 18 19 15 17 16 15 13 14 12 13 14 11 10 9 7 8 9 7 6 21 22 24 16 3 4 5 21 20 22 23 
Beneficio: 40
d 2 3 d 18 19 15 17 16 15 13 14 12 13 14 11 10 9 7 9 8 7 6 21 22 24 16 14 11 10 23 22 20 5 6 
Beneficio: 34
d 2 3 d 18 19 15 17 16 15 13 14 12 13 14 11 10 9 8 7 6 21 5 20 22 24 16 14 23 22 21 6 
Beneficio: 38
d 2 3 d 18 19 15 17 16 15 13 14 12 13 14 11 10 9 8 7 6 5 4 3 16 20 22 24 22 23 10 9 
Beneficio: 23
d 2 3 d 18 19 15 17 16 15 13 14 12 13 14 11 10 9 8 7 9 6 5 20 22 23 10 11 14 16 
Beneficio: 29
d 2 3 d 18 19 15 17 16 15 13 14 12 13 14 11 10 9 8 9 7 8 10 23 21 22 23 24 22 20 16 14 11 
Beneficio: 41
d 2 3 d 18 19 15 17 16 15 13 14 12 13 14 11 10 23 22 24 16 20 22 21 6 9 8 7 9 7 6 21 
Beneficio: 40
d 2 3 d 18 19 15 17 16 15 13 14 12 13 14 11 10 23 22 20 16 24 22 21 6 7 8 9 7 9 10 11 14 16 3 4 20 
Beneficio: 37
d 2 3 d 18 19 15 17 16 15 13 14 12 13 14 11 10 23 22 21 6 7 8 9 7 9 6 21 22 20 5 4 3 
Beneficio: 15
d 2 3 d 18 19 15 17 16 15 13 14 12 13 14 11 10 23 21 6 7 8 9 6 21 22 20 16 3 
Beneficio: 32
d 2 3 d 18 19 15 17 16 15 13 14 12 13 14 11 10 8 9 7 6 21 20 16 14 11 10 23 22 20 4 3 
Beneficio: 28
d 2 3 d 18 19 15 17 16 15 13 14 12 13 14 11 10 8 9 7 6 21 22 20 16 24 23 22 21 
Beneficio: 17
d 2 3 d 18 19 15 17 16 15 13 14 12 13 14 11 10 8 7 6 5 20 22 24 16 20 4 3 18 
Beneficio: 21
d 2 3 d 18 19 15 17 16 15 13 14 12 13 14 11 10 8 7 9 8 7 6 5 4 3 16 20 22 21 
Beneficio: 37
d 2 3 d 18 19 15 17 16 15 13 14 12 13 14 11 10 8 9 7 6 5 4 3 16 24 22 20 4 5 
Beneficio: 30
d 2 3 d 18 19 15 17 16 15 13 14 12 13 14 11 10 8 7 6 21 22 23 10 11 14 16 3 4 5 20 22 24 16 17 18 
Beneficio: 30
d 2 3 d 18 19 15 17 16 15 13 14 12 13 14 11 10 8 7 9 8 7 9 10 23 22 24 16 20 5 4 
Beneficio: 29
d 2 3 d 18 19 15 17 16 15 13 14 12 13 14 11 10 8 9 7 6 21 23 22 20 16 3 4 5 
Beneficio: 33
d 2 3 d 18 19 15 17 16 15 13 14 12 13 14 16 20 22 23 10 11 14 16 24 22 21 6 7 9 7 8 10 11 12 
Beneficio: 13
d 2 3 d 18 19 15 17 16 15 13 14 12 13 14 16 20 22 23 10 9 7 6 21 22 20 5 4 3 
Beneficio: 28
d 2 3 d 18 19 15 17 16 15 13 14 12 13 14 16 20 22 23 10 9 7 9 8 10 11 14 16 24 22 21 5 
Beneficio: 37
d 2 3 d 18 19 15 17 16 15 13 14 12 13 14 16 20 22 23 10 8 9 7 6 21 22 24 16 14 11 10 9 
Beneficio: 25
d 2 3 d 18 19 15 17 16 15 13 14 12 13 14 16 20 22 23 10 9 7 6 5 21 20 4 
Beneficio: 42
d 2 3 d 18 19 15 17 16 15 13 14 12 13 14 16 20 22 23 10 8 9 7 6 21 22 24 16 14 11 10 9 7 
Beneficio: 45
d 2 3 d 18 19 15 17 16 15 13 14 12 13 14 16 20 22 23 21 6 7 9 8 7 9 10 11 14 16 24 22 21 5 
Beneficio: 28
d 2 3 d 18 19 15 17 16 15 13 14 12 13 14 16 20 22 23 21 6 7 8 9 10 11 14 16 17 18 3 4 5 21 22 
Beneficio: 38
d 2 3 d 18 19 15 17 16 15 13 14 12 13 14 16 20 22 23 24 22 21 23 10 9 7 6 21 20 5 4 20 
Beneficio: 37
d 2 3 d 18 19 15 17 16 15 13 14 12 13 14 16 20 22 23 24 16 3 4 5 6 7 8 9 10 11 14 16 24 22 21 23 10 
Beneficio: 17
d 2 3 d 18 19 15 17 16 15 13 14 12 13 14 16 20 22 23 21 6 7 8 10 11 14 16 3 18 
Beneficio: 25
d 2 3 d 18 19 15 17 16 15 13 14 12 13 14 16 20 22 24 16 14 11 10 8 7 9 7 6 21 20 
Beneficio: 30
d 2 3 d 18 19 15 17 16 15 13 14 12 13 14 16 20 22 24 16 14 11 10 23 22 21 6 7 8 9 10 11 
Beneficio: 24
d 2 3 d 18 19 15 17 16 15 13 14 12 13 14 16 20 22 24 16 14 11 10 23 21 6 7 9 10 8 7 6 21 22 
Beneficio: 32
d 2 3 d 18 19 15 17 16 15 13 14 12 13 14 16 20 22 24 16 14 11 10 8 7 9 8 10 23 22 21 5 4 
Beneficio: 14
d 2 3 d 18 19 15 17 16 15 13 14 12 13 14 16 20 22 24 16 14 12 11 10 8 7 6 21 20 4 3 
Beneficio: 37
d 2 3 d 18 19 15 17 16 15 13 14 12 13 14 16 20 22 24 16 3 4 5 21 22 23 10 9 7 8 9 10 11 14 16 17 
Beneficio: 36
d 2 3 d 18 19 15 17 16 15 13 14 12 13 14 16 20 22 24 16 3 4 5 21 6 7 8 9 10 23 22 21 6 
Beneficio: 30
d 2 3 d 18 19 15 17 16 15 13 14 12 13 14 16 20 22 24 23 22 21 6 7 8 9 8 10 11 14 16 3 4 
Beneficio: 17
d 2 3 d 18 19 15 17 16 15 13 14 12 13 14 16 20 22 24 23 10 9 7 8 10 11 14 16 3 4 5 
Beneficio: 40
d 2 3 d 18 19 15 17 16 15 13 14 12 13 14 16 20 22 24 23 21 6 7 9 7 8 9 10 23 22 20 21 
Beneficio: 39
d 2 3 d 18 19 15 17 16 15 13 14 12 13 14 16 20 22 24 22 21 6 7 8 9 10 11 14 16 3 4 5 21 22 23 
Beneficio: 42
d 2 3 d 18 19 15 17 16 15 13 14 12 13 14 16 20 22 21 6 7 9 8 10 11 14 16 3 4 5 6 21 22 24 23 22 
Beneficio: 33
d 2 3 d 18 19 15 17 16 15 13 14 12 13 14 16 20 22 21 6 7 8 9 10 11 14 16 3 4 20 22 24 23 22 
Beneficio: 27
d 2 3 d 18 19 15 17 16 15 13 14 12 13 14 16 20 22 21 6 7 6 9 10 23 22 24 16 3 4 5 20 
Beneficio: 33
d 2 3 d 18 19 15 17 16 15 13 14 12 13 14 16 20 22 21 6 7 9 10 11 14 16 3 4 20 22 21 23 22 24 16 
Beneficio: 24
d 2 3 d 18 19 15 17 16 15 13 14 12 13 14 16 20 22 21 6 7 8 9 10 11 14 23 22 21 5 4 
Beneficio: 29
d 2 3 d 18 19 15 17 16 15 13 14 12 13 14 16 20 22 21 6 9 7 8 9 8 10 23 22 24 16 3 2 
Beneficio: 31
d 2 3 d 18 19 15 17 16 15 13 14 12 13 14 16 20 22 21 23 22 24 23 10 8 9 8 7 6 21 
Beneficio: 38
d 2 3 d 18 19 15 17 16 15 13 14 12 13 14 16 20 22 21 23 24 22 23 10 8 7 6 9 8 
Beneficio: 28
d 2 3 d 18 19 15 17 16 15 13 14 12 13 14 16 20 22 21 6 7 9 7 8 9 10 11 14 16 3 4 5 6 
Beneficio: 34
d 2 3 d 18 19 15 17 16 15 13 14 12 13 14 16 20 22 21 6 7 9 8 10 11 14 16 24 22 21 20 4 5 
Beneficio: 39
d 2 3 d 18 19 15 17 16 15 13 14 12 13 14 16 20 22 21 6 9 8 7 6 21 22 23 10 11 14 16 24 22 
Beneficio: 27
d 2 3 d 18 19 15 17 16 15 13 14 12 13 14 16 20 22 24 23 22 21 6 7 9 10 11 14 16 20 5 4 
Beneficio: 30
d 2 3 d 18 19 15 17 16 15 13 14 12 13 14 16 20 4 5 20 22 23 10 8 7 6 21 22 24 16 14 11 10 
Beneficio: 28
d 2 3 d 18 19 15 17 16 15 13 14 12 13 14 16 20 4 5 20 22 24 16 14 11 10 23 21 6 7 9 6 21 22 
Beneficio: 30
d 2 3 d 18 19 15 17 16 15 13 14 12 13 14 16 20 4 5 20 22 21 6 7 8 9 8 10 11 14 16 24 22 21 
Beneficio: 39
d 2 3 d 18 19 15 17 16 15 13 14 12 13 14 16 20 4 5 20 22 24 16 14 11 10 23 22 21 6 7 8 9 10 
Beneficio: 9
d 2 3 d 18 19 15 17 16 15 13 14 12 13 14 16 20 4 5 20 21 23 22 24 23 10 11 
Beneficio: 24
d 2 3 d 18 19 15 17 16 15 13 14 12 13 14 16 20 4 5 6 9 8 7 9 10 11 14 23 22 21 
Beneficio: 35
d 2 3 d 18 19 15 17 16 15 13 14 12 13 14 16 20 4 5 21 6 7 8 9 7 9 6 21 22 23 
Beneficio: 42
d 2 3 d 18 19 15 17 16 15 13 14 12 13 14 16 20 4 5 21 6 7 8 9 7 9 10 11 14 16 24 22 23 10 11 
Beneficio: 24
d 2 3 d 18 19 15 17 16 15 13 14 12 13 14 16 20 4 5 6 21 22 23 21 6 7 9 10 11 14 16 3 
Beneficio: 36
d 2 3 d 18 19 15 17 16 15 13 14 12 13 14 16 20 5 4 20 22 23 10 11 14 16 24 22 21 6 7 8 9 7 9 
Beneficio: 40
d 2 3 d 18 19 15 17 16 15 13 14 12 13 14 16 20 5 4 20 22 24 16 14 11 10 23 22 21 6 7 8 9 7 9 10 
Beneficio: 8
d 2 3 d 18 19 15 17 16 15 13 14 12 13 14 16 20 5 4 20 22 21 6 7 9 10 23 24 
Beneficio: 21
d 2 3 d 18 19 15 17 16 15 13 14 12 13 14 16 20 5 4 20 22 23 21 6 7 8 9 10 11 14 16 3 4 
Beneficio: 18
d 2 3 d 18 19 15 17 16 15 13 14 12 13 14 16 20 5 4 20 21 22 23 10 8 7 6 21 23 24 
Beneficio: 23
d 2 3 d 18 19 15 17 16 15 13 14 12 13 14 16 20 5 6 7 9 10 11 14 16 24 22 21 6 5 4 3 
Beneficio: 19
d 2 3 d 18 19 15 17 16 15 13 14 12 13 14 16 20 5 21 22 23 10 9 8 7 6 21 5 4 3 
Beneficio: 33
d 2 3 d 18 19 15 17 16 15 13 14 12 13 14 16 20 5 21 6 9 7 8 9 7 6 21 22 23 10 11 
Beneficio: 27
d 2 3 d 18 19 15 17 16 15 13 14 12 13 14 16 20 5 21 6 7 9 8 9 10 11 14 16 24 22 21 5 
Beneficio: 25
d 2 3 d 18 19 15 17 16 15 13 14 12 13 14 16 20 5 6 21 22 23 10 9 7 6 21 20 5 4 
Beneficio: 37
d 2 3 d 18 19 15 17 16 15 13 14 12 13 14 16 20 4 5 21 22 23 21 6 7 8 9 10 11 14 16 24 22 20 5 
Beneficio: 36
d 2 3 d 18 19 15 17 16 15 13 14 12 13 14 16 20 4 5 21 6 7 9 10 11 14 16 24 22 21 23 22 20 5 
Beneficio: 33
d 2 3 d 18 19 15 17 16 15 13 14 12 13 14 16 20 22 23 10 11 14 16 3 4 5 21 6 7 8 9 7 9 10 11 
Beneficio: 30
d 2 3 d 18 19 15 17 16 15 13 14 12 13 14 16 20 22 23 21 22 24 16 14 11 10 8 9 7 6 
Beneficio: 28
d 2 3 d 18 19 15 17 16 15 13 14 12 13 14 16 20 22 24 16 14 23 22 21 23 10 9 7 6 
Beneficio: 31
d 2 3 d 18 19 15 17 16 15 13 14 12 13 14 16 20 22 24 23 21 6 7 9 10 23 22 21 20 4 
Beneficio: 17
d 2 3 d 18 19 15 17 16 15 13 14 12 13 14 16 20 22 21 6 7 8 9 10 11 14 16 17 18 3 4 5 21 
Beneficio: 22
d 2 3 d 18 19 15 17 16 15 13 14 12 13 14 16 20 22 21 23 10 9 8 7 6 21 22 24 16 14 11 10 
Beneficio: 19
d 2 3 d 18 19 15 17 16 15 13 14 12 13 14 16 20 5 21 23 22 20 4 5 21 6 7 9 
Beneficio: 32
d 2 3 d 18 19 15 17 16 15 13 14 12 13 14 16 20 21 22 23 10 9 7 8 9 7 6 21 22 24 
Beneficio: 24
d 2 3 d 18 19 15 17 16 15 13 14 12 13 14 16 20 21 22 24 22 23 10 9 7 6 5 4 
Beneficio: 15
d 2 3 d 18 19 15 17 16 15 13 14 12 13 14 16 20 21 6 7 8 9 10 11 14 16 24 23 21 22 20 4 3 2 
Beneficio: 32
d 2 3 d 18 19 15 17 16 15 13 14 12 13 14 16 20 21 6 7 9 7 8 9 10 11 14 16 24 22 21 5 4 3 
Beneficio: 44
d 2 3 d 18 19 15 17 16 15 13 14 12 13 14 16 20 21 23 22 21 6 7 9 7 8 9 10 11 14 16 24 22 20 5 4 
Beneficio: 35
d 2 3 d 18 19 15 17 16 15 13 14 12 13 14 16 20 21 22 23 10 9 7 8 9 10 11 14 16 3 4 5 20 22 24 
Beneficio: 26
d 2 3 d 18 19 15 17 16 15 13 14 12 13 14 16 20 21 22 23 10 9 8 7 9 6 21 22 24 16 14 11 10 
Beneficio: 24
d 2 3 d 18 19 15 17 16 15 13 14 12 13 14 16 20 21 6 7 8 9 10 11 14 16 24 22 21 6 5 4 20 
Beneficio: 20
d 2 3 d 18 19 15 17 16 15 13 14 12 13 14 16 20 21 6 7 8 9 10 11 14 16 3 4 5 20 21 22 
Beneficio: 31
d 2 3 d 18 19 15 17 16 15 13 14 12 13 14 16 20 21 23 10 9 7 6 21 22 24 16 14 12 11 10 23 22 20 4 3 
Beneficio: 37
d 2 3 d 18 19 15 17 16 15 13 14 12 13 14 16 24 22 23 10 11 14 16 20 5 21 6 7 9 8 7 9 10 11 14 
Beneficio: 44
d 2 3 d 18 19 15 17 16 15 13 14 12 13 14 16 24 22 23 10 11 14 16 3 4 5 20 22 21 6 7 9 8 9 
Beneficio: 44
d 2 3 d 18 19 15 17 16 15 13 14 12 13 14 16 24 22 23 10 9 7 8 9 8 10 11 14 16 20 5 4 20 22 21 6 7 
Beneficio: 35
d 2 3 d 18 19 15 17 16 15 13 14 12 13 14 16 24 22 23 10 9 6 7 8 9 10 11 14 16 20 22 21 5 4 
Beneficio: 29
d 2 3 d 18 19 15 17 16 15 13 14 12 13 14 16 24 22 23 10 8 9 7 8 10 9 6 21 22 20 4 3 
Beneficio: 35
d 2 3 d 18 19 15 17 16 15 13 14 12 13 14 16 24 22 23 10 8 7 9 8 7 6 9 10 11 14 16 20 5 
Beneficio: 35
d 2 3 d 18 19 15 17 16 15 13 14 12 13 14 16 24 22 23 10 11 14 16 3 4 5 20 22 21 6 7 9 10 11 12 
Beneficio: 42
d 2 3 d 18 19 15 17 16 15 13 14 12 13 14 16 24 22 23 10 9 8 7 9 6 7 6 
Beneficio: 38
d 2 3 d 18 19 15 17 16 15 13 14 12 13 14 16 24 22 23 21 22 20 5 4 20 16 14 11 10 9 8 7 6 21 5 4 
Beneficio: 39
d 2 3 d 18 19 15 17 16 15 13 14 12 13 14 16 24 22 23 21 6 7 8 9 7 6 21 22 20 16 14 11 10 
Beneficio: 17
d 2 3 d 18 19 15 17 16 15 13 14 12 13 14 16 24 22 23 21 6 7 9 10 11 14 16 17 18 3 4 
Beneficio: 42
d 2 3 d 18 19 15 17 16 15 13 14 12 13 14 16 24 22 23 22 20 4 5 6 7 9 8 10 11 14 16 20 5 
Beneficio: 34
d 2 3 d 18 19 15 17 16 15 13 14 12 13 14 16 24 22 23 21 6 9 8 7 6 5 4 3 2 
Beneficio: 36
d 2 3 d 18 19 15 17 16 15 13 14 12 13 14 16 24 22 20 16 14 11 10 9 7 6 21 22 23 21 5 4 5 20 
Beneficio: 35
d 2 3 d 18 19 15 17 16 15 13 14 12 13 14 16 24 22 20 16 14 12 11 10 9 8 7 6 21 22 23 21 5 20 
Beneficio: 35
d 2 3 d 18 19 15 17 16 15 13 14 12 13 14 16 24 22 20 16 14 11 10 23 22 21 6 9 8 7 6 7 
Beneficio: 35
d 2 3 d 18 19 15 17 16 15 13 14 12 13 14 16 24 22 20 16 14 12 11 10 9 6 7 8 9 10 23 22 21 5 
Beneficio: 36
d 2 3 d 18 19 15 17 16 15 13 14 12 13 14 16 24 22 20 16 3 4 5 21 6 9 8 7 6 21 22 23 10 11 
Beneficio: 26
d 2 3 d 18 19 15 17 16 15 13 14 12 13 14 16 24 22 20 4 5 20 16 14 11 10 23 22 21 6 9 8 7 9 10 11 12 
Beneficio: 36
d 2 3 d 18 19 15 17 16 15 13 14 12 13 14 16 24 22 20 4 5 21 6 7 8 9 7 9 10 11 14 16 20 
Beneficio: 37
d 2 3 d 18 19 15 17 16 15 13 14 12 13 14 16 24 22 20 5 4 20 16 14 11 10 9 7 6 21 23 22 21 5 4 
Beneficio: 30
d 2 3 d 18 19 15 17 16 15 13 14 12 13 14 16 24 22 20 5 21 6 7 8 10 23 22 21 5 4 20 16 14 
Beneficio: 35
d 2 3 d 18 19 15 17 16 15 13 14 12 13 14 16 24 22 20 4 5 21 6 9 7 6 21 22 23 10 11 14 16 17 18 
Beneficio: 25
d 2 3 d 18 19 15 17 16 15 13 14 12 13 14 16 24 22 20 21 6 9 8 7 6 21 20 4 3 
Beneficio: 28
d 2 3 d 18 19 15 17 16 15 13 14 12 13 14 16 24 22 20 21 6 7 9 10 11 14 16 17 18 3 4 5 20 4 
Beneficio: 43
d 2 3 d 18 19 15 17 16 15 13 14 12 13 14 16 24 22 21 6 7 9 8 10 11 14 16 20 22 23 
Beneficio: 36
d 2 3 d 18 19 15 17 16 15 13 14 12 13 14 16 24 22 21 6 7 8 9 7 8 10 11 14 16 3 4 20 22 
Beneficio: 26
d 2 3 d 18 19 15 17 16 15 13 14 12 13 14 16 24 22 21 6 7 8 10 11 14 23 22 20 4 3 18 19 
Beneficio: 24
d 2 3 d 18 19 15 17 16 15 13 14 12 13 14 16 24 22 21 6 9 8 7 6 21 23 10 11 14 16 17 18 3 4 5 
Beneficio: 40
d 2 3 d 18 19 15 17 16 15 13 14 12 13 14 16 24 22 21 6 7 9 8 10 11 14 16 3 4 20 22 23 21 20 
Beneficio: 39
d 2 3 d 18 19 15 17 16 15 13 14 12 13 14 16 24 22 21 6 7 8 9 7 8 10 23 22 21 23 10 11 14 16 24 
Beneficio: 36
d 2 3 d 18 19 15 17 16 15 13 14 12 13 14 16 24 22 21 6 7 8 10 23 22 20 5 4 3 18 17 
Beneficio: 41
d 2 3 d 18 19 15 17 16 15 13 14 12 13 14 16 24 22 21 6 9 8 7 6 21 23 22 20 16 3 4 5 
Beneficio: 36
d 2 3 d 18 19 15 17 16 15 13 14 12 13 14 16 24 22 21 23 22 20 4 5 21 6 7 8 9 7 8 10 11 12 
Beneficio: 37
d 2 3 d 18 19 15 17 16 15 13 14 12 13 14 16 24 22 21 23 22 23 10 11 14 16 3 4 5 6 7 8 9 7 
Beneficio: 30
d 2 3 d 18 19 15 17 16 15 13 14 12 13 14 16 24 22 21 23 10 9 7 6 21 22 23 10 11 14 16 3 4 20 
Beneficio: 19
d 2 3 d 18 19 15 17 16 15 13 14 12 13 14 16 24 22 21 5 6 7 9 8 9 10 11 14 16 
Beneficio: 44
d 2 3 d 18 19 15 17 16 15 13 14 12 13 14 16 24 22 21 6 7 9 8 10 11 14 16 3 4 5 4 20 22 23 21 
Beneficio: 31
d 2 3 d 18 19 15 17 16 15 13 14 12 13 14 16 24 22 21 6 7 8 10 11 14 16 3 4 5 20 22 23 10 11 14 
Beneficio: 25
d 2 3 d 18 19 15 17 16 15 13 14 12 13 14 16 24 22 21 6 7 9 10 23 24 22 20 21 6 
Beneficio: 21
d 2 3 d 18 19 15 17 16 15 13 14 12 13 14 16 24 22 21 6 7 8 9 8 10 11 14 16 3 4 
Beneficio: 30
d 2 3 d 18 19 15 17 16 15 13 14 12 13 14 16 24 22 21 23 22 21 6 9 7 8 9 10 11 12 
Beneficio: 6
d 2 3 d 18 19 15 17 16 15 13 14 12 13 14 16 24 22 20 16 14 11 10 23 21 5 4 3 18 
Beneficio: 27
d 2 3 d 18 19 15 17 16 15 13 14 12 13 14 16 24 22 20 5 21 6 7 9 10 11 14 16 3 4 5 
Beneficio: 30
d 2 3 d 18 19 15 17 16 15 13 14 12 13 14 16 24 22 23 10 9 8 9 7 6 21 22 20 16 14 11 10 9 
Beneficio: 21
d 2 3 d 18 19 15 17 16 15 13 14 12 13 14 16 24 23 22 20 16 14 11 10 9 8 7 9 6 21 22 24 
Beneficio: 35
d 2 3 d 18 19 15 17 16 15 13 14 12 13 14 16 24 23 22 20 5 4 20 16 24 22 21 6 7 9 10 11 14 16 3 2 
Beneficio: 26
d 2 3 d 18 19 15 17 16 15 13 14 12 13 14 16 24 23 22 21 6 7 8 9 10 23 21 20 4 5 20 16 14 11 
Beneficio: 19
d 2 3 d 18 19 15 17 16 15 13 14 12 13 14 16 24 23 22 21 6 7 6 9 8 10 11 14 16 3 
Beneficio: 37
d 2 3 d 18 19 15 17 16 15 13 14 12 13 14 16 24 23 22 21 6 7 8 9 10 11 14 16 3 4 5 20 22 24 
Beneficio: 38
d 2 3 d 18 19 15 17 16 15 13 14 12 13 14 16 24 23 10 9 8 7 6 21 22 20 16 24 22 23 21 20 4 5 
Beneficio: 22
d 2 3 d 18 19 15 17 16 15 13 14 12 13 14 16 24 23 10 9 8 7 9 7 6 21 5 20 16 3 
Beneficio: 34
d 2 3 d 18 19 15 17 16 15 13 14 12 13 14 16 24 23 10 9 7 6 21 23 22 20 16 14 12 11 10 9 8 7 
Beneficio: 25
d 2 3 d 18 19 15 17 16 15 13 14 12 13 14 16 24 23 21 6 7 9 10 11 14 23 22 20 16 14 11 
Beneficio: 22
d 2 3 d 18 19 15 17 16 15 13 14 12 13 14 16 24 23 22 21 6 7 8 9 10 11 14 16 24 22 20 16 
Beneficio: 19
d 2 3 d 18 19 15 17 16 15 13 14 12 13 14 16 24 22 23 10 8 7 6 21 20 5 4 
Beneficio: 29
d 2 3 d 18 19 15 17 16 15 13 14 12 13 14 16 24 22 21 6 7 8 9 10 11 14 16 3 4 5 6 21 23 22 20 
Beneficio: 32
d 2 3 d 18 19 15 17 16 15 13 14 12 13 14 16 24 22 21 6 7 8 9 7 6 21 20 22 23 10 11 
Beneficio: 11
d 2 3 d 18 19 15 17 16 15 13 14 12 13 14 16 24 23 10 9 7 6 5 20 4 3 
Beneficio: 34
d 2 3 d 18 19 15 17 16 15 13 14 12 13 14 16 17 18 3 4 5 20 21 22 23 24 22 20 16 14 11 10 9 8 7 9 
Beneficio: 25
d 2 3 d 18 19 15 17 16 15 13 14 12 13 14 16 17 18 3 4 20 22 23 21 6 7 8 9 10 11 14 
Beneficio: 20
d 2 3 d 18 19 15 17 16 15 13 14 12 13 14 16 17 18 3 4 5 20 22 24 16 14 11 10 8 7 6 21 22 20 
Beneficio: 12
d 2 3 d 18 19 15 17 16 15 13 14 12 13 14 16 17 18 3 4 20 21 22 23 22 24 
Beneficio: 27
d 2 3 d 18 19 15 17 16 15 13 14 12 13 14 16 17 18 3 4 5 21 6 7 8 9 7 6 21 22 20 16 14 
Beneficio: 20
d 2 3 d 18 19 15 17 16 15 13 14 12 13 14 16 17 18 3 4 5 6 7 8 9 10 11 14 16 3 
Beneficio: 29
d 2 3 d 18 19 15 17 16 15 13 14 12 13 14 16 17 18 3 4 5 20 22 21 6 7 8 9 10 11 14 16 24 22 21 6 
Beneficio: 31
d 2 3 d 18 19 15 17 16 15 13 14 12 13 14 16 17 18 3 4 20 22 23 21 22 24 16 14 11 10 9 7 6 21 20 
Beneficio: 16
d 2 3 d 18 19 15 17 16 15 13 14 12 13 14 16 17 18 3 4 5 20 22 24 16 14 11 10 8 9 10 8 7 
Beneficio: 27
d 2 3 d 18 19 15 17 16 15 13 14 12 13 14 16 17 18 3 4 5 6 7 8 9 10 11 14 16 24 22 21 6 
Beneficio: 44
d 2 3 d 18 19 15 17 16 15 13 14 12 13 14 16 17 18 3 4 5 20 22 24 16 14 11 10 8 7 9 8 7 6 21 22 23 10 
Beneficio: 37
d 2 3 d 18 19 15 17 16 15 13 14 12 13 14 16 17 18 3 4 5 20 22 23 10 11 14 16 24 22 21 6 7 8 9 10 11 12 
Beneficio: 30
d 2 3 d 18 19 15 17 16 15 13 14 12 13 14 16 17 18 3 4 20 22 24 23 21 22 23 10 9 8 7 6 
Beneficio: 29
d 2 3 d 18 19 15 17 16 15 13 14 12 13 14 16 3 4 5 20 22 23 10 8 7 9 10 11 14 16 24 22 21 5 
Beneficio: 28
d 2 3 d 18 19 15 17 16 15 13 14 12 13 14 16 3 4 5 20 22 24 16 14 12 11 10 9 7 6 21 22 23 24 
Beneficio: 36
d 2 3 d 18 19 15 17 16 15 13 14 12 13 14 16 3 4 5 20 22 24 22 23 10 9 7 6 21 23 10 11 14 
Beneficio: 42
d 2 3 d 18 19 15 17 16 15 13 14 12 13 14 16 3 4 5 20 22 21 6 9 8 10 23 22 24 16 14 11 10 9 7 6 21 
Beneficio: 32
d 2 3 d 18 19 15 17 16 15 13 14 12 13 14 16 3 4 5 20 22 23 21 6 7 9 10 11 14 16 24 22 20 16 
Beneficio: 31
d 2 3 d 18 19 15 17 16 15 13 14 12 13 14 16 3 4 5 20 21 6 7 8 9 10 11 14 16 20 22 23 10 11 14 
Beneficio: 39
d 2 3 d 18 19 15 17 16 15 13 14 12 13 14 16 3 4 5 4 20 22 23 21 22 24 16 14 11 10 9 8 7 6 21 22 
Beneficio: 28
d 2 3 d 18 19 15 17 16 15 13 14 12 13 14 16 3 4 5 4 20 22 24 16 14 11 10 9 8 7 6 21 22 23 10 
Beneficio: 35
d 2 3 d 18 19 15 17 16 15 13 14 12 13 14 16 3 4 5 20 22 23 22 21 6 7 9 10 11 14 16 24 22 21 23 
Beneficio: 25
d 2 3 d 18 19 15 17 16 15 13 14 12 13 14 16 3 4 5 20 22 21 6 7 9 8 10 11 14 16 24 22 20 
Beneficio: 45
d 2 3 d 18 19 15 17 16 15 13 14 12 13 14 16 3 4 5 6 7 9 8 7 6 21 22 24 16 14 11 10 23 22 20 4 
Beneficio: 36
d 2 3 d 18 19 15 17 16 15 13 14 12 13 14 16 3 4 5 6 21 22 23 10 9 7 6 9 8 
Beneficio: 33
d 2 3 d 18 19 15 17 16 15 13 14 12 13 14 16 3 4 5 21 22 23 10 9 8 7 6 21 22 24 16 14 12 11 
Beneficio: 28
d 2 3 d 18 19 15 17 16 15 13 14 12 13 14 16 3 4 5 21 6 7 9 10 23 22 20 4 3 18 17 
Beneficio: 35
d 2 3 d 18 19 15 17 16 15 13 14 12 13 14 16 3 4 5 21 23 10 9 7 6 21 22 24 16 14 23 22 20 
Beneficio: 26
d 2 3 d 18 19 15 17 16 15 13 14 12 13 14 16 3 4 5 21 22 23 10 9 7 8 10 11 14 16 24 22 20 21 
Beneficio: 25
d 2 3 d 18 19 15 17 16 15 13 14 12 13 14 16 3 4 5 21 6 7 8 9 7 9 10 23 21 22 20 
Beneficio: 34
d 2 3 d 18 19 15 17 16 15 13 14 12 13 14 16 3 4 5 6 7 8 9 10 23 22 24 22 21 23 
Beneficio: 48
d 2 3 d 18 19 15 17 16 15 13 14 12 13 14 16 3 4 20 22 23 10 9 7 8 9 7 6 21 22 24 16 14 
Beneficio: 41
d 2 3 d 18 19 15 17 16 15 13 14 12 13 14 16 3 4 20 22 23 21 6 7 8 9 10 11 14 16 24 22 20 5 4 
Beneficio: 37
d 2 3 d 18 19 15 17 16 15 13 14 12 13 14 16 3 4 20 22 24 16 14 12 11 10 9 8 7 6 21 22 23 10 11 14 
Beneficio: 22
d 2 3 d 18 19 15 17 16 15 13 14 12 13 14 16 3 4 20 22 24 23 22 21 23 10 9 8 7 
Beneficio: 30
d 2 3 d 18 19 15 17 16 15 13 14 12 13 14 16 3 4 20 22 21 6 7 9 8 9 10 23 21 22 23 24 16 14 
Beneficio: 32
d 2 3 d 18 19 15 17 16 15 13 14 12 13 14 16 3 4 20 22 21 6 9 8 7 9 10 11 14 16 24 22 23 21 
Beneficio: 16
d 2 3 d 18 19 15 17 16 15 13 14 12 13 14 16 3 4 20 5 6 7 8 9 10 11 14 16 20 22 21 23 
Beneficio: 20
d 2 3 d 18 19 15 17 16 15 13 14 12 13 14 16 3 4 20 21 6 7 9 10 23 21 22 24 16 14 
Beneficio: 31
d 2 3 d 18 19 15 17 16 15 13 14 12 13 14 16 3 4 20 22 23 10 11 14 16 24 22 21 6 7 9 6 21 5 20 
Beneficio: 39
d 2 3 d 18 19 15 17 16 15 13 14 12 13 14 16 3 4 20 22 23 24 22 21 6 7 9 10 11 14 16 20 5 4 3 
Beneficio: 32
d 2 3 d 18 19 15 17 16 15 13 14 12 13 14 16 3 4 20 22 24 23 22 21 6 9 8 7 9 10 11 14 16 20 
Beneficio: 33
d 2 3 d 18 19 15 17 16 15 13 14 12 13 14 16 3 4 20 22 21 23 22 24 16 14 11 10 9 8 7 6 5 20 16 
Beneficio: 23
d 2 3 d 18 19 15 17 16 15 13 14 12 13 14 16 3 4 20 22 24 23 22 21 6 7 9 10 11 14 
Beneficio: 26
d 2 3 d 18 19 15 17 16 15 13 14 12 13 14 16 3 4 5 20 22 23 10 9 7 8 9 10 11 14 16 24 
Beneficio: 19
d 2 3 d 18 19 15 17 16 15 13 14 12 13 14 16 3 4 5 6 21 23 10 9 7 6 21 22 24 16 14 11 12 
Beneficio: 42
d 2 3 d 18 19 15 17 16 15 13 14 12 13 14 16 3 4 5 20 22 23 10 8 9 6 7 9 10 11 14 16 24 22 21 6 
Beneficio: 19
d 2 3 d 18 19 15 17 16 15 13 14 12 13 14 16 3 4 5 20 22 23 22 21 6 7 8 9 10 11 12 
Beneficio: 30
d 2 3 d 18 19 15 17 16 15 13 14 12 13 14 16 3 4 5 20 22 24 23 22 21 6 7 8 9 10 11 14 16 
Beneficio: 34
d 2 3 d 18 19 15 17 16 15 13 14 12 13 14 16 3 4 5 20 22 21 6 7 9 8 10 11 14 23 22 20 16 
Beneficio: 35
d 2 3 d 18 19 15 17 16 15 13 14 12 13 14 16 3 4 5 20 22 21 6 7 8 9 7 8 10 23 22 21 6 
Beneficio: 28
d 2 3 d 18 19 15 17 16 15 13 14 12 13 14 16 3 4 5 20 21 22 23 21 6 7 8 9 10 11 14 16 20 4 3 
Beneficio: 42
d 2 3 d 18 19 15 17 16 15 13 14 12 13 14 16 3 4 5 20 21 6 7 8 9 7 9 10 23 22 24 16 20 4 3 
Beneficio: 37
d 2 3 d 18 19 15 17 16 15 13 14 12 13 14 16 3 4 5 4 20 22 23 24 22 21 6 7 8 9 10 11 14 16 
Beneficio: 45
d 2 3 d 18 19 15 17 16 15 13 14 12 13 14 16 3 4 5 20 22 23 10 8 7 9 8 7 6 21 22 24 16 14 11 10 9 
Beneficio: 27
d 2 3 d 18 19 15 17 16 15 13 14 12 13 14 16 3 4 5 20 22 24 22 21 6 7 9 10 11 14 16 24 23 
Beneficio: 35
d 2 3 d 18 19 15 17 16 15 13 14 12 13 14 16 3 4 5 20 21 6 7 9 10 11 14 16 24 23 22 20 16 24 22 21 
Beneficio: 28
d 2 3 d 18 19 15 17 16 15 13 14 12 13 14 16 3 4 5 6 7 8 9 10 11 14 16 20 5 21 22 23 21 22 20 
Beneficio: 32
d 2 3 d 18 19 15 17 16 15 13 14 12 13 14 16 3 4 5 6 21 23 10 9 8 7 9 7 6 21 22 24 16 
Beneficio: 39
d 2 3 d 18 19 15 17 16 15 13 14 12 13 14 16 3 4 5 21 22 24 22 23 10 9 7 6 21 22 20 16 
Beneficio: 34
d 2 3 d 18 19 15 17 16 15 13 14 12 13 14 16 3 4 5 21 6 7 8 9 10 23 22 24 16 20 5 21 
Beneficio: 27
d 2 3 d 18 19 15 17 16 15 13 14 12 13 14 16 3 4 5 21 22 24 16 14 11 10 9 7 8 
Beneficio: 14
d 2 3 d 18 19 15 17 16 15 13 14 12 13 14 16 3 4 5 21 6 9 8 10 23 22 21 23 
Beneficio: 32
d 2 3 d 18 19 15 17 16 15 13 14 12 13 14 16 3 4 5 6 7 9 8 10 11 14 16 24 22 21 20 16 
Beneficio: 36
d 2 3 d 18 19 15 17 16 15 13 14 12 13 14 16 3 4 5 6 9 8 7 6 21 22 20 16 24 22 23 10 11 14 16 17 18 19 
Beneficio: 42
d 2 3 d 18 19 15 17 16 15 13 14 12 13 14 16 3 4 20 22 23 10 9 7 8 10 11 14 16 24 22 21 6 7 8 9 
Beneficio: 38
d 2 3 d 18 19 15 17 16 15 13 14 12 13 14 16 3 4 20 22 24 16 14 11 10 23 22 21 6 9 7 6 21 23 10 9 8 
Beneficio: 27
d 2 3 d 18 19 15 17 16 15 13 14 12 13 14 16 3 4 20 22 24 16 20 4 5 21 22 23 10 9 7 8 10 11 12 
Beneficio: 27
d 2 3 d 18 19 15 17 16 15 13 14 12 13 14 16 3 4 20 22 21 6 7 9 7 8 10 11 14 16 24 22 21 6 
Beneficio: 36
d 2 3 d 18 19 15 17 16 15 13 14 12 13 14 16 3 4 20 22 21 23 10 9 7 9 8 7 6 21 22 23 10 11 
Beneficio: 8
d 2 3 d 18 19 15 17 16 15 13 14 12 13 14 16 3 4 20 5 6 9 8 9 10 23 22 
Beneficio: 8
d 2 3 d 18 19 15 17 16 15 13 14 12 13 14 16 3 4 20 5 6 21 23 22 21 6 9 8 
Beneficio: 14
d 2 3 d 18 19 15 17 16 15 13 14 12 13 14 16 3 4 20 21 6 7 8 9 10 11 14 16 20 5 6 
Beneficio: 33
d 2 3 d 18 19 15 17 16 15 13 14 12 13 14 16 3 4 20 22 23 10 9 8 7 6 21 22 24 16 14 11 10 9 7 
Beneficio: 21
d 2 3 d 18 19 15 17 16 15 13 14 12 13 14 16 3 4 20 22 24 16 14 11 10 8 9 7 8 9 10 11 
Beneficio: 23
d 2 3 d 18 19 15 17 16 15 13 14 12 13 14 16 3 4 20 22 21 6 9 7 8 10 23 22 24 16 14 11 10 
Beneficio: 20
d 2 3 d 18 19 15 17 16 15 13 14 12 13 14 16 3 4 20 5 6 7 9 8 10 23 22 21 
Beneficio: 19
d 2 3 d 18 19 15 17 16 15 13 14 12 13 14 16 3 4 20 21 22 23 10 8 9 7 8 10 9 
Beneficio: 34
d 2 3 d 18 19 15 17 16 15 13 14 12 13 14 16 3 4 5 20 22 23 10 9 7 6 21 22 24 16 14 11 10 8 7 
Beneficio: 44
d 2 3 d 18 19 15 17 16 15 13 14 12 13 14 16 24 22 23 10 11 14 16 20 21 6 7 8 9 7 6 21 22 20 5 4 3 
Beneficio: 14
d 2 3 d 18 19 15 17 16 15 13 14 12 13 14 16 24 22 23 10 11 14 16 20 5 4 3 18 
Beneficio: 29
d 2 3 d 18 19 15 17 16 15 13 14 12 13 14 16 24 22 23 10 9 8 7 9 10 11 14 16 17 18 3 4 20 22 21 5 
Beneficio: 29
d 2 3 d 18 19 15 17 16 15 13 14 12 13 14 16 24 22 23 10 9 8 9 7 8 10 11 14 16 3 4 20 22 
Beneficio: 36
d 2 3 d 18 19 15 17 16 15 13 14 12 13 14 16 24 22 23 10 11 14 16 20 22 21 6 9 8 7 6 5 4 3 
Beneficio: 39
d 2 3 d 18 19 15 17 16 15 13 14 12 13 14 16 24 22 23 10 9 6 7 9 8 7 6 21 22 20 16 14 
Beneficio: 40
d 2 3 d 18 19 15 17 16 15 13 14 12 13 14 16 24 22 23 21 22 20 5 4 5 6 7 8 9 10 11 
Beneficio: 37
d 2 3 d 18 19 15 17 16 15 13 14 12 13 14 16 24 22 23 21 6 7 8 9 7 6 21 5 20 4 3 
Beneficio: 30
d 2 3 d 18 19 15 17 16 15 13 14 12 13 14 16 24 22 23 22 21 6 7 9 10 11 14 16 24 23 21 
Beneficio: 20
d 2 3 d 18 19 15 17 16 15 13 14 12 13 14 16 24 22 20 16 14 11 10 8 9 10 23 22 20 4 3 18 19 
Beneficio: 23
d 2 3 d 18 19 15 17 16 15 13 14 12 13 14 16 24 22 20 16 14 23 10 9 7 6 21 20 4 3 
Beneficio: 43
d 2 3 d 18 19 15 17 16 15 13 14 12 13 14 16 24 22 20 16 14 11 10 8 9 7 8 10 23 22 21 6 7 
Beneficio: 44
d 2 3 d 18 19 15 17 16 15 13 14 12 13 14 16 24 22 20 16 24 23 22 21 6 7 8 9 7 9 10 23 21 
Beneficio: 30
d 2 3 d 18 19 15 17 16 15 13 14 12 13 14 16 24 22 20 4 5 6 7 8 10 11 14 23 22 21 6 
Beneficio: 43
d 2 3 d 18 19 15 17 16 15 13 14 12 13 14 16 24 22 20 5 4 20 16 14 11 10 8 9 6 7 9 10 23 22 21 6 
Beneficio: 36
d 2 3 d 18 19 15 17 16 15 13 14 12 13 14 16 24 22 20 4 5 6 7 8 9 10 11 14 23 21 22 23 
Beneficio: 21
d 2 3 d 18 19 15 17 16 15 13 14 12 13 14 16 24 22 20 21 6 7 8 9 7 8 10 11 14 16 
Beneficio: 33
d 2 3 d 18 19 15 17 16 15 13 14 12 13 14 16 24 22 21 6 7 9 8 10 11 14 16 3 4 5 20 21 22 
Beneficio: 27
d 2 3 d 18 19 15 17 16 15 13 14 12 13 14 16 24 22 21 6 7 8 9 10 11 14 16 24 23 21 22 20 4 5 6 
Beneficio: 20
d 2 3 d 18 19 15 17 16 15 13 14 12 13 14 16 24 22 21 6 9 7 6 21 23 10 11 14 16 20 5 
Beneficio: 35
d 2 3 d 18 19 15 17 16 15 13 14 12 13 14 16 24 22 21 6 7 9 10 11 14 16 3 4 5 20 22 23 24 
Beneficio: 35
d 2 3 d 18 19 15 17 16 15 13 14 12 13 14 16 24 22 21 6 7 8 9 10 23 21 22 23 10 11 14 16 24 
Beneficio: 47
d 2 3 d 18 19 15 17 16 15 13 14 12 13 14 16 24 22 21 6 9 8 7 9 10 11 14 16 20 5 4 20 22 23 21 6 7 
Beneficio: 29
d 2 3 d 18 19 15 17 16 15 13 14 12 13 14 16 24 22 21 23 22 21 6 7 8 9 8 10 11 
Beneficio: 15
d 2 3 d 18 19 15 17 16 15 13 14 12 13 14 16 24 22 21 23 10 8 7 9 10 11 14 16 20 5 4 3 
Beneficio: 45
d 2 3 d 18 19 15 17 16 15 13 14 12 13 14 16 24 22 21 6 7 9 8 7 9 10 11 14 16 20 22 23 21 5 4 3 
Beneficio: 26
d 2 3 d 18 19 15 17 16 15 13 14 12 13 14 16 24 22 21 6 9 7 6 21 22 20 5 4 20 16 14 11 10 23 
Beneficio: 13
d 2 3 d 18 19 15 17 16 15 13 14 12 13 14 16 24 22 21 6 7 8 9 10 11 14 16 17 18 3 4 
Beneficio: 30
d 2 3 d 18 19 15 17 16 15 13 14 12 13 14 16 24 22 21 23 10 8 9 7 6 21 5 4 3 18 17 
Beneficio: 17
d 2 3 d 18 19 15 17 16 15 13 14 12 13 14 16 24 22 24 23 10 9 7 8 9 10 11 14 16 3 4 20 
Beneficio: 40
d 2 3 d 18 19 15 17 16 15 13 14 12 13 14 16 24 23 22 20 16 24 22 21 6 7 9 8 7 9 10 11 14 16 20 5 
Beneficio: 27
d 2 3 d 18 19 15 17 16 15 13 14 12 13 14 16 24 23 22 21 6 7 9 7 8 9 8 10 11 
Beneficio: 22
d 2 3 d 18 19 15 17 16 15 13 14 12 13 14 16 24 23 22 21 5 6 7 9 10 11 14 16 20 5 
Beneficio: 36
d 2 3 d 18 19 15 17 16 15 13 14 12 13 14 16 24 23 10 9 8 7 6 21 22 23 21 20 16 24 22 20 5 4 3 
Beneficio: 35
d 2 3 d 18 19 15 17 16 15 13 14 12 13 14 16 24 23 10 9 7 6 21 20 16 24 22 21 23 22 20 5 4 3 
Beneficio: 7
d 2 3 d 18 19 15 17 16 15 13 14 12 13 14 16 24 23 21 6 7 8 10 23 22 
Beneficio: 25
d 2 3 d 18 19 15 17 16 15 13 14 12 13 14 16 24 22 23 21 6 7 9 10 11 14 16 20 5 4 3 
Beneficio: 24
d 2 3 d 18 19 15 17 16 15 13 14 12 13 14 16 24 22 21 23 10 9 7 6 5 20 22 23 24 
Beneficio: 35
d 2 3 d 18 19 15 17 16 15 13 14 12 13 14 16 20 22 23 10 11 14 16 24 22 21 5 6 7 9 
Beneficio: 33
d 2 3 d 18 19 15 17 16 15 13 14 12 13 14 16 20 22 23 10 8 7 6 21 22 24 16 14 23 10 9 7 
Beneficio: 41
d 2 3 d 18 19 15 17 16 15 13 14 12 13 14 16 20 22 23 21 6 7 6 21 22 24 16 14 11 10 9 7 8 9 
Beneficio: 24
d 2 3 d 18 19 15 17 16 15 13 14 12 13 14 16 20 22 24 16 14 11 10 23 22 21 6 9 7 8 10 11 
Beneficio: 32
d 2 3 d 18 19 15 17 16 15 13 14 12 13 14 16 20 22 24 16 14 11 10 23 22 21 6 9 7 6 21 23 
Beneficio: 23
d 2 3 d 18 19 15 17 16 15 13 14 12 13 14 16 20 22 24 16 3 4 5 6 7 8 9 10 11 14 
Beneficio: 41
d 2 3 d 18 19 15 17 16 15 13 14 12 13 14 16 20 22 24 23 22 21 6 7 9 8 7 9 10 11 14 16 24 
Beneficio: 31
d 2 3 d 18 19 15 17 16 15 13 14 12 13 14 16 20 22 21 6 7 9 8 10 23 22 21 20 5 
Beneficio: 24
d 2 3 d 18 19 15 17 16 15 13 14 12 13 14 16 20 22 21 23 22 21 6 7 9 8 7 6 5 
Beneficio: 24
d 2 3 d 18 19 15 17 16 15 13 14 12 13 14 16 20 22 21 6 9 7 6 21 22 23 10 11 14 16 3 18 
Beneficio: 29
d 2 3 d 18 19 15 17 16 15 13 14 12 13 14 16 20 4 5 20 22 24 22 21 23 10 9 7 6 21 
Beneficio: 32
d 2 3 d 18 19 15 17 16 15 13 14 12 13 14 16 20 4 5 21 6 7 9 6 21 22 24 16 14 11 10 23 22 21 
Beneficio: 25
d 2 3 d 18 19 15 17 16 15 13 14 12 13 14 16 20 5 4 20 22 24 16 14 11 10 9 8 7 9 10 23 22 21 6 
Beneficio: 29
d 2 3 d 18 19 15 17 16 15 13 14 12 13 14 16 20 5 6 7 8 9 10 11 14 16 24 22 23 10 11 12 
Beneficio: 18
d 2 3 d 18 19 15 17 16 15 13 14 12 13 14 16 20 4 5 21 22 23 10 9 7 8 10 11 14 16 20 22 
Beneficio: 15
d 2 3 d 18 19 15 17 16 15 13 14 12 13 14 16 20 22 21 5 6 7 9 8 7 
Beneficio: 15
d 2 3 d 18 19 15 17 16 15 13 14 12 13 14 16 20 21 6 7 9 10 11 14 16 20 4 5 4 
Beneficio: 37
d 2 3 d 18 19 15 17 16 15 13 14 12 13 14 16 20 21 6 7 9 7 8 9 10 23 22 20 5 4 
Beneficio: 38
d 2 3 d 18 19 15 17 16 15 13 14 12 13 14 16 3 4 5 20 22 24 16 20 21 22 23 21 6 7 8 9 10 11 14 
Beneficio: 37
d 2 3 d 18 19 15 17 16 15 13 14 12 13 14 16 3 4 5 4 20 22 24 16 14 11 10 23 22 21 6 7 8 9 8 
Beneficio: 33
d 2 3 d 18 19 15 17 16 15 13 14 12 13 14 16 3 4 5 6 7 8 9 10 11 14 16 24 22 23 21 
Beneficio: 26
d 2 3 d 18 19 15 17 16 15 13 14 12 13 14 16 3 4 5 21 23 22 21 6 7 8 9 10 11 12 
Beneficio: 27
d 2 3 d 18 19 15 17 16 15 13 14 12 13 14 16 3 4 20 22 24 23 22 21 23 10 9 8 7 9 10 11 
Beneficio: 34
d 2 3 d 18 19 15 17 16 15 13 14 12 13 14 16 3 4 20 22 23 10 11 14 16 24 22 21 6 7 8 9 10 11 12 
Beneficio: 17
d 2 3 d 18 19 15 17 16 15 13 14 12 13 14 16 3 4 5 20 22 21 6 7 8 9 10 11 14 16 17 
Beneficio: 37
d 2 3 d 18 19 15 17 16 15 13 14 12 13 14 16 3 4 5 20 22 21 6 7 8 9 7 6 21 22 24 23 10 
Beneficio: 24
d 2 3 d 18 19 15 17 16 15 13 14 12 13 14 16 3 4 5 4 20 22 23 21 6 7 8 9 
Beneficio: 35
d 2 3 d 18 19 15 17 16 15 13 14 12 13 14 16 3 4 5 21 22 23 10 9 7 6 21 22 24 16 20 4 3 
Beneficio: 36
d 2 3 d 18 19 15 17 16 15 13 14 12 13 14 16 3 4 5 6 9 7 6 21 22 20 16 24 22 23 10 
Beneficio: 21
d 2 3 d 18 19 15 17 16 15 13 14 12 13 14 16 3 4 20 22 21 6 7 8 9 7 8 10 11 14 16 24 
Beneficio: 26
d 2 3 d 18 19 15 17 16 15 13 14 12 13 14 16 3 4 20 22 23 24 22 21 6 7 8 9 10 11 12 
Beneficio: 36
d 2 3 d 18 19 15 17 16 15 13 14 12 13 14 16 20 22 23 10 11 14 16 17 18 3 4 5 6 7 8 9 10 23 24 22 21 
Beneficio: 38
d 2 3 d 18 19 15 17 16 15 13 14 12 13 14 16 20 22 23 10 11 14 16 3 4 5 21 6 7 9 6 21 22 24 
Beneficio: 21
d 2 3 d 18 19 15 17 16 15 13 14 12 13 14 16 20 22 23 10 9 8 7 9 10 11 14 16 24 22 21 5 4 20 
Beneficio: 25
d 2 3 d 18 19 15 17 16 15 13 14 12 13 14 16 20 22 23 10 9 8 7 9 10 11 14 16 3 4 20 22 21 6 
Beneficio: 41
d 2 3 d 18 19 15 17 16 15 13 14 12 13 14 16 20 22 23 10 8 7 9 8 10 11 14 16 24 22 21 6 7 9 10 
Beneficio: 29
d 2 3 d 18 19 15 17 16 15 13 14 12 13 14 16 20 22 23 10 9 7 8 9 6 21 22 24 23 21 
Beneficio: 22
d 2 3 d 18 19 15 17 16 15 13 14 12 13 14 16 20 22 23 10 8 7 9 10 11 14 16 24 22 21 5 20 4 3 
Beneficio: 38
d 2 3 d 18 19 15 17 16 15 13 14 12 13 14 16 20 22 23 21 6 7 9 10 23 24 22 21 6 5 4 20 
Beneficio: 38
d 2 3 d 18 19 15 17 16 15 13 14 12 13 14 16 20 22 23 21 6 7 8 9 7 9 6 21 22 24 23 10 11 14 16 
Beneficio: 45
d 2 3 d 18 19 15 17 16 15 13 14 12 13 14 16 20 22 23 24 22 21 6 7 8 9 7 6 21 23 10 11 14 16 3 4 5 
Beneficio: 16
d 2 3 d 18 19 15 17 16 15 13 14 12 13 14 16 20 22 23 24 16 20 21 6 9 7 6 
Beneficio: 34
d 2 3 d 18 19 15 17 16 15 13 14 12 13 14 16 20 22 23 21 6 9 8 7 6 21 22 24 23 10 11 12 
Beneficio: 16
d 2 3 d 18 19 15 17 16 15 13 14 12 13 14 16 20 22 24 16 14 11 10 23 22 21 20 5 6 
Beneficio: 17
d 2 3 d 18 19 15 17 16 15 13 14 12 13 14 16 20 22 24 16 14 11 10 9 8 7 6 21 20 4 3 
Beneficio: 33
d 2 3 d 18 19 15 17 16 15 13 14 12 13 14 16 20 22 24 16 14 11 10 9 8 7 6 21 22 23 21 20 4 3 18 17 
Beneficio: 29
d 2 3 d 18 19 15 17 16 15 13 14 12 13 14 16 20 22 24 16 14 11 10 9 7 8 9 10 23 22 20 4 5 21 
Beneficio: 39
d 2 3 d 18 19 15 17 16 15 13 14 12 13 14 16 20 22 24 16 14 12 11 10 9 8 10 23 22 21 6 7 9 8 
Beneficio: 7
d 2 3 d 18 19 15 17 16 15 13 14 12 13 14 16 20 22 24 16 3 4 5 6 21 23 10 9 8 
Beneficio: 32
d 2 3 d 18 19 15 17 16 15 13 14 12 13 14 16 20 22 24 16 20 5 6 7 9 10 23 21 22 23 10 11 12 
Beneficio: 30
d 2 3 d 18 19 15 17 16 15 13 14 12 13 14 16 20 22 24 23 22 21 23 10 9 7 8 10 11 14 16 3 4 5 
Beneficio: 20
d 2 3 d 18 19 15 17 16 15 13 14 12 13 14 16 20 22 24 23 10 9 8 9 7 8 10 11 14 16 17 
Beneficio: 29
d 2 3 d 18 19 15 17 16 15 13 14 12 13 14 16 20 22 24 23 21 6 7 9 7 8 9 10 11 14 16 3 4 20 
Beneficio: 20
d 2 3 d 18 19 15 17 16 15 13 14 12 13 14 16 20 22 24 22 21 23 10 9 7 8 9 8 10 11 14 16 
Beneficio: 23
d 2 3 d 18 19 15 17 16 15 13 14 12 13 14 16 20 22 21 6 7 9 10 11 14 16 24 22 21 20 4 3 2 
Beneficio: 34
d 2 3 d 18 19 15 17 16 15 13 14 12 13 14 16 20 22 21 6 7 8 9 10 23 22 24 16 17 18 3 4 20 21 
Beneficio: 25
d 2 3 d 18 19 15 17 16 15 13 14 12 13 14 16 20 22 21 6 9 7 8 10 23 24 22 23 10 11 14 16 24 
Beneficio: 32
d 2 3 d 18 19 15 17 16 15 13 14 12 13 14 16 20 22 21 6 7 9 10 23 22 24 16 14 11 10 23 21 20 4 3 
Beneficio: 25
d 2 3 d 18 19 15 17 16 15 13 14 12 13 14 16 20 22 21 6 7 8 9 10 11 14 16 24 22 20 4 3 18 19 
Beneficio: 29
d 2 3 d 18 19 15 17 16 15 13 14 12 13 14 16 20 22 21 6 9 8 7 9 10 11 14 16 24 22 23 21 6 5 
Beneficio: 24
d 2 3 d 18 19 15 17 16 15 13 14 12 13 14 16 20 22 21 23 22 21 6 7 9 10 23 24 16 20 4 5 
Beneficio: 35
d 2 3 d 18 19 15 17 16 15 13 14 12 13 14 16 20 22 21 5 6 7 9 10 11 14 16 24 22 23 10 9 
Beneficio: 23
d 2 3 d 18 19 15 17 16 15 13 14 12 13 14 16 20 22 21 6 7 8 9 7 9 10 11 14 16 3 4 5 21 
Beneficio: 41
d 2 3 d 18 19 15 17 16 15 13 14 12 13 14 16 20 22 21 6 7 9 10 11 14 16 24 22 23 10 8 9 7 8 
Beneficio: 31
d 2 3 d 18 19 15 17 16 15 13 14 12 13 14 16 20 22 21 23 22 24 16 14 11 10 8 7 9 8 7 9 10 23 
Beneficio: 22
d 2 3 d 18 19 15 17 16 15 13 14 12 13 14 16 20 22 24 23 10 8 9 6 7 9 10 11 
Beneficio: 37
d 2 3 d 18 19 15 17 16 15 13 14 12 13 14 16 20 4 5 20 22 23 21 6 7 8 9 10 11 14 16 24 22 21 
Beneficio: 18
d 2 3 d 18 19 15 17 16 15 13 14 12 13 14 16 20 4 5 20 22 24 16 3 4 5 6 7 9 10 11 12 
Beneficio: 17
d 2 3 d 18 19 15 17 16 15 13 14 12 13 14 16 20 4 5 20 22 21 6 7 9 10 23 24 22 21 23 
Beneficio: 33
d 2 3 d 18 19 15 17 16 15 13 14 12 13 14 16 20 4 5 20 22 24 23 21 6 7 8 9 8 7 9 
Beneficio: 17
d 2 3 d 18 19 15 17 16 15 13 14 12 13 14 16 20 4 5 6 7 9 10 11 14 23 21 22 
Beneficio: 22
d 2 3 d 18 19 15 17 16 15 13 14 12 13 14 16 20 4 5 21 22 23 10 9 7 8 9 8 10 11 14 16 24 
Beneficio: 37
d 2 3 d 18 19 15 17 16 15 13 14 12 13 14 16 20 4 5 21 6 9 8 7 6 21 22 24 23 22 20 
Beneficio: 17
d 2 3 d 18 19 15 17 16 15 13 14 12 13 14 16 20 4 5 21 6 9 8 9 7 6 21 22 20 
Beneficio: 37
d 2 3 d 18 19 15 17 16 15 13 14 12 13 14 16 20 4 5 6 9 7 6 21 22 24 16 20 22 23 10 11 14 
Beneficio: 32
d 2 3 d 18 19 15 17 16 15 13 14 12 13 14 16 20 5 4 20 22 23 10 9 8 7 6 21 22 24 16 14 11 
Beneficio: 36
d 2 3 d 18 19 15 17 16 15 13 14 12 13 14 16 20 5 4 20 22 24 16 14 11 10 23 22 21 6 7 8 9 6 21 5 
Beneficio: 35
d 2 3 d 18 19 15 17 16 15 13 14 12 13 14 16 20 5 4 20 22 21 6 7 8 9 7 9 10 11 14 16 24 22 21 5 
Beneficio: 25
d 2 3 d 18 19 15 17 16 15 13 14 12 13 14 16 20 5 4 20 22 23 21 6 9 8 7 6 21 5 
Beneficio: 34
d 2 3 d 18 19 15 17 16 15 13 14 12 13 14 16 20 5 4 20 21 6 7 8 9 10 23 22 24 23 10 11 12 
Beneficio: 40
d 2 3 d 18 19 15 17 16 15 13 14 12 13 14 16 20 5 6 7 8 9 7 9 6 21 22 23 10 11 14 16 24 22 20 
Beneficio: 22
d 2 3 d 18 19 15 17 16 15 13 14 12 13 14 16 20 5 21 22 23 21 6 7 9 10 8 7 6 
Beneficio: 18
d 2 3 d 18 19 15 17 16 15 13 14 12 13 14 16 20 5 21 23 22 21 6 9 8 7 9 10 11 12 
Beneficio: 32
d 2 3 d 18 19 15 17 16 15 13 14 12 13 14 16 20 5 21 6 7 8 9 7 9 10 11 14 16 24 22 21 
Beneficio: 27
d 2 3 d 18 19 15 17 16 15 13 14 12 13 14 16 20 5 6 21 22 24 23 22 20 4 5 6 7 9 
Beneficio: 23
d 2 3 d 18 19 15 17 16 15 13 14 12 13 14 16 20 4 5 21 22 24 23 10 9 7 8 9 10 11 12 
Beneficio: 26
d 2 3 d 18 19 15 17 16 15 13 14 12 13 14 16 20 4 5 21 6 7 9 10 11 14 16 24 23 22 21 6 
Beneficio: 37
d 2 3 d 18 19 15 17 16 15 13 14 12 13 14 16 20 22 23 10 11 14 16 24 22 21 6 7 9 7 8 9 6 21 
Beneficio: 28
d 2 3 d 18 19 15 17 16 15 13 14 12 13 14 16 20 22 23 21 6 7 9 8 10 11 14 16 3 18 17 
Beneficio: 11
d 2 3 d 18 19 15 17 16 15 13 14 12 13 14 16 20 22 24 16 14 11 10 23 22 20 4 3 18 19 
######### Overtime ############
Mejor solucion encontrada!
Beneficio: 43
d 18 19 15 16 20 22 23 10 9 8 7 6 21 22 24 16 3 2 d 
Time taken: 7200.00s
