Evaluando ./Instances\CHRISTOFIDES\P07NoRPP
Solucion inicial: ./Instances\CHRISTOFIDES\P07NoRPP-salida.txt

Nueva solucion parcial! a los 0.001s
Imprimiendo solucion: 
Beneficio: 70
1  * 10
2  * 10
5  * 12
4  * 2
3  * 4
2  * -5
1  * 0
8  * 2
7  * 2
6  * 4
5  * 0
8  * -4
1  * -2
17  * 7
18  * 3
21  * 8
20  * -3
23  * 6
21  * 5
19  * -1
9  * 12
10  * 1
11  * 7
14  * 6
15  * -1
22  * -1
13  * 3
12  * 2
11  * -2
10  * -6
9  * -1
16  * 0
18  * -5
17  * -5
1
Nueva solucion parcial! a los 0.002s
Imprimiendo solucion: 
Beneficio: 77
1  * 10
2  * 10
5  * 12
4  * 2
3  * 4
2  * -5
1  * 0
8  * 2
7  * 2
6  * 4
5  * 0
8  * -4
1  * -2
17  * 7
18  * 3
21  * 8
20  * -3
23  * 6
21  * 5
19  * -1
9  * 12
10  * 1
11  * 7
14  * 6
15  * -1
22  * -1
13  * 3
12  * 2
11  * -2
10  * -6
9  * -1
16  * -3
1
Nueva solucion parcial! a los 0.004s
Imprimiendo solucion: 
Beneficio: 79
1  * 10
2  * 10
5  * 12
4  * 2
3  * 4
2  * -5
1  * 0
8  * 2
7  * 2
6  * 4
5  * 0
8  * -4
1  * -2
17  * 7
18  * 3
21  * 8
20  * -3
23  * 6
21  * 5
19  * -1
9  * 12
10  * 1
11  * 7
14  * 6
15  * -1
22  * -2
19  * -1
16  * -3
1
Nueva solucion parcial! a los 0.012s
Imprimiendo solucion: 
Beneficio: 80
1  * 10
2  * 10
5  * 12
4  * 2
3  * 4
2  * -5
1  * 0
8  * 2
7  * 2
6  * 4
5  * 0
8  * -4
1  * -2
17  * 7
18  * 3
21  * 8
20  * -3
23  * 6
21  * 5
19  * -1
9  * 12
10  * 1
11  * 7
14  * 6
15  * -2
9  * -1
16  * -3
1
Nueva solucion parcial! a los 0.039s
Imprimiendo solucion: 
Beneficio: 81
1  * 10
2  * 10
5  * 12
4  * 2
3  * 4
2  * -5
1  * 0
8  * 2
7  * 2
6  * 4
5  * 0
8  * -4
1  * -2
17  * 7
18  * 3
21  * 8
20  * -3
23  * 6
21  * 5
19  * -1
9  * 12
10  * 1
11  * 7
14  * 0
13  * 3
12  * 2
11  * -4
14  * 6
15  * -2
9  * -1
16  * -3
1
Nueva solucion parcial! a los 2.68s
Imprimiendo solucion: 
Beneficio: 82
1  * 10
2  * 10
5  * 12
4  * 2
3  * 4
2  * -5
1  * 0
8  * 2
7  * 2
6  * 4
5  * 0
8  * -4
1  * -2
17  * 7
18  * 3
21  * 8
20  * -3
23  * 6
21  * 4
22  * -1
15  * 6
14  * 7
11  * 2
12  * 3
13  * 0
14  * -4
11  * 1
10  * 12
9  * -1
16  * -3
1
Beneficio: 74
d 2 5 4 3 2 d 8 7 6 5 8 d 17 18 21 20 23 21 19 22 15 14 13 22 9 10 11 12 13 
Beneficio: 67
d 2 5 4 3 2 d 8 7 6 5 8 d 17 18 21 23 22 9 10 11 14 13 22 21 19 16 d 
Nueva solucion parcial! a los 33.73s
Imprimiendo solucion: 
Beneficio: 84
1  * 10
2  * 10
5  * 12
4  * 2
3  * 4
2  * -5
1  * 0
8  * 2
7  * 2
6  * 4
5  * 0
8  * -4
1  * -2
17  * 7
18  * 3
21  * 5
19  * -1
9  * 12
10  * 1
11  * 7
14  * 6
15  * -1
22  * 4
21  * 8
20  * -3
23  * 6
21  * -2
18  * 0
16  * -3
1
Nueva solucion parcial! a los 33.84s
Imprimiendo solucion: 
Beneficio: 85
1  * 10
2  * 10
5  * 12
4  * 2
3  * 4
2  * -5
1  * 0
8  * 2
7  * 2
6  * 4
5  * 0
8  * -4
1  * -2
17  * 7
18  * 3
21  * 5
19  * -1
9  * 12
10  * 1
11  * 7
14  * 0
13  * 3
12  * 2
11  * -4
14  * 6
15  * -1
22  * 4
21  * 8
20  * -3
23  * 6
21  * -2
18  * 0
16  * -3
1
Beneficio: 64
d 2 5 4 3 2 d 8 7 6 5 8 d 17 18 21 18 16 9 15 14 13 12 11 10 9 22 21 19 
Beneficio: 77
d 2 5 4 3 2 d 8 7 6 5 8 d 17 18 16 19 21 20 23 21 22 9 10 11 14 15 22 13 12 
Beneficio: 75
d 2 5 4 3 2 d 8 7 6 5 8 d 16 18 21 23 20 21 22 13 14 11 12 13 14 15 22 19 16 9 10 11 
Beneficio: 61
d 2 5 4 3 2 d 8 7 6 5 8 d 16 9 22 15 14 13 12 11 10 9 19 21 22 13 14 11 
Beneficio: 77
d 2 5 4 3 2 d 8 7 6 5 8 d 16 18 21 23 20 21 19 16 9 10 11 14 11 12 13 14 15 
Beneficio: 50
d 2 5 4 3 2 d 8 7 6 5 8 d 16 9 22 13 14 11 10 9 19 21 18 
Beneficio: 68
d 2 5 4 3 2 d 8 7 6 5 8 d 9 10 11 14 15 22 19 21 23 20 21 
Beneficio: 55
d 2 5 4 3 2 d 8 7 6 5 8 d 15 22 13 14 15 22 21 18 16 9 10 11 12 13 
Beneficio: 63
d 2 5 4 3 2 d 8 7 6 5 8 d 17 18 21 18 16 19 21 20 23 21 22 13 14 15 22 19 
Beneficio: 61
d 2 5 4 3 2 d 8 7 6 5 8 d 16 18 17 18 21 19 9 10 11 12 13 14 15 22 19 16 
Beneficio: 51
d 2 5 4 3 2 d 8 7 6 5 8 d 16 19 21 22 13 14 11 10 9 16 d 
Beneficio: 53
d 2 5 4 3 2 d 8 7 6 5 8 d 16 22 13 14 11 12 13 14 15 22 21 20 
Beneficio: 44
d 2 5 4 3 2 d 8 7 6 5 6 9 16 19 21 22 15 14 11 14 13 
Beneficio: 41
d 2 5 4 3 2 d 8 7 6 9 16 18 21 23 21 22 15 14 11 
Beneficio: 62
d 2 5 4 3 2 d 8 7 6 9 19 21 23 20 21 19 16 9 10 11 12 13 14 15 
Beneficio: 58
d 2 5 4 3 2 d 8 7 6 5 8 d 17 18 21 19 22 15 9 10 11 12 13 14 11 
Beneficio: 53
d 2 5 4 3 2 d 8 7 6 5 8 d 16 19 21 22 15 14 13 12 11 10 9 16 d 
Beneficio: 47
d 2 5 4 3 2 d 8 7 22 21 23 20 21 19 9 16 22 15 14 13 
Beneficio: 53
d 2 5 4 3 2 d 8 7 22 13 15 14 13 12 11 10 9 16 18 21 19 21 22 15 
Beneficio: 36
d 2 5 4 3 2 d 8 7 22 16 9 10 11 14 13 22 19 9 
Beneficio: 67
d 2 5 4 3 2 d 8 5 6 7 8 d 17 18 21 22 13 14 15 9 10 11 12 13 15 22 21 23 
Beneficio: 63
d 2 5 4 3 2 d 8 5 6 7 8 d 17 18 16 19 21 23 22 13 14 11 12 13 14 15 9 19 22 21 
Beneficio: 57
d 2 5 4 3 2 d 8 5 6 7 8 d 17 18 16 19 21 22 15 9 10 11 14 11 
Beneficio: 64
d 2 5 4 3 2 d 8 5 6 7 8 d 16 9 10 11 12 13 14 15 22 19 21 18 17 d 
Beneficio: 64
d 2 5 4 3 2 d 8 5 6 7 8 d 16 18 21 22 23 21 19 9 10 11 14 
Beneficio: 55
d 2 5 4 3 2 d 8 5 6 7 8 d 16 9 10 11 12 13 14 15 22 21 19 16 18 21 22 9 
Beneficio: 44
d 2 5 4 3 2 d 8 5 6 7 8 d 16 18 21 22 15 14 13 22 23 21 
Beneficio: 67
d 2 5 4 3 2 d 8 5 6 7 8 d 17 18 16 9 19 21 18 16 19 22 15 14 11 12 13 22 21 20 
Beneficio: 50
d 2 5 4 3 2 d 8 5 6 7 6 9 15 14 11 10 9 19 22 13 12 11 
Beneficio: 48
d 2 5 4 3 2 d 8 5 6 7 22 13 14 11 10 9 16 18 21 19 9 22 21 23 
Beneficio: 59
d 2 5 4 3 2 d 8 5 6 7 22 23 21 19 22 13 14 15 22 21 18 16 19 9 10 11 
Beneficio: 65
d 2 5 4 3 2 d 8 5 6 7 8 d 17 18 16 9 10 11 12 13 14 15 22 19 21 20 
Beneficio: 50
d 2 5 4 3 2 d 8 5 6 7 8 d 16 9 15 22 13 12 11 14 15 22 21 18 16 19 21 
Beneficio: 69
d 2 5 4 3 2 d 8 5 6 7 22 19 9 10 11 14 15 22 21 20 21 19 16 18 17 
Beneficio: 43
d 2 5 4 3 2 d 8 5 6 9 15 14 13 22 21 19 16 d 17 18 21 18 
Beneficio: 48
d 2 5 4 3 2 d 8 5 6 7 22 15 9 10 11 12 13 22 21 23 21 18 16 
Beneficio: 65
d 2 5 4 3 2 d 8 5 6 7 8 d 17 18 21 22 9 10 11 12 13 14 15 22 19 21 
Beneficio: 40
d 2 5 4 3 2 d 8 5 6 7 8 d 17 18 16 19 21 22 15 14 13 12 11 10 
Beneficio: 44
d 2 5 4 3 2 d 8 5 6 7 8 d 16 22 13 14 11 12 13 14 15 9 22 21 
Beneficio: 54
d 2 5 4 3 2 d 8 5 6 7 8 d 16 18 21 22 15 9 10 11 14 15 
Beneficio: 60
d 2 5 4 3 2 d 8 5 6 7 22 21 20 21 19 22 15 9 10 11 12 13 14 15 
Beneficio: 50
d 2 5 4 3 2 d 8 5 6 7 22 21 19 21 20 23 21 18 17 
Beneficio: 34
d 2 5 4 3 2 d 8 5 6 9 22 19 21 22 15 14 
Beneficio: 62
d 2 5 4 3 2 d 17 18 21 20 23 21 22 13 14 11 10 9 6 5 8 
Beneficio: 61
d 2 5 4 3 2 d 17 18 21 20 21 23 22 15 9 10 11 12 13 14 11 
Beneficio: 46
d 2 5 4 3 2 d 17 18 21 20 21 18 16 19 22 9 15 14 11 10 
Beneficio: 51
d 2 5 4 3 2 d 17 18 21 23 20 21 19 9 d 8 7 6 5 
Beneficio: 63
d 2 5 4 3 2 d 17 18 21 23 21 18 16 19 21 22 16 9 10 11 12 13 14 11 
Beneficio: 60
d 2 5 4 3 2 d 17 18 21 23 22 16 19 21 22 13 15 14 11 12 13 14 
Beneficio: 45
d 2 5 4 3 2 d 17 18 21 19 9 10 11 12 13 22 15 9 16 d 17 
Beneficio: 65
d 2 5 4 3 2 d 17 18 21 19 9 22 15 14 11 12 13 22 21 18 16 9 10 11 14 
Beneficio: 74
d 2 5 4 3 2 d 17 18 21 19 16 22 21 23 20 21 22 15 14 11 10 9 22 
Beneficio: 63
d 2 5 4 3 2 d 17 18 21 19 22 15 14 11 12 13 14 11 10 9 16 d 8 5 6 7 8 
Beneficio: 70
d 2 5 4 3 2 d 17 18 21 19 21 18 16 9 15 14 11 10 9 15 22 21 20 
Beneficio: 67
d 2 5 4 3 2 d 17 18 21 22 13 14 11 10 9 15 22 19 21 20 23 21 18 16 
Beneficio: 67
d 2 5 4 3 2 d 17 18 21 22 15 14 13 12 11 10 9 15 22 23 21 19 9 d 8 7 6 
Beneficio: 38
d 2 5 4 3 2 d 17 18 21 22 19 21 18 16 15 13 12 11 
Beneficio: 69
d 2 5 4 3 2 d 17 18 21 22 21 19 9 10 11 14 15 22 19 16 d 8 7 6 5 
Beneficio: 59
d 2 5 4 3 2 d 17 18 21 22 16 9 10 11 14 15 22 19 21 23 
Beneficio: 59
d 2 5 4 3 2 d 17 18 21 18 16 9 22 13 12 11 10 9 19 22 21 19 16 d 8 7 6 5 8 
Beneficio: 59
d 2 5 4 3 2 d 17 18 21 18 16 22 15 13 12 11 10 9 15 14 13 22 21 19 16 
Beneficio: 50
d 2 5 4 3 2 d 17 18 21 22 13 14 11 12 13 14 15 22 21 18 16 19 21 
Beneficio: 70
d 2 5 4 3 2 d 17 18 16 9 10 11 14 13 12 11 14 13 22 21 23 20 21 19 22 9 
Beneficio: 55
d 2 5 4 3 2 d 17 18 16 9 10 11 12 13 14 15 22 16 18 21 22 9 19 21 
Beneficio: 63
d 2 5 4 3 2 d 17 18 16 9 19 21 23 21 18 21 22 13 14 15 13 12 11 10 9 22 
Beneficio: 52
d 2 5 4 3 2 d 17 18 16 9 15 14 11 12 13 22 21 19 16 d 8 5 6 4 
Beneficio: 74
d 2 5 4 3 2 d 17 18 16 9 22 21 23 20 21 19 22 15 14 11 14 13 12 11 10 9 19 
Beneficio: 47
d 2 5 4 3 2 d 17 18 16 9 22 15 14 13 12 11 14 13 22 21 23 20 
Beneficio: 54
d 2 5 4 3 2 d 17 18 16 19 21 23 22 15 9 10 11 12 13 22 9 16 18 21 
Beneficio: 51
d 2 5 4 3 2 d 17 18 16 19 21 18 21 20 23 21 22 15 9 d 8 5 6 
Beneficio: 58
d 2 5 4 3 2 d 17 18 16 19 9 10 11 14 13 22 21 20 23 21 18 16 d 8 
Beneficio: 48
d 2 5 4 3 2 d 17 18 16 19 9 10 11 14 15 22 19 21 20 23 
Beneficio: 46
d 2 5 4 3 2 d 17 18 16 19 22 15 14 13 12 11 10 9 d 8 7 6 
Beneficio: 60
d 2 5 4 3 2 d 17 18 16 d 8 5 6 7 22 13 14 11 14 13 12 11 10 9 19 21 18 
Beneficio: 62
d 2 5 4 3 2 d 17 18 16 22 21 18 16 9 10 11 14 15 9 19 21 20 
Beneficio: 60
d 2 5 4 3 2 d 17 18 16 22 9 15 14 11 14 13 12 11 10 9 19 21 
Beneficio: 66
d 2 5 4 3 2 d 17 18 16 22 13 15 14 11 10 9 19 21 23 22 21 18 
Beneficio: 64
d 2 5 4 3 2 d 17 18 21 20 21 22 16 9 10 11 14 11 12 13 14 15 22 13 
Beneficio: 66
d 2 5 4 3 2 d 17 18 21 23 20 21 22 9 10 11 14 13 22 15 14 
Beneficio: 44
d 2 5 4 3 2 d 17 18 21 19 16 15 9 10 11 12 13 15 
Beneficio: 44
d 2 5 4 3 2 d 17 18 21 22 13 14 11 12 13 14 15 16 19 22 
Beneficio: 42
d 2 5 4 3 2 d 17 18 21 22 23 21 18 16 19 9 15 14 13 12 
Beneficio: 50
d 2 5 4 3 2 d 17 18 16 9 10 9 22 21 19 16 d 8 5 6 7 8 
Beneficio: 47
d 2 5 4 3 2 d 17 18 16 19 21 18 21 22 19 9 15 14 13 12 11 14 13 22 
Beneficio: 68
d 2 5 4 3 2 d 17 18 21 20 23 21 22 15 14 13 12 11 10 9 19 16 d 8 5 6 7 8 
Beneficio: 44
d 2 5 4 3 2 d 17 18 16 9 10 11 12 13 14 15 22 21 19 22 
Beneficio: 56
d 2 5 4 3 2 d 17 20 21 22 13 14 11 10 9 15 22 16 18 21 23 
Beneficio: 62
d 2 5 4 3 2 d 16 18 17 d 16 9 19 21 22 9 10 11 14 15 22 13 12 11 
Beneficio: 66
d 2 5 4 3 2 d 16 18 21 20 23 21 19 9 15 14 11 12 13 14 11 10 9 16 
Beneficio: 55
d 2 5 4 3 2 d 16 18 21 20 21 18 17 d 8 5 6 7 8 d 16 9 10 11 12 
Beneficio: 49
d 2 5 4 3 2 d 16 18 21 23 21 19 16 22 13 14 11 10 9 15 14 13 
Beneficio: 46
d 2 5 4 3 2 d 16 18 21 19 9 10 11 12 13 22 21 18 16 d 8 7 6 4 
Beneficio: 52
d 2 5 4 3 2 d 16 18 21 19 22 21 23 20 21 19 16 9 10 11 14 13 
Beneficio: 62
d 2 5 4 3 2 d 16 18 21 19 16 9 10 11 12 13 14 15 22 21 18 17 d 8 7 6 4 
Beneficio: 48
d 2 5 4 3 2 d 16 18 21 22 15 14 13 22 21 20 23 21 19 9 16 d 8 7 6 
Beneficio: 59
d 2 5 4 3 2 d 16 18 21 22 23 21 19 16 9 15 14 13 22 9 10 11 12 13 14 
Beneficio: 49
d 2 5 4 3 2 d 16 18 21 22 15 14 11 10 9 16 d 8 5 6 7 
Beneficio: 39
d 2 5 4 3 2 d 16 18 21 19 9 10 9 16 d 17 18 
Beneficio: 42
d 2 5 4 3 2 d 16 18 21 22 19 9 10 11 12 13 14 15 22 16 d 8 7 
Beneficio: 67
d 2 5 4 3 2 d 16 9 10 11 14 13 12 11 14 15 22 21 18 17 d 8 7 6 5 8 
Beneficio: 52
d 2 5 4 3 2 d 16 9 10 11 12 13 14 11 14 15 9 22 21 18 16 d 
Beneficio: 45
d 2 5 4 3 2 d 16 9 10 11 12 13 22 21 23 21 18 16 9 22 15 
Beneficio: 56
d 2 5 4 3 2 d 16 9 10 11 14 15 22 21 19 22 16 18 17 d 16 
Beneficio: 61
d 2 5 4 3 2 d 16 9 10 11 12 13 14 15 22 21 20 23 21 19 22 13 
Beneficio: 45
d 2 5 4 3 2 d 16 9 19 21 18 17 20 21 18 16 d 8 7 6 5 8 
Beneficio: 56
d 2 5 4 3 2 d 16 9 15 14 11 12 13 22 19 21 22 23 21 19 16 18 17 d 8 7 
Beneficio: 42
d 2 5 4 3 2 d 16 9 15 14 13 22 21 19 16 18 21 18 17 d 8 7 6 
Beneficio: 43
d 2 5 4 3 2 d 16 9 22 21 18 16 19 21 19 9 10 11 12 
Beneficio: 62
d 2 5 4 3 2 d 16 9 15 14 11 10 9 19 21 18 17 d 8 5 6 7 8 d 
Beneficio: 32
d 2 5 4 3 2 d 16 19 21 20 21 18 21 22 15 9 
Beneficio: 65
d 2 5 4 3 2 d 16 19 21 22 13 12 11 14 15 9 16 18 17 20 21 23 
Beneficio: 47
d 2 5 4 3 2 d 16 19 21 22 19 9 15 14 13 12 11 10 9 d 8 5 6 
Beneficio: 42
d 2 5 4 3 2 d 16 19 21 18 16 d 8 5 6 9 10 11 12 13 14 
Beneficio: 51
d 2 5 4 3 2 d 16 19 21 19 22 13 12 11 14 13 15 14 11 10 9 
Beneficio: 47
d 2 5 4 3 2 d 16 19 9 10 11 12 13 14 11 14 15 22 9 
Beneficio: 55
d 2 5 4 3 2 d 16 19 9 15 14 13 12 11 10 9 16 18 21 23 22 21 19 
Beneficio: 50
d 2 5 4 3 2 d 16 19 22 21 23 22 15 14 11 10 9 16 18 21 22 13 14 
Beneficio: 59
d 2 5 4 3 2 d 16 19 22 13 14 11 12 13 14 15 22 23 21 18 17 d 8 7 6 5 
Beneficio: 66
d 2 5 4 3 2 d 16 19 22 23 20 21 23 21 19 9 10 11 14 15 22 21 18 16 
Beneficio: 49
d 2 5 4 3 2 d 16 18 17 18 21 20 21 19 22 13 12 11 14 13 
Beneficio: 43
d 2 5 4 3 2 d 16 18 21 22 15 14 11 12 13 22 19 16 18 17 
Beneficio: 53
d 2 5 4 3 2 d 16 22 21 19 9 10 11 14 15 22 23 21 18 17 
Beneficio: 67
d 2 5 4 3 2 d 16 22 13 14 11 10 9 15 22 21 23 20 21 18 17 d 8 5 6 7 
Beneficio: 51
d 2 5 4 3 2 d 16 22 9 10 11 12 13 14 15 9 19 22 21 18 16 d 8 5 6 7 
Beneficio: 30
d 2 5 4 3 2 d 16 19 9 15 22 13 14 11 12 13 14 
Beneficio: 58
d 2 5 4 3 2 d 16 18 17 d 8 7 6 5 8 d 16 19 21 22 13 14 15 9 10 11 
Beneficio: 52
d 2 5 4 3 2 d 16 18 17 d 9 15 14 11 12 13 22 21 23 
Beneficio: 54
d 2 5 4 3 2 d 16 18 21 20 23 21 22 13 14 15 22 19 9 10 11 14 13 
Beneficio: 68
d 2 5 4 3 2 d 16 18 21 23 20 21 22 15 14 13 12 11 10 9 19 16 d 8 7 6 5 4 
Beneficio: 47
d 2 5 4 3 2 d 16 18 21 23 22 19 9 10 11 14 13 22 21 19 16 d 8 7 
Beneficio: 47
d 2 5 4 3 2 d 16 18 21 19 9 22 13 14 11 12 13 14 15 22 21 18 
Beneficio: 57
d 2 5 4 3 2 d 16 18 21 19 22 15 13 14 11 10 9 22 23 21 22 13 12 11 
Beneficio: 61
d 2 5 4 3 2 d 16 18 21 22 13 14 11 14 15 9 10 11 12 13 
Beneficio: 59
d 2 5 4 3 2 d 16 18 21 22 19 21 18 17 d 9 10 11 12 13 14 11 
Beneficio: 39
d 2 5 4 3 2 d 16 18 21 22 9 15 14 11 12 13 22 19 9 16 d 8 
Beneficio: 54
d 2 5 4 3 2 d 16 18 21 20 23 21 22 13 14 11 12 13 14 15 9 
Beneficio: 56
d 2 5 4 3 2 d 16 18 21 19 22 15 9 10 11 14 15 22 21 18 17 
Beneficio: 69
d 2 5 4 3 2 d 16 9 10 11 14 15 22 21 23 20 21 18 16 d 8 7 6 5 8 d 
Beneficio: 55
d 2 5 4 3 2 d 16 9 10 11 14 13 15 14 13 22 21 19 16 d 8 7 6 5 
Beneficio: 48
d 2 5 4 3 2 d 16 9 10 11 12 13 14 15 9 19 21 18 21 22 19 16 d 8 7 
Beneficio: 58
d 2 5 4 3 2 d 16 9 10 11 12 13 15 22 21 20 23 21 19 16 d 8 7 6 5 8 
Beneficio: 56
d 2 5 4 3 2 d 16 9 10 11 14 13 22 19 21 18 17 d 8 5 6 7 8 
Beneficio: 58
d 2 5 4 3 2 d 16 9 19 21 23 21 22 13 14 15 9 10 11 14 13 12 11 
Beneficio: 51
d 2 5 4 3 2 d 16 9 19 22 21 22 15 14 13 12 11 10 9 d 8 7 6 5 8 
Beneficio: 51
d 2 5 4 3 2 d 16 9 15 14 13 12 11 14 13 22 19 21 18 16 d 8 7 6 5 
Beneficio: 64
d 2 5 4 3 2 d 16 9 15 22 13 14 11 10 9 19 21 23 20 21 18 16 d 17 18 
Beneficio: 71
d 2 5 4 3 2 d 16 9 22 13 14 11 10 9 19 22 21 20 23 21 18 17 d 8 5 6 7 8 
Beneficio: 40
d 2 5 4 3 2 d 16 9 22 15 14 13 12 11 14 13 22 19 21 18 16 d 
Beneficio: 59
d 2 5 4 3 2 d 16 19 21 23 21 22 15 14 11 10 9 16 18 21 19 
Beneficio: 47
d 2 5 4 3 2 d 16 19 21 22 13 14 15 9 10 11 12 13 15 22 9 
Beneficio: 36
d 2 5 4 3 2 d 16 19 21 22 23 21 18 17 d 8 7 6 7 
Beneficio: 45
d 2 5 4 3 2 d 16 19 21 18 21 22 15 14 13 12 11 14 13 22 15 
Beneficio: 51
d 2 5 4 3 2 d 16 19 9 10 11 14 15 13 22 21 18 16 d 8 7 
Beneficio: 51
d 2 5 4 3 2 d 16 19 9 10 11 12 13 15 22 21 23 21 18 21 20 
Beneficio: 46
d 2 5 4 3 2 d 16 19 9 22 21 19 22 13 14 15 22 21 18 16 9 10 11 12 
Beneficio: 48
d 2 5 4 3 2 d 16 19 22 21 18 21 19 9 16 22 13 14 11 10 9 15 
Beneficio: 43
d 2 5 4 3 2 d 16 19 22 15 14 13 12 11 10 9 15 13 22 21 20 
Beneficio: 55
d 2 5 4 3 2 d 16 19 21 22 13 14 15 13 14 11 10 9 16 18 17 d 8 5 6 
Beneficio: 54
d 2 5 4 3 2 d 16 18 21 23 22 13 14 11 10 9 16 d 17 18 21 22 
Beneficio: 58
d 2 5 4 3 2 d 16 18 21 20 23 21 22 13 12 11 10 9 16 d 8 7 6 5 8 
Beneficio: 52
d 2 5 4 3 2 d 16 22 21 23 20 21 19 9 10 11 14 13 
Beneficio: 49
d 2 5 4 3 2 d 16 22 15 14 13 12 11 10 9 19 21 18 17 d 8 5 6 
Beneficio: 63
d 2 5 4 3 2 d 16 9 10 11 14 15 13 22 21 18 21 19 16 18 17 d 8 5 6 
Beneficio: 52
d 2 5 4 3 2 d 16 22 13 14 15 22 21 18 17 d 16 18 21 19 9 10 11 
Beneficio: 45
d 2 5 4 3 2 d 8 7 6 5 8 d 16 19 9 10 11 14 13 12 
Beneficio: 47
d 2 5 4 3 2 d 8 5 6 7 22 15 9 10 11 12 13 22 21 19 16 18 
Beneficio: 42
d 2 5 4 3 2 d 9 10 11 14 13 22 21 18 21 22 19 16 d 8 
Beneficio: 73
d 2 5 4 3 2 d 9 10 11 12 13 14 15 9 19 21 20 23 21 18 17 d 8 7 6 4 
Beneficio: 52
d 2 5 4 3 2 d 9 10 11 12 13 14 15 22 21 18 17 d 8 7 6 4 
Beneficio: 49
d 2 5 4 3 2 d 9 10 11 12 13 22 19 21 18 16 9 15 14 11 14 13 
Beneficio: 46
d 2 5 4 3 2 d 9 16 18 21 20 23 21 19 9 15 13 12 11 14 13 
Beneficio: 41
d 2 5 4 3 2 d 9 16 22 15 14 13 12 11 14 13 22 21 19 16 d 8 5 
Beneficio: 40
d 2 5 4 3 2 d 9 19 21 18 16 22 13 12 11 14 15 22 9 16 d 8 5 
Beneficio: 57
d 2 5 4 3 2 d 9 19 22 15 14 11 10 9 22 21 18 17 d 8 7 
Beneficio: 42
d 2 5 4 3 2 d 9 15 14 13 22 21 19 16 18 21 18 17 d 8 7 6 
Beneficio: 48
d 2 5 4 3 2 d 9 22 21 23 21 18 16 9 10 11 14 13 22 21 
Beneficio: 47
d 2 5 4 3 2 d 9 22 15 14 13 12 11 14 13 22 21 18 16 19 21 
Beneficio: 42
d 2 5 4 3 2 d 17 18 21 23 20 21 22 19 9 16 d 8 5 
Beneficio: 55
d 2 5 4 3 2 d 17 18 21 19 22 21 18 16 9 15 14 13 12 11 10 9 22 15 
Beneficio: 52
d 2 5 4 3 2 d 17 18 21 22 9 10 11 12 13 14 15 22 19 16 d 8 
Beneficio: 68
d 2 5 4 3 2 d 17 18 16 9 10 11 12 13 14 15 22 21 23 20 21 19 16 d 8 5 6 
Beneficio: 73
d 2 5 4 3 2 d 17 18 16 19 21 23 20 21 22 13 14 15 9 10 11 14 13 12 
Beneficio: 38
d 2 5 4 3 2 d 17 18 16 22 13 14 11 14 15 22 21 19 
Beneficio: 48
d 2 5 4 3 2 d 17 18 21 22 9 15 14 13 12 11 10 9 16 
Beneficio: 33
d 2 5 4 3 2 d 15 14 11 12 13 15 9 19 16 d 8 5 
Beneficio: 59
d 2 5 4 3 2 d 15 14 13 12 11 10 9 15 22 16 19 21 18 17 d 8 5 6 7 
Beneficio: 39
d 2 5 4 3 2 d 15 14 13 22 21 19 22 15 13 12 11 14 13 
Beneficio: 54
d 2 5 4 3 2 d 15 22 13 14 11 10 9 19 22 21 20 23 21 18 16 d 8 5 
Beneficio: 40
d 2 5 4 3 2 d 15 9 10 11 12 13 22 15 16 19 21 18 16 
Beneficio: 51
d 2 5 4 3 2 d 15 13 22 21 19 9 15 14 13 12 11 10 9 16 18 21 18 
Beneficio: 53
d 2 5 4 3 2 d 9 16 18 21 22 13 14 15 22 16 19 9 10 11 14 13 12 11 
Beneficio: 49
d 2 5 4 3 2 d 22 21 19 9 10 11 12 13 22 16 18 21 23 
Beneficio: 43
d 2 5 4 3 2 d 22 15 9 16 18 21 22 13 14 11 10 9 d 8 7 
Beneficio: 63
d 2 5 4 3 2 d 22 13 12 11 14 15 22 21 20 23 21 19 16 d 8 5 6 7 8 5 
Beneficio: 48
d 2 5 4 3 2 d 22 9 10 9 19 21 22 15 14 11 
Beneficio: 63
d 2 5 4 3 2 5 6 7 8 d 17 18 21 20 23 22 19 16 9 10 11 12 13 14 15 22 
Beneficio: 65
d 2 5 4 3 2 5 6 7 8 d 17 18 21 20 23 21 18 16 19 9 15 14 11 12 13 22 
Beneficio: 71
d 2 5 4 3 2 5 6 7 8 d 17 18 21 23 21 18 16 19 9 10 11 12 13 14 15 13 14 11 10 
Beneficio: 69
d 2 5 4 3 2 5 6 7 8 d 17 18 21 19 9 10 11 12 13 14 15 9 22 21 23 
Beneficio: 60
d 2 5 4 3 2 5 6 7 8 d 17 18 21 19 16 9 15 22 13 12 11 10 9 19 21 23 
Beneficio: 69
d 2 5 4 3 2 5 6 7 8 d 17 18 21 19 21 23 22 21 18 16 19 9 15 14 13 12 11 14 
Beneficio: 64
d 2 5 4 3 2 5 6 7 8 d 17 18 21 22 13 12 11 14 15 13 14 11 10 9 19 16 18 
Beneficio: 75
d 2 5 4 3 2 5 6 7 8 d 17 18 21 22 9 15 14 11 12 13 22 19 21 18 16 9 10 11 
Beneficio: 70
d 2 5 4 3 2 5 6 7 8 d 17 18 21 18 16 9 10 11 14 15 22 23 20 21 22 9 
Beneficio: 74
d 2 5 4 3 2 5 6 7 8 d 17 18 21 18 16 9 10 11 12 13 14 15 9 19 22 21 20 23 21 
Beneficio: 75
d 2 5 4 3 2 5 6 7 8 d 17 18 16 9 10 11 14 13 22 23 20 21 23 21 18 16 19 21 22 
Beneficio: 65
d 2 5 4 3 2 5 6 7 8 d 17 18 16 9 19 21 20 23 21 18 21 22 15 14 11 14 13 12 
Beneficio: 63
d 2 5 4 3 2 5 6 7 8 d 17 18 16 9 15 14 13 12 11 10 9 19 22 21 19 16 
Beneficio: 49
d 2 5 4 3 2 5 6 7 8 d 17 18 16 9 10 11 12 13 14 15 9 22 19 21 18 
Beneficio: 69
d 2 5 4 3 2 5 6 7 8 d 17 18 16 19 21 22 15 9 10 11 14 11 12 13 14 15 13 22 9 16 
Beneficio: 52
d 2 5 4 3 2 5 6 7 8 d 17 18 16 19 9 10 11 12 13 14 15 22 23 
Beneficio: 72
d 2 5 4 3 2 5 6 7 8 d 17 18 16 19 22 13 14 11 12 13 14 15 22 21 19 21 18 16 9 10 11 
Beneficio: 65
d 2 5 4 3 2 5 6 7 8 d 17 18 16 22 21 19 9 22 13 14 11 10 9 16 
Beneficio: 76
d 2 5 4 3 2 5 6 7 8 d 17 18 16 9 10 11 12 13 14 15 22 21 20 23 21 18 16 19 
Beneficio: 62
d 2 5 4 3 2 5 6 7 8 d 17 18 21 20 23 21 18 16 19 22 15 14 13 12 11 14 
Beneficio: 67
d 2 5 4 3 2 5 6 7 8 d 17 18 21 23 22 21 18 16 19 9 10 11 12 13 14 11 10 
Beneficio: 66
d 2 5 4 3 2 5 6 7 8 d 17 18 21 22 13 12 11 14 15 22 19 9 16 18 21 23 20 21 
Beneficio: 41
d 2 5 4 3 2 5 6 7 8 d 17 18 21 19 22 15 13 12 11 14 13 22 9 19 
Beneficio: 70
d 2 5 4 3 2 5 6 7 8 d 17 18 16 19 21 22 15 14 11 14 13 12 11 10 9 16 19 
Beneficio: 56
d 2 5 4 3 2 5 6 7 8 d 17 18 21 23 20 21 19 16 9 10 11 14 13 
Beneficio: 50
d 2 5 4 3 2 5 6 7 8 d 17 18 16 19 9 10 11 14 13 22 23 21 
Beneficio: 54
d 2 5 4 3 2 5 6 7 8 d 16 18 17 18 21 22 13 12 11 14 15 9 19 21 20 
Beneficio: 65
d 2 5 4 3 2 5 6 7 8 d 16 18 21 23 20 21 19 22 13 14 11 10 9 15 13 
Beneficio: 66
d 2 5 4 3 2 5 6 7 8 d 16 18 21 19 9 15 13 14 11 12 13 14 15 22 21 18 16 9 10 11 
Beneficio: 65
d 2 5 4 3 2 5 6 7 8 d 16 18 21 22 13 14 15 22 9 10 11 14 13 12 11 10 
Beneficio: 55
d 2 5 4 3 2 5 6 7 8 d 16 18 21 19 22 13 14 11 10 9 16 18 17 
Beneficio: 47
d 2 5 4 3 2 5 6 7 8 d 16 18 21 19 22 23 21 22 13 12 11 
Beneficio: 71
d 2 5 4 3 2 5 6 7 8 d 16 9 10 11 14 11 12 13 14 15 22 9 19 21 23 22 21 18 
Beneficio: 69
d 2 5 4 3 2 5 6 7 8 d 16 9 10 11 12 13 14 15 22 19 16 18 17 18 21 23 20 21 
Beneficio: 53
d 2 5 4 3 2 5 6 7 8 d 16 9 19 22 23 20 21 22 13 14 15 9 10 11 
Beneficio: 67
d 2 5 4 3 2 5 6 7 8 d 16 9 22 21 23 22 15 9 10 11 14 13 22 19 21 20 
Beneficio: 75
d 2 5 4 3 2 5 6 7 8 d 16 19 21 20 23 22 15 14 11 10 9 16 18 21 22 13 12 11 
Beneficio: 71
d 2 5 4 3 2 5 6 7 8 d 16 19 21 22 19 9 10 11 14 13 12 11 14 15 22 9 16 18 21 23 
Beneficio: 60
d 2 5 4 3 2 5 6 7 8 d 16 19 21 19 9 10 11 12 13 14 11 14 13 22 21 18 16 9 
Beneficio: 65
d 2 5 4 3 2 5 6 7 8 d 16 19 9 15 13 14 11 12 13 22 21 20 23 21 18 16 9 10 
Beneficio: 40
d 2 5 4 3 2 5 6 7 8 d 16 19 22 15 14 11 12 13 15 9 16 18 17 
Beneficio: 62
d 2 5 4 3 2 5 6 7 8 d 16 18 17 18 21 22 15 14 13 12 11 10 9 16 19 21 
Beneficio: 43
d 2 5 4 3 2 5 6 7 8 d 16 18 21 22 15 14 13 12 11 14 13 15 
Beneficio: 49
d 2 5 4 3 2 5 6 7 8 d 16 22 15 14 13 22 21 18 21 23 20 21 19 16 9 
Beneficio: 53
d 2 5 4 3 2 5 6 7 8 d 16 19 22 9 10 11 14 13 22 21 19 9 16 18 
Beneficio: 62
d 2 5 4 3 2 5 6 7 8 d 16 18 21 20 23 21 19 9 15 22 13 12 11 10 9 16 19 22 23 
Beneficio: 63
d 2 5 4 3 2 5 6 7 8 d 16 18 21 23 21 19 21 22 13 14 15 13 12 11 10 9 
Beneficio: 48
d 2 5 4 3 2 5 6 7 8 d 16 18 21 19 16 22 13 12 11 10 9 22 19 21 18 
Beneficio: 60
d 2 5 4 3 2 5 6 7 8 d 16 18 21 22 15 9 10 11 12 13 22 16 9 19 21 20 
Beneficio: 62
d 2 5 4 3 2 5 6 7 8 d 16 18 21 20 23 21 19 16 22 15 14 13 12 11 10 9 
Beneficio: 44
d 2 5 4 3 2 5 6 7 8 d 16 18 21 22 15 13 12 11 10 9 22 13 14 11 
Beneficio: 73
d 2 5 4 3 2 5 6 7 8 d 16 9 10 11 12 13 14 15 22 21 18 21 23 20 21 19 9 10 
Beneficio: 60
d 2 5 4 3 2 5 6 7 8 d 16 9 19 21 20 21 22 15 14 11 12 13 22 19 16 18 21 18 
Beneficio: 51
d 2 5 4 3 2 5 6 7 8 d 16 9 15 14 11 14 13 22 23 21 18 16 19 21 
Beneficio: 64
d 2 5 4 3 2 5 6 7 8 d 16 9 22 13 14 15 22 21 19 9 10 11 12 13 14 11 
Beneficio: 57
d 2 5 4 3 2 5 6 7 8 d 16 19 21 23 20 21 22 15 14 13 12 11 10 9 19 
Beneficio: 71
d 2 5 4 3 2 5 6 7 8 d 16 19 21 22 9 10 11 14 11 12 13 14 15 22 23 21 18 16 
Beneficio: 55
d 2 5 4 3 2 5 6 7 8 d 16 19 9 10 11 14 13 22 21 19 22 23 
Beneficio: 74
d 2 5 4 3 2 5 6 7 8 d 16 19 9 22 21 20 23 21 18 16 9 10 11 14 11 12 13 14 15 
Beneficio: 69
d 2 5 4 3 2 5 6 7 8 d 16 19 22 9 10 11 14 15 9 16 18 21 20 23 21 22 13 
Beneficio: 44
d 2 5 4 3 2 5 6 7 8 d 16 18 21 23 22 13 12 11 10 9 
Beneficio: 52
d 2 5 4 3 2 5 6 7 8 d 16 22 21 19 9 15 14 11 12 13 22 19 16 18 21 18 
Beneficio: 54
d 2 5 4 3 2 5 6 7 8 d 16 22 19 9 10 11 14 15 22 21 18 16 9 15 
Beneficio: 63
d 2 5 4 3 2 5 6 7 8 d 16 22 15 14 11 12 13 22 21 20 23 21 19 9 16 18 
Beneficio: 60
d 2 5 4 3 2 5 6 7 8 d 9 10 11 12 13 14 15 16 19 21 18 21 22 
Beneficio: 57
d 2 5 4 3 2 5 6 7 8 d 9 16 18 21 20 21 22 19 9 10 11 14 11 10 
Beneficio: 60
d 2 5 4 3 2 5 6 7 8 d 9 16 18 21 22 15 14 13 12 11 10 9 22 13 14 11 12 
Beneficio: 56
d 2 5 4 3 2 5 6 7 8 d 9 19 16 18 21 22 13 12 11 14 15 9 16 18 17 
Beneficio: 50
d 2 5 4 3 2 5 6 7 8 d 9 15 14 13 12 11 10 9 19 16 18 21 22 13 
Beneficio: 40
d 2 5 4 3 2 5 6 7 8 d 9 22 16 18 21 19 22 15 14 13 22 21 18 
Beneficio: 51
d 2 5 4 3 2 5 6 7 8 d 17 18 21 23 22 16 19 21 22 13 12 11 
Beneficio: 65
d 2 5 4 3 2 5 6 7 8 d 17 18 21 22 9 10 11 12 13 14 15 13 22 19 21 18 16 9 19 
Beneficio: 71
d 2 5 4 3 2 5 6 7 8 d 17 18 16 9 19 22 13 12 11 14 15 22 21 18 21 23 20 21 19 
Beneficio: 78
d 2 5 4 3 2 5 6 7 8 d 17 18 16 19 22 23 21 18 21 22 13 14 11 10 9 19 21 20 
Beneficio: 59
d 2 5 4 3 2 5 6 7 8 d 17 18 21 19 9 10 11 14 13 22 23 21 22 19 16 
Beneficio: 65
d 2 5 4 3 2 5 6 7 8 d 15 14 13 12 11 14 11 10 9 22 21 20 21 18 16 
Beneficio: 51
d 2 5 4 3 2 5 6 7 8 d 15 22 21 22 13 14 11 10 9 16 18 21 
Beneficio: 63
d 2 5 4 3 2 5 6 7 8 d 15 9 19 21 22 9 10 11 14 15 22 13 14 11 12 13 
Beneficio: 59
d 2 5 4 3 2 5 6 7 8 d 9 16 18 21 19 21 22 15 9 10 11 12 13 14 15 
Beneficio: 52
d 2 5 4 3 2 5 6 7 8 d 22 13 12 11 10 9 19 21 18 16 22 21 23 
Beneficio: 60
d 2 5 4 3 2 5 6 7 8 d 22 21 18 16 9 15 14 11 10 9 19 21 19 16 
Beneficio: 47
d 2 5 4 3 2 5 6 7 8 5 6 9 16 19 21 23 22 21 20 
Beneficio: 48
d 2 5 4 3 2 5 6 7 8 d 17 18 21 22 13 14 11 12 13 15 22 23 
Beneficio: 64
d 2 5 4 3 2 5 6 7 8 d 17 18 16 19 21 23 20 21 18 16 9 22 13 12 11 14 13 
Beneficio: 54
d 2 5 4 3 2 5 6 7 8 d 17 18 16 19 21 20 23 21 22 13 14 11 10 
Beneficio: 68
d 2 5 4 3 2 5 6 7 8 d 16 9 10 11 12 13 14 11 14 15 22 21 20 
Beneficio: 63
d 2 5 4 3 2 5 6 7 8 d 16 18 21 22 15 14 13 12 11 10 9 19 21 23 
Beneficio: 57
d 2 5 4 3 2 5 6 7 8 d 16 9 10 11 14 11 12 13 22 21 18 16 19 21 18 
Beneficio: 62
d 2 5 4 3 2 5 6 7 8 d 16 18 21 22 15 14 11 14 13 12 11 10 9 19 
Beneficio: 61
d 2 5 4 3 2 5 6 7 8 d 17 18 16 9 19 21 18 21 22 13 14 15 9 10 11 12 
Beneficio: 83
d 2 5 4 3 2 5 6 7 6 5 8 d 17 18 21 19 21 20 23 21 22 13 14 15 9 10 11 12 13 14 11 
Beneficio: 61
d 2 5 4 3 2 5 6 7 6 5 8 d 17 18 21 19 22 21 23 22 15 9 10 11 12 13 
Beneficio: 55
d 2 5 4 3 2 5 6 7 6 5 8 d 16 19 22 21 19 9 10 11 12 13 22 23 21 18 16 
Beneficio: 66
d 2 5 4 3 2 5 6 7 6 5 8 d 16 19 22 15 14 13 12 11 10 9 19 21 23 22 21 18 17 
Beneficio: 41
d 2 5 4 3 2 5 6 7 6 5 8 d 16 18 21 19 22 15 14 11 14 13 
Beneficio: 51
d 2 5 4 3 2 5 6 7 6 5 8 d 16 18 21 19 22 15 13 14 11 12 13 22 21 23 
Beneficio: 50
d 2 5 4 3 2 5 6 7 6 5 8 d 9 19 22 21 19 21 18 16 9 10 11 12 13 22 
Beneficio: 65
d 2 5 4 3 2 5 6 7 8 d 17 18 21 19 9 10 11 14 15 13 22 21 18 16 9 
Beneficio: 72
d 2 5 4 3 2 5 6 7 8 d 17 18 16 22 15 14 13 12 11 14 11 10 9 19 21 20 
Beneficio: 55
d 2 5 4 3 2 5 6 7 8 d 16 19 21 22 15 13 12 11 14 15 9 16 18 21 20 
Beneficio: 50
d 2 5 4 3 2 5 6 7 8 d 16 19 21 18 16 9 22 15 14 13 12 11 10 9 15 
Beneficio: 58
d 2 5 4 3 2 5 6 7 8 d 17 18 21 22 15 14 13 12 11 10 9 16 19 22 
Beneficio: 72
d 2 5 4 3 2 5 6 7 22 13 12 11 10 9 16 18 21 23 22 21 19 9 15 14 11 
Beneficio: 63
d 2 5 4 3 2 5 6 7 22 19 21 22 13 12 11 14 11 10 9 19 16 18 21 23 20 
Beneficio: 74
d 2 5 4 3 2 5 6 7 8 d 17 18 21 20 23 21 19 9 10 11 12 13 15 14 11 
Beneficio: 71
d 2 5 4 3 2 5 6 7 8 d 17 18 21 23 20 21 18 16 9 10 11 14 13 22 15 14 
Beneficio: 65
d 2 5 4 3 2 5 6 7 8 d 17 18 21 19 22 13 15 14 11 10 9 19 16 18 21 22 15 
Beneficio: 65
d 2 5 4 3 2 5 6 7 8 d 17 18 21 18 16 9 10 11 12 13 14 15 13 22 23 21 19 
Beneficio: 61
d 2 5 4 3 2 5 6 7 8 d 17 18 16 9 10 11 14 15 22 21 19 22 23 
Beneficio: 68
d 2 5 4 3 2 5 6 7 8 d 17 18 16 19 21 23 20 21 22 19 9 15 14 13 12 11 14 13 22 23 
Beneficio: 48
d 2 5 4 3 2 5 6 7 8 d 17 18 16 19 22 15 13 12 11 14 13 22 21 19 9 15 
Beneficio: 64
d 2 5 4 3 2 5 6 7 8 d 17 18 21 23 20 21 19 9 22 15 13 12 11 10 9 16 
Beneficio: 66
d 2 5 4 3 2 5 6 7 8 d 17 18 16 9 10 11 14 15 22 19 21 23 
Beneficio: 53
d 2 5 4 3 2 5 6 7 8 d 16 18 17 18 21 20 21 19 16 9 15 14 13 22 21 
Beneficio: 41
d 2 5 4 3 2 5 6 7 8 d 16 18 21 19 21 22 9 15 14 13 12 11 10 
Beneficio: 56
d 2 5 4 3 2 5 6 7 8 d 16 9 10 11 14 15 22 19 21 22 13 14 11 12 
Beneficio: 64
d 2 5 4 3 2 5 6 7 8 d 16 9 15 14 13 12 11 10 9 19 21 20 23 22 21 18 
Beneficio: 40
d 2 5 4 3 2 5 6 7 8 d 16 19 21 18 16 22 13 14 15 22 23 21 
Beneficio: 54
d 2 5 4 3 2 5 6 7 8 d 16 19 21 22 13 12 11 14 15 22 9 10 11 12 
Beneficio: 57
d 2 5 4 3 2 5 6 7 8 d 16 19 22 15 14 13 22 21 18 16 9 10 11 12 13 14 11 
Beneficio: 56
d 2 5 4 3 2 5 6 7 8 d 16 18 21 19 22 21 20 23 21 22 15 14 13 12 
Beneficio: 49
d 2 5 4 3 2 5 6 7 8 d 16 18 21 22 13 14 15 22 19 21 23 20 21 18 
Beneficio: 53
d 2 5 4 3 2 5 6 7 8 d 16 9 19 21 20 23 21 22 15 14 11 
Beneficio: 47
d 2 5 4 3 2 5 6 7 8 d 16 19 21 22 9 15 14 11 12 13 22 19 9 16 
Beneficio: 55
d 2 5 4 3 2 5 6 7 8 d 16 19 22 15 14 13 12 11 10 9 16 18 21 22 15 9 19 21 
Beneficio: 48
d 2 5 4 3 2 5 6 7 8 d 16 22 23 21 19 16 18 21 22 13 12 11 14 13 
Beneficio: 54
d 2 5 4 3 2 5 6 7 8 d 9 16 18 21 20 23 21 22 19 9 10 11 
Beneficio: 61
d 2 5 4 3 2 5 6 7 8 d 9 22 15 14 11 10 9 19 22 23 21 20 
Beneficio: 65
d 2 5 4 3 2 5 6 7 8 d 17 18 16 9 19 22 13 12 11 10 9 15 22 21 18 16 19 21 20 
Beneficio: 44
d 2 5 4 3 2 5 6 7 8 d 15 14 13 12 11 10 9 16 18 21 
Beneficio: 61
d 2 5 4 3 2 5 6 7 8 d 22 13 14 15 9 16 18 21 23 20 21 19 9 10 
Beneficio: 52
d 2 5 4 3 2 5 6 7 8 d 17 18 16 9 22 15 14 13 12 11 10 9 19 
Beneficio: 35
d 2 5 4 3 2 5 6 7 8 d 16 18 21 22 9 16 19 21 18 
Beneficio: 65
d 2 5 4 3 2 5 6 7 8 d 17 18 16 19 21 22 15 14 13 15 9 10 11 12 13 14 11 
Beneficio: 25
d 2 5 4 3 2 5 6 7 22 21 18 17 d 
Beneficio: 48
d 2 5 4 3 2 5 6 5 8 7 22 19 21 22 13 14 11 12 13 14 15 9 19 16 18 
Beneficio: 51
d 2 5 4 3 2 5 6 5 8 d 17 18 21 19 16 18 21 22 15 13 12 11 14 13 22 19 
Beneficio: 59
d 2 5 4 3 2 5 6 5 8 d 17 18 21 18 16 9 19 21 22 9 15 14 13 12 11 14 
Beneficio: 60
d 2 5 4 3 2 5 6 5 8 d 17 18 16 9 22 15 14 11 12 13 22 21 20 21 19 9 
Beneficio: 42
d 2 5 4 3 2 5 6 5 8 d 17 18 16 22 9 19 21 23 22 13 14 15 22 
Beneficio: 56
d 2 5 4 3 2 5 6 5 8 d 17 18 16 19 22 21 19 9 10 11 12 13 14 15 
Beneficio: 70
d 2 5 4 3 2 5 6 5 8 d 16 18 21 22 15 14 11 14 13 12 11 10 9 22 19 21 23 
Beneficio: 57
d 2 5 4 3 2 5 6 5 8 d 16 9 15 14 11 10 9 22 21 19 21 18 16 
Beneficio: 47
d 2 5 4 3 2 5 6 5 8 d 16 19 22 13 12 11 14 15 22 23 21 18 16 9 19 21 
Beneficio: 66
d 2 5 4 3 2 5 6 5 8 d 16 18 21 23 21 22 15 14 11 12 13 14 11 10 9 
Beneficio: 56
d 2 5 4 3 2 5 6 5 8 d 16 9 10 11 12 13 14 11 14 15 22 16 18 21 22 
Beneficio: 42
d 2 5 4 3 2 5 6 5 8 d 16 19 21 18 16 9 22 15 14 13 22 23 21 22 19 
Beneficio: 56
d 2 5 4 3 2 5 6 5 8 d 16 22 9 10 11 14 15 9 16 19 21 20 
Beneficio: 34
d 2 5 4 3 2 5 6 5 8 d 9 15 22 13 12 11 10 9 19 
Beneficio: 55
d 2 5 4 3 2 5 6 5 8 d 15 14 11 10 9 16 18 21 19 22 13 14 11 12 
Beneficio: 64
d 2 5 4 3 2 5 6 5 8 d 17 18 21 22 19 9 10 11 14 15 22 21 19 16 18 
Beneficio: 47
d 2 5 4 3 2 5 6 5 8 7 6 9 10 11 12 13 14 15 22 13 
Beneficio: 67
d 2 5 4 3 2 5 6 5 8 d 17 18 21 22 13 14 11 12 13 14 15 22 21 19 9 10 
Beneficio: 53
d 2 5 4 3 2 5 6 5 8 d 17 18 16 19 21 23 22 13 12 11 10 9 15 22 
Beneficio: 43
d 2 5 4 3 2 5 6 5 8 d 17 18 16 19 22 15 14 11 12 13 22 19 
Beneficio: 43
d 2 5 4 3 2 5 6 5 8 d 16 9 19 21 23 22 15 14 13 22 21 20 
Beneficio: 62
d 2 5 4 3 2 5 6 5 8 d 16 18 17 18 21 19 16 9 10 11 14 13 22 15 14 
Beneficio: 50
d 2 5 4 3 2 5 6 5 8 d 16 9 22 21 19 9 10 11 14 13 22 19 16 18 21 
Beneficio: 62
d 2 5 4 3 2 5 6 5 8 d 9 16 18 21 20 21 19 22 15 14 13 12 11 14 13 22 21 23 
Beneficio: 60
d 2 5 4 3 2 5 6 5 8 d 15 13 14 11 10 9 19 21 22 15 14 13 12 11 
Beneficio: 48
d 2 5 4 3 2 5 6 9 10 11 12 13 22 21 18 16 19 9 15 22 
Beneficio: 31
d 2 5 4 3 2 5 6 9 15 22 13 12 11 14 13 
Beneficio: 67
d 2 5 4 3 2 5 8 7 6 5 8 d 17 18 21 20 23 22 13 14 15 22 21 19 9 10 11 12 
Beneficio: 80
d 2 5 4 3 2 5 8 7 6 5 8 d 17 18 21 23 21 19 22 15 14 13 22 21 18 16 19 9 10 11 12 13 14 11 
Beneficio: 68
d 2 5 4 3 2 5 8 7 6 5 8 d 17 18 21 19 9 15 14 11 12 13 22 21 20 23 22 9 16 
Beneficio: 68
d 2 5 4 3 2 5 8 7 6 5 8 d 17 18 21 19 21 20 23 21 22 19 16 9 10 
Beneficio: 59
d 2 5 4 3 2 5 8 7 6 5 8 d 17 18 21 22 15 9 10 11 14 13 22 9 19 16 
Beneficio: 66
d 2 5 4 3 2 5 8 7 6 5 8 d 17 18 21 18 16 9 19 21 22 13 14 11 14 13 12 11 10 9 15 22 
Beneficio: 58
d 2 5 4 3 2 5 8 7 6 5 8 d 17 18 21 23 20 21 18 16 22 13 12 11 14 15 9 
Beneficio: 78
d 2 5 4 3 2 5 8 7 6 5 8 d 17 18 16 9 19 21 18 21 22 15 14 11 12 13 14 11 10 9 22 23 21 
Beneficio: 61
d 2 5 4 3 2 5 8 7 6 5 8 d 17 18 16 9 22 21 18 21 19 9 10 11 14 13 15 22 
Beneficio: 43
d 2 5 4 3 2 5 8 7 6 5 8 d 17 18 16 19 21 19 22 9 10 11 14 
Beneficio: 70
d 2 5 4 3 2 5 8 7 6 5 8 d 17 18 16 19 22 23 21 22 15 14 13 12 11 10 9 19 21 18 
Beneficio: 57
d 2 5 4 3 2 5 8 7 6 5 8 d 17 18 16 9 19 21 22 15 14 13 12 11 
Beneficio: 69
d 2 5 4 3 2 5 8 7 6 5 8 d 17 18 21 23 22 15 14 11 10 9 16 18 21 19 22 13 12 
Beneficio: 48
d 2 5 4 3 2 5 8 7 6 5 8 d 17 18 21 22 19 9 15 14 13 12 
Beneficio: 68
d 2 5 4 3 2 5 8 7 6 5 8 d 17 18 16 19 9 10 11 14 15 22 21 20 23 
Beneficio: 52
d 2 5 4 3 2 5 8 7 6 5 8 d 17 18 16 22 21 19 9 15 22 13 14 11 10 9 
Beneficio: 74
d 2 5 4 3 2 5 8 7 6 5 8 d 16 18 21 23 20 21 19 9 15 14 13 12 11 14 13 22 9 10 
Beneficio: 32
d 2 5 4 3 2 5 8 7 6 5 8 d 16 18 21 19 22 13 15 
Beneficio: 60
d 2 5 4 3 2 5 8 7 6 5 8 d 16 18 21 20 23 21 22 15 9 10 11 14 13 22 19 16 18 
Beneficio: 60
d 2 5 4 3 2 5 8 7 6 5 8 d 16 9 10 11 14 13 22 21 19 9 22 15 14 13 12 11 
Beneficio: 45
d 2 5 4 3 2 5 8 7 6 5 8 d 16 9 19 21 18 16 19 22 21 23 22 13 14 11 12 13 14 
Beneficio: 40
d 2 5 4 3 2 5 8 7 6 5 8 d 16 9 22 15 14 11 14 13 22 21 19 16 
Beneficio: 62
d 2 5 4 3 2 5 8 7 6 5 8 d 16 19 21 22 9 10 11 14 15 22 19 21 23 
Beneficio: 74
d 2 5 4 3 2 5 8 7 6 5 8 d 16 19 9 10 9 16 18 21 23 20 21 19 22 15 14 11 12 13 
Beneficio: 60
d 2 5 4 3 2 5 8 7 6 5 8 d 16 19 21 20 17 18 16 9 10 11 12 13 14 15 
Beneficio: 47
d 2 5 4 3 2 5 8 7 6 5 8 d 16 22 21 19 22 13 12 11 10 9 19 16 18 
Beneficio: 68
d 2 5 4 3 2 5 8 7 6 5 8 d 16 22 13 12 11 14 15 22 21 19 16 18 17 18 21 20 
Beneficio: 79
d 2 5 4 3 2 5 8 7 6 5 8 d 16 18 21 23 21 19 16 9 10 11 12 13 15 14 11 14 13 22 21 20 
Beneficio: 54
d 2 5 4 3 2 5 8 7 6 5 8 d 16 18 21 19 16 22 15 14 13 22 9 10 11 12 13 
Beneficio: 51
d 2 5 4 3 2 5 8 7 6 5 8 d 16 18 21 23 21 20 23 22 15 14 13 22 21 19 
Beneficio: 71
d 2 5 4 3 2 5 8 7 6 5 8 d 16 9 10 11 12 13 14 15 9 19 21 18 16 19 22 23 21 22 13 14 11 
Beneficio: 38
d 2 5 4 3 2 5 8 7 6 5 8 d 16 9 19 22 21 18 21 22 13 14 15 13 12 
Beneficio: 44
d 2 5 4 3 2 5 8 7 6 5 8 d 16 9 15 14 13 12 11 10 9 15 22 
Beneficio: 82
d 2 5 4 3 2 5 8 7 6 5 8 d 16 19 21 18 16 9 10 11 14 13 22 21 23 20 21 22 15 14 13 12 11 
Beneficio: 44
d 2 5 4 3 2 5 8 7 6 5 8 d 16 19 9 15 13 14 15 22 23 21 22 13 12 11 10 
Beneficio: 56
d 2 5 4 3 2 5 8 7 6 5 8 d 16 19 22 21 19 21 18 17 18 16 9 10 11 12 
Beneficio: 68
d 2 5 4 3 2 5 8 7 6 5 8 d 16 22 13 12 11 10 9 16 18 21 22 19 21 23 20 21 18 
Beneficio: 54
d 2 5 4 3 2 5 8 7 6 5 8 d 16 22 19 9 10 11 12 13 22 15 14 11 
Beneficio: 60
d 2 5 4 3 2 5 8 7 6 5 8 d 9 16 18 21 20 23 21 19 16 22 15 14 13 12 11 14 
Beneficio: 53
d 2 5 4 3 2 5 8 7 6 5 8 d 9 19 21 18 16 19 22 15 14 13 22 9 10 11 12 13 
Beneficio: 58
d 2 5 4 3 2 5 8 7 6 5 8 d 9 22 21 19 22 13 12 11 10 9 16 18 21 20 23 
Beneficio: 71
d 2 5 4 3 2 5 8 7 6 5 8 d 17 18 21 19 16 9 15 14 11 12 13 22 21 23 20 21 18 16 
Beneficio: 58
d 2 5 4 3 2 5 8 7 6 5 8 d 17 18 16 9 15 14 11 12 13 22 9 19 21 23 22 15 
Beneficio: 65
d 2 5 4 3 2 5 8 7 6 5 8 d 17 18 21 22 13 14 15 22 19 16 9 10 11 12 13 14 11 10 
Beneficio: 60
d 2 5 4 3 2 5 8 7 6 5 8 d 15 14 11 10 9 19 22 21 19 21 20 
Beneficio: 73
d 2 5 4 3 2 5 8 7 6 5 8 d 15 9 10 11 14 15 22 21 20 23 21 19 9 
Beneficio: 44
d 2 5 4 3 2 5 8 7 6 5 8 d 22 19 16 18 21 22 9 15 14 11 
Beneficio: 55
d 2 5 4 3 2 5 8 7 6 5 8 d 17 18 21 19 9 16 22 13 14 15 22 21 20 23 
Beneficio: 55
d 2 5 4 3 2 5 8 7 6 5 8 d 17 18 16 22 13 14 11 10 9 16 18 21 23 
Beneficio: 70
d 2 5 4 3 2 5 8 7 6 5 8 d 16 19 21 20 23 21 22 15 9 10 11 14 11 12 13 
Beneficio: 32
d 2 5 4 3 2 5 8 7 6 5 8 d 16 9 22 21 19 9 15 
Beneficio: 55
d 2 5 4 3 2 5 8 7 6 5 8 d 15 22 13 12 11 14 11 10 9 16 19 21 18 
Beneficio: 54
d 2 5 4 3 2 5 8 7 6 7 22 23 21 19 22 21 18 16 9 10 11 12 13 
Beneficio: 54
d 2 5 4 3 2 5 8 7 6 5 8 d 17 18 21 22 19 9 10 11 12 13 22 19 21 18 
Beneficio: 55
d 2 5 4 3 2 5 8 7 6 5 8 d 17 18 16 19 9 10 11 12 13 14 15 22 9 16 18 21 
Beneficio: 59
d 2 5 4 3 2 5 8 7 6 5 8 d 16 18 17 18 21 19 22 9 10 11 14 15 9 
Beneficio: 45
d 2 5 4 3 2 5 8 7 6 5 8 d 16 9 22 21 19 22 13 12 11 10 9 19 16 
Beneficio: 53
d 2 5 4 3 2 5 8 7 6 5 8 d 16 18 21 23 22 15 14 13 12 11 14 13 22 19 21 20 
Beneficio: 46
d 2 5 4 3 2 5 8 7 6 5 8 d 16 19 21 22 13 14 11 12 13 14 15 9 10 11 
Beneficio: 44
d 2 5 4 3 2 5 8 7 6 5 8 d 9 19 21 18 16 22 15 14 11 12 13 14 
Beneficio: 53
d 2 5 4 3 2 5 8 7 6 5 8 d 22 13 14 11 12 13 14 15 22 21 18 16 9 10 
Beneficio: 35
d 2 5 4 3 2 5 8 7 6 9 16 18 21 19 22 15 14 13 12 11 
Beneficio: 57
d 2 5 4 3 2 5 8 7 6 9 16 19 21 22 15 14 13 12 11 14 11 10 9 19 
Beneficio: 66
d 2 5 4 3 2 5 8 7 6 5 8 d 17 18 21 23 22 15 14 11 12 13 22 21 20 
Beneficio: 66
d 2 5 4 3 2 5 8 7 6 5 8 d 17 18 21 22 21 23 20 21 19 9 15 22 13 14 11 12 13 14 
Beneficio: 62
d 2 5 4 3 2 5 8 7 6 5 8 d 17 18 16 9 15 14 11 10 9 19 21 19 22 13 
Beneficio: 67
d 2 5 4 3 2 5 8 7 6 5 8 d 17 18 16 19 21 22 9 10 11 12 13 22 15 14 11 
Beneficio: 54
d 2 5 4 3 2 5 8 7 6 5 8 d 17 18 16 9 10 11 14 13 22 19 21 23 
Beneficio: 43
d 2 5 4 3 2 5 8 7 6 5 8 d 16 18 21 19 16 9 15 14 11 12 13 14 
Beneficio: 50
d 2 5 4 3 2 5 8 7 6 5 8 d 16 9 10 11 12 13 22 21 19 16 18 21 23 
Beneficio: 53
d 2 5 4 3 2 5 8 7 6 5 8 d 16 19 9 10 11 12 13 22 23 21 19 22 21 18 
Beneficio: 74
d 2 5 4 3 2 5 8 7 6 5 8 d 16 18 21 20 23 21 19 16 9 10 11 14 13 22 15 14 13 12 11 
Beneficio: 56
d 2 5 4 3 2 5 8 7 6 5 8 d 16 18 21 22 13 14 11 10 9 19 21 18 
Beneficio: 60
d 2 5 4 3 2 5 8 7 6 5 8 d 16 19 21 23 22 13 14 15 9 16 18 21 22 19 9 10 11 12 
Beneficio: 57
d 2 5 4 3 2 5 8 7 6 5 8 d 16 22 21 20 21 18 16 9 10 11 12 13 14 15 22 
Beneficio: 48
d 2 5 4 3 2 5 8 7 6 5 8 d 9 19 16 18 21 19 22 13 14 11 10 9 15 
Beneficio: 38
d 2 5 4 3 2 5 8 7 6 5 8 d 17 18 16 22 15 14 13 22 19 21 
Beneficio: 43
d 2 5 4 3 2 5 8 7 6 5 8 d 22 19 9 10 11 12 13 22 21 
Beneficio: 59
d 2 5 4 3 2 5 8 7 6 5 8 d 9 10 11 14 15 9 16 18 21 23 
Beneficio: 63
d 2 5 4 3 2 5 8 7 22 21 19 22 15 14 13 12 11 10 9 16 18 21 23 
Beneficio: 52
d 2 5 4 3 2 5 8 7 22 15 14 13 12 11 10 9 16 18 21 22 16 19 21 
Beneficio: 34
d 2 5 4 3 2 5 8 7 22 15 14 13 22 19 16 18 21 20 
Beneficio: 56
d 2 5 4 3 2 5 8 d 17 18 21 20 21 19 9 22 15 14 13 12 11 14 13 22 21 
Beneficio: 69
d 2 5 4 3 2 5 8 d 17 18 21 23 20 21 22 19 9 10 11 12 13 14 11 
Beneficio: 61
d 2 5 4 3 2 5 8 d 17 18 21 23 22 13 12 11 14 15 9 16 19 21 20 
Beneficio: 61
d 2 5 4 3 2 5 8 d 17 18 21 19 9 16 18 21 22 13 14 11 10 9 22 15 14 13 12 
Beneficio: 51
d 2 5 4 3 2 5 8 d 17 18 21 19 16 9 10 
Beneficio: 63
d 2 5 4 3 2 5 8 d 17 18 21 19 21 22 23 21 18 16 19 9 15 14 13 12 11 10 9 22 
Beneficio: 66
d 2 5 4 3 2 5 8 d 17 18 21 22 15 14 13 12 11 10 9 19 21 23 20 21 18 16 19 22 13 14 
Beneficio: 77
d 2 5 4 3 2 5 8 d 17 18 21 22 21 23 20 21 19 9 10 11 14 15 9 16 22 13 12 
Beneficio: 68
d 2 5 4 3 2 5 8 d 17 18 21 18 16 9 19 21 23 20 21 22 15 13 14 11 10 9 
Beneficio: 47
d 2 5 4 3 2 5 8 d 17 18 21 18 16 19 9 10 11 14 13 22 21 23 20 
Beneficio: 75
d 2 5 4 3 2 5 8 d 17 18 16 9 10 11 14 13 22 21 20 23 21 19 22 9 15 14 13 12 11 
Beneficio: 57
d 2 5 4 3 2 5 8 d 17 18 16 9 19 21 20 21 22 15 9 10 11 12 13 22 19 16 
Beneficio: 45
d 2 5 4 3 2 5 8 d 17 18 16 9 15 14 13 22 21 19 9 6 7 8 5 6 
Beneficio: 43
d 2 5 4 3 2 5 8 d 17 18 16 9 10 11 12 13 14 15 22 21 19 9 15 13 14 
Beneficio: 45
d 2 5 4 3 2 5 8 d 17 18 16 19 21 22 15 14 13 22 19 21 23 20 
Beneficio: 57
d 2 5 4 3 2 5 8 d 17 18 16 19 9 10 11 12 13 14 15 13 22 19 21 22 9 16 
Beneficio: 52
d 2 5 4 3 2 5 8 d 17 18 16 19 22 13 14 11 10 9 16 18 21 23 21 19 9 15 
Beneficio: 69
d 2 5 4 3 2 5 8 d 17 18 16 22 21 23 21 19 9 10 11 14 11 12 13 22 15 14 
Beneficio: 52
d 2 5 4 3 2 5 8 d 17 18 16 22 15 9 10 11 14 15 13 12 11 
Beneficio: 65
d 2 5 4 3 2 5 8 d 17 18 21 20 23 21 19 22 13 15 14 13 12 11 10 9 22 
Beneficio: 62
d 2 5 4 3 2 5 8 d 17 18 21 23 22 19 21 18 16 19 9 10 11 12 13 14 11 
Beneficio: 70
d 2 5 4 3 2 5 8 d 17 18 21 19 21 22 13 15 14 11 10 9 22 23 21 20 
Beneficio: 55
d 2 5 4 3 2 5 8 d 17 18 21 22 16 9 10 11 12 13 14 11 14 15 9 
Beneficio: 70
d 2 5 4 3 2 5 8 d 17 18 16 19 21 20 21 22 15 14 13 12 11 10 9 22 13 14 11 10 
Beneficio: 45
d 2 5 4 3 2 5 8 d 17 18 16 22 13 12 11 10 9 15 14 13 15 
Beneficio: 42
d 2 5 4 3 2 5 8 d 17 18 16 9 22 15 14 13 12 11 10 9 19 21 
Beneficio: 63
d 2 5 4 3 2 5 8 d 16 18 17 18 21 20 23 21 19 9 10 11 12 13 14 15 22 19 
Beneficio: 65
d 2 5 4 3 2 5 8 d 16 18 21 20 21 22 16 9 15 14 13 12 11 10 9 19 21 18 17 
Beneficio: 65
d 2 5 4 3 2 5 8 d 16 18 21 19 9 10 11 14 11 12 13 15 22 21 23 20 21 19 
Beneficio: 53
d 2 5 4 3 2 5 8 d 16 18 21 19 22 13 14 15 22 21 23 20 21 18 17 
Beneficio: 52
d 2 5 4 3 2 5 8 d 16 18 21 22 15 14 13 12 11 14 13 22 15 9 19 21 20 
Beneficio: 40
d 2 5 4 3 2 5 8 d 16 18 21 19 9 15 14 13 12 11 10 9 16 19 22 13 14 
Beneficio: 62
d 2 5 4 3 2 5 8 d 16 9 10 11 14 13 22 21 23 20 21 18 16 19 22 15 14 13 12 
Beneficio: 53
d 2 5 4 3 2 5 8 d 16 9 10 11 14 15 22 9 19 16 18 17 18 21 22 19 
Beneficio: 50
d 2 5 4 3 2 5 8 d 16 9 19 21 18 21 22 9 10 11 12 13 14 15 22 13 
Beneficio: 50
d 2 5 4 3 2 5 8 d 16 9 15 22 13 14 11 10 9 22 21 18 16 19 21 23 20 
Beneficio: 35
d 2 5 4 3 2 5 8 d 16 9 10 11 12 13 14 15 22 21 18 16 
Beneficio: 44
d 2 5 4 3 2 5 8 d 16 19 21 22 13 12 11 14 13 15 22 19 9 16 18 17 
Beneficio: 54
d 2 5 4 3 2 5 8 d 16 19 21 18 21 23 22 13 14 11 12 13 14 15 9 16 18 17 
Beneficio: 53
d 2 5 4 3 2 5 8 d 16 19 9 10 11 12 13 14 15 22 16 18 21 22 21 23 
Beneficio: 46
d 2 5 4 3 2 5 8 d 16 19 22 21 22 13 14 11 10 9 16 18 17 18 
Beneficio: 51
d 2 5 4 3 2 5 8 d 16 19 21 22 21 23 20 21 19 9 10 11 12 13 
Beneficio: 38
d 2 5 4 3 2 5 8 d 16 18 21 22 19 21 23 22 13 14 15 9 19 
Beneficio: 62
d 2 5 4 3 2 5 8 d 16 22 13 14 11 12 13 14 11 10 9 19 21 23 20 21 22 19 
Beneficio: 37
d 2 5 4 3 2 5 8 d 16 9 10 11 14 13 22 19 16 18 21 
Beneficio: 64
d 2 5 4 3 2 5 8 d 16 18 17 18 21 23 22 15 14 13 12 11 10 9 22 21 19 9 
Beneficio: 41
d 2 5 4 3 2 5 8 d 16 18 21 20 23 21 22 13 14 15 16 9 
######### Overtime ############
Mejor solucion encontrada!
Beneficio: 85
d 2 5 4 3 2 d 8 7 6 5 8 d 17 18 21 19 9 10 11 14 13 12 11 14 15 22 21 20 23 21 18 16 d 
Time taken: 7200.00s
