Evaluando ./Instances\CHRISTOFIDES\P08NoRPP
Solucion inicial: ./Instances\CHRISTOFIDES\P08NoRPP-salida.txt

Beneficio: 81
d 2 3 10 d 9 8 7 9 8 5 4 3 6 5 11 17 15 14 15 8 17 16 11 12 16 14 13 12 4 
Beneficio: 79
d 2 3 10 d 9 8 7 9 8 5 4 3 6 5 11 12 13 14 15 17 16 14 13 16 17 11 16 12 
Beneficio: 71
d 2 3 10 d 9 8 7 9 8 5 4 3 6 5 15 14 13 12 11 16 17 15 14 16 
Beneficio: 81
d 2 3 10 d 9 8 7 9 8 5 4 3 6 5 11 16 13 14 15 17 11 12 13 16 14 15 8 17 16 12 
Beneficio: 80
d 2 3 10 d 9 8 7 9 8 5 4 3 6 5 11 17 16 15 17 8 15 16 13 12 11 16 14 15 14 
Beneficio: 44
d 2 3 10 d 9 8 7 9 8 5 4 3 6 5 11 12 16 13 14 15 14 16 15 
Beneficio: 74
d 2 3 10 d 9 8 7 9 8 5 4 3 6 5 11 12 16 14 15 14 16 17 8 15 17 11 16 
Beneficio: 68
d 2 3 10 d 9 8 7 9 8 5 4 3 10 7 6 5 11 12 16 15 14 13 16 11 17 16 13 14 16 
Beneficio: 65
d 2 3 10 d 9 8 7 9 8 5 4 3 10 7 6 5 11 17 16 12 13 16 14 13 14 15 8 17 15 
Beneficio: 71
d 2 3 10 d 9 8 7 9 8 5 4 5 11 17 15 14 16 11 12 13 16 12 4 3 
Beneficio: 67
d 2 3 10 d 9 8 7 9 8 5 4 5 11 12 16 15 14 16 13 14 15 17 11 16 17 
Beneficio: 58
d 2 3 10 d 9 8 7 9 8 5 4 12 13 14 15 14 13 16 14 16 11 12 4 3 10 7 
Beneficio: 69
d 2 3 10 d 9 8 7 9 8 5 4 12 13 14 13 16 12 11 17 15 14 16 17 8 5 6 3 4 
Beneficio: 76
d 2 3 10 d 9 8 7 9 8 5 4 12 13 16 17 15 16 14 15 16 17 11 12 16 11 5 6 
Beneficio: 68
d 2 3 10 d 9 8 7 9 8 5 4 12 13 16 14 16 17 15 14 13 
Beneficio: 67
d 2 3 10 d 9 8 7 9 8 5 4 12 13 14 16 12 11 16 17 11 4 5 6 7 10 
Beneficio: 59
d 2 3 10 d 9 8 7 9 8 5 4 12 13 16 11 12 16 13 14 16 14 15 8 17 11 5 6 
Beneficio: 56
d 2 3 10 d 9 8 7 9 8 5 4 12 13 16 17 11 12 16 15 17 8 15 14 16 13 14 15 
Beneficio: 78
d 2 3 10 d 9 8 7 9 8 5 4 12 11 16 13 12 16 15 8 17 16 14 15 17 11 5 6 7 10 
Beneficio: 75
d 2 3 10 d 9 8 7 9 8 5 4 12 11 16 15 14 15 17 11 16 13 12 16 17 8 
Beneficio: 78
d 2 3 10 d 9 8 7 9 8 5 4 12 11 17 15 16 14 13 16 12 13 16 17 8 15 14 15 16 11 
Beneficio: 76
d 2 3 10 d 9 8 7 9 8 5 4 12 11 17 8 15 17 16 14 15 16 12 13 16 11 5 6 7 10 
Beneficio: 55
d 2 3 10 d 9 8 7 9 8 5 4 12 11 17 15 16 17 16 13 14 16 14 15 
Beneficio: 56
d 2 3 10 d 9 8 7 9 8 5 4 12 16 11 12 16 15 14 13 16 14 15 8 17 15 
Beneficio: 74
d 2 3 10 d 9 8 7 9 8 5 4 12 16 17 16 11 17 15 16 13 14 16 13 12 
Beneficio: 77
d 2 3 10 d 9 8 7 9 8 5 4 12 16 14 13 14 16 11 17 15 16 17 8 11 12 13 16 15 14 15 
Beneficio: 63
d 2 3 10 d 9 8 7 9 8 5 4 12 16 13 12 16 15 14 16 15 8 17 15 14 16 17 11 
Beneficio: 65
d 2 3 10 d 9 8 7 9 8 5 4 12 16 13 14 13 12 11 17 16 17 8 15 17 
Beneficio: 53
d 2 3 10 d 9 8 7 9 8 5 4 12 16 15 17 11 12 16 13 14 15 8 
Beneficio: 75
d 2 3 10 d 9 8 7 9 8 5 4 12 16 11 12 16 13 14 15 17 16 13 12 11 17 
Beneficio: 73
d 2 3 10 d 9 8 7 9 8 5 4 12 16 14 13 16 17 8 12 13 14 15 17 11 16 15 
Beneficio: 67
d 2 3 10 d 9 8 7 9 8 5 4 12 16 14 13 14 15 17 11 12 13 16 15 8 11 16 
Beneficio: 59
d 2 3 10 d 9 8 7 9 8 5 4 12 11 17 8 15 17 16 15 14 13 12 16 14 
Beneficio: 58
d 2 3 10 d 9 8 7 9 8 5 4 12 13 16 14 15 17 16 13 14 15 
Beneficio: 64
d 2 3 10 d 9 8 7 9 8 5 4 12 11 16 15 8 17 15 16 13 14 16 12 13 
Beneficio: 64
d 2 3 10 d 9 8 7 9 8 5 4 12 16 17 8 15 16 11 12 13 16 14 16 17 11 
Beneficio: 67
d 2 3 10 d 9 8 7 9 8 5 4 12 16 17 15 16 14 13 16 12 11 16 14 15 14 
Beneficio: 74
d 2 3 10 d 9 8 7 9 8 5 4 11 16 13 14 13 12 11 17 16 14 15 17 
Beneficio: 73
d 2 3 10 d 9 8 7 9 8 5 4 11 17 16 14 15 16 11 12 13 14 15 17 
Beneficio: 69
d 2 3 10 d 9 8 7 9 8 5 4 11 12 13 14 15 17 11 16 14 16 12 4 3 
Beneficio: 77
d 2 3 10 d 9 8 7 9 8 5 4 11 17 8 15 17 16 13 12 11 16 14 15 14 13 
Beneficio: 51
d 2 3 10 d 9 8 7 9 8 5 6 7 10 3 4 5 4 12 13 16 15 14 16 17 11 
Beneficio: 81
d 2 3 10 d 9 8 7 9 8 5 6 7 10 3 4 5 11 16 13 14 15 17 8 15 16 17 11 12 13 14 
Beneficio: 60
d 2 3 10 d 9 8 7 9 8 5 6 7 10 3 4 12 13 14 16 15 14 15 17 11 12 16 17 8 15 
Beneficio: 76
d 2 3 10 d 9 8 7 9 8 5 6 7 10 3 4 12 13 14 15 16 17 16 14 13 16 12 11 17 15 16 11 
Beneficio: 65
d 2 3 10 d 9 8 7 9 8 5 6 7 10 3 4 12 11 17 16 13 12 16 15 14 13 14 15 17 8 15 16 14 
Beneficio: 66
d 2 3 10 d 9 8 7 9 8 5 6 7 10 3 4 12 16 14 16 13 12 11 17 16 15 17 8 5 4 
Beneficio: 63
d 2 3 10 d 9 8 7 9 8 5 6 7 10 3 4 12 11 17 15 8 17 16 13 14 13 12 16 14 15 
Beneficio: 66
d 2 3 10 d 9 8 7 9 8 5 6 7 10 3 2 4 12 13 16 11 17 16 15 17 8 15 14 13 
Beneficio: 66
d 2 3 10 d 9 8 7 9 8 5 6 7 10 3 4 12 16 14 13 16 17 11 16 15 14 15 17 8 15 
Beneficio: 51
d 2 3 10 d 9 8 7 9 8 5 6 7 10 3 4 12 13 16 14 13 14 15 16 11 12 16 15 8 17 
Beneficio: 51
d 2 3 10 d 9 8 7 9 8 5 6 7 10 3 4 12 16 13 14 16 15 14 15 17 11 12 13 
Beneficio: 78
d 2 3 10 d 9 8 7 9 8 5 6 7 10 3 4 5 4 12 11 16 13 12 16 15 17 16 14 13 14 15 8 
Beneficio: 49
d 2 3 10 d 9 8 7 9 8 5 6 7 10 3 4 12 13 14 16 15 17 16 15 14 15 8 
Beneficio: 76
d 2 3 10 d 9 8 7 9 8 5 6 7 10 3 4 12 11 16 13 12 16 17 15 14 16 14 15 17 11 
Beneficio: 45
d 2 3 10 d 9 8 7 9 8 5 6 7 10 3 4 12 16 13 12 11 17 15 14 16 13 14 
Beneficio: 75
d 2 3 10 d 9 8 7 9 8 5 6 7 10 3 4 11 12 13 14 15 17 16 14 16 11 17 
Beneficio: 59
d 2 3 10 d 9 8 7 9 8 5 6 7 10 3 4 12 13 14 13 16 17 16 12 11 17 15 
Beneficio: 68
d 2 3 10 d 9 8 7 9 8 5 6 7 10 3 2 4 12 16 15 17 16 13 14 13 12 11 16 14 15 
Beneficio: 66
d 2 3 10 d 9 8 7 9 8 5 6 3 4 5 4 12 11 16 17 16 13 14 15 16 12 13 16 14 
Beneficio: 78
d 2 3 10 d 9 8 7 9 8 5 6 3 4 5 4 12 16 14 15 8 17 16 11 17 11 12 13 14 15 17 
Beneficio: 72
d 2 3 10 d 9 8 7 9 8 5 6 3 4 5 4 11 16 17 11 12 13 14 15 16 14 13 
Beneficio: 68
d 2 3 10 d 9 8 7 9 8 5 6 3 4 5 11 16 15 14 13 12 16 15 17 16 13 14 15 8 17 
Beneficio: 41
d 2 3 10 d 9 8 7 9 8 5 6 3 4 5 11 17 8 12 16 13 14 16 13 14 15 
Beneficio: 66
d 2 3 10 d 9 8 7 9 8 5 6 3 4 5 11 17 15 16 11 12 16 15 14 16 13 
Beneficio: 72
d 2 3 10 d 9 8 7 9 8 5 6 3 4 12 13 14 13 16 17 15 16 12 11 16 15 14 15 
Beneficio: 68
d 2 3 10 d 9 8 7 9 8 5 6 3 4 12 13 16 14 15 17 11 16 12 11 4 5 
Beneficio: 51
d 2 3 10 d 9 8 7 9 8 5 6 3 4 12 13 16 14 13 16 12 11 17 16 15 14 
Beneficio: 70
d 2 3 10 d 9 8 7 9 8 5 6 3 4 12 11 16 15 8 17 15 16 14 13 12 16 17 
Beneficio: 62
d 2 3 10 d 9 8 7 9 8 5 6 3 4 12 11 17 8 15 14 16 12 13 16 17 15 16 14 
Beneficio: 75
d 2 3 10 d 9 8 7 9 8 5 6 3 4 12 16 17 11 12 13 14 15 8 17 15 16 13 14 16 11 5 
Beneficio: 53
d 2 3 10 d 9 8 7 9 8 5 6 3 4 12 16 13 12 16 11 17 8 15 14 13 16 14 16 
Beneficio: 72
d 2 3 10 d 9 8 7 9 8 5 6 3 4 12 16 15 14 13 12 16 17 11 16 14 16 15 17 8 15 
Beneficio: 61
d 2 3 10 d 9 8 7 9 8 5 6 3 4 12 16 13 14 15 17 11 12 13 16 14 15 
Beneficio: 62
d 2 3 10 d 9 8 7 9 8 5 6 3 4 12 13 16 15 14 16 11 17 16 14 15 8 17 
Beneficio: 68
d 2 3 10 d 9 8 7 9 8 5 6 3 4 12 16 13 14 16 17 8 15 17 11 16 14 15 
Beneficio: 72
d 2 3 10 d 9 8 7 9 8 5 6 3 4 11 12 16 13 14 16 17 8 15 17 11 16 14 
Beneficio: 55
d 2 3 10 d 9 8 7 9 8 5 6 3 2 4 12 11 16 14 16 12 13 16 17 8 15 
Beneficio: 55
d 2 3 10 d 9 8 7 9 8 5 6 3 2 4 12 11 16 13 14 16 17 15 14 13 
Beneficio: 71
d 2 3 10 d 9 8 7 9 8 5 6 3 2 4 12 16 11 12 13 14 13 16 17 8 15 14 15 17 11 
Beneficio: 56
d 2 3 10 d 9 8 7 9 8 5 6 3 4 12 16 15 14 16 11 17 16 13 14 13 
Beneficio: 79
d 2 3 10 d 9 8 7 9 8 5 6 3 4 5 4 12 13 16 14 15 16 12 11 17 16 11 17 15 
Beneficio: 43
d 2 3 10 d 9 8 7 9 8 5 6 3 4 5 4 12 16 14 15 14 13 12 16 15 8 17 
Beneficio: 51
d 2 3 10 d 9 8 7 9 8 5 6 3 4 5 4 12 11 17 16 15 14 16 14 13 14 
Beneficio: 80
d 2 3 10 d 9 8 7 9 8 5 6 3 4 5 11 16 15 17 8 12 13 14 16 12 11 17 16 13 
Beneficio: 79
d 2 3 10 d 9 8 7 9 8 5 6 3 4 5 11 17 8 15 16 11 12 13 14 16 17 15 
Beneficio: 62
d 2 3 10 d 9 8 7 9 8 5 6 3 4 5 11 17 15 16 13 14 16 12 11 16 14 15 
Beneficio: 70
d 2 3 10 d 9 8 7 9 8 5 6 3 4 12 13 14 13 16 17 8 15 16 12 11 16 15 14 15 17 
Beneficio: 62
d 2 3 10 d 9 8 7 9 8 5 6 3 4 12 13 16 14 15 16 11 17 16 13 14 15 8 5 
Beneficio: 60
d 2 3 10 d 9 8 7 9 8 5 6 3 4 12 13 16 17 8 15 16 12 11 17 15 16 
Beneficio: 53
d 2 3 10 d 9 8 7 9 8 5 6 3 4 12 11 16 13 14 15 17 8 12 16 15 14 13 
Beneficio: 65
d 2 3 10 d 9 8 7 9 8 5 6 3 4 12 11 17 16 12 13 16 14 15 8 17 11 16 14 13 
Beneficio: 74
d 2 3 10 d 9 8 7 9 8 5 6 3 4 12 16 17 15 16 14 13 14 15 8 17 11 12 13 16 11 5 
Beneficio: 70
d 2 3 10 d 9 8 7 9 8 5 6 3 4 12 16 14 16 17 8 15 16 12 11 16 15 14 15 17 11 
Beneficio: 57
d 2 3 10 d 9 8 7 9 8 5 6 3 4 12 16 15 17 8 15 16 14 13 16 11 5 4 
Beneficio: 62
d 2 3 10 d 9 8 7 9 8 5 6 3 4 12 16 13 14 15 14 13 12 11 16 17 11 
Beneficio: 72
d 2 3 10 d 9 8 7 9 8 5 6 3 4 12 13 14 15 14 16 11 12 16 15 17 16 15 
Beneficio: 44
d 2 3 10 d 9 8 7 9 8 5 6 3 4 12 16 17 11 12 13 14 15 16 14 13 16 
Beneficio: 57
d 2 3 10 d 9 8 7 9 8 5 6 3 4 11 12 13 16 15 14 16 15 17 16 13 
Beneficio: 42
d 2 3 10 d 9 8 7 9 8 5 6 3 2 4 12 13 16 14 15 16 12 11 17 8 15 16 
Beneficio: 54
d 2 3 10 d 9 8 7 9 8 5 6 3 2 4 12 16 13 14 16 14 15 17 16 12 11 17 
Beneficio: 55
d 2 3 10 d 9 8 7 9 8 5 6 3 2 4 12 16 14 16 17 11 16 13 14 15 16 12 
Beneficio: 51
d 2 3 10 d 9 8 7 9 8 5 6 3 4 12 16 14 13 16 17 8 15 14 13 12 11 17 
Beneficio: 57
d 2 3 10 d 9 8 7 9 8 5 4 12 13 14 16 12 11 17 16 15 8 17 15 14 13 
Beneficio: 46
d 2 3 10 d 9 8 7 9 8 5 4 12 13 14 15 16 12 11 16 13 14 15 17 
Beneficio: 71
d 2 3 10 d 9 8 7 9 8 5 4 12 11 16 15 14 16 17 11 17 15 14 
Beneficio: 46
d 2 3 10 d 9 8 7 9 8 5 4 12 11 17 15 16 14 13 14 15 16 17 8 
Beneficio: 54
d 2 3 10 d 9 8 7 9 8 5 4 12 16 14 13 16 15 17 8 12 11 17 16 
Beneficio: 72
d 2 3 10 d 9 8 7 9 8 5 4 12 16 17 15 14 13 16 14 13 12 11 16 15 8 17 
Beneficio: 63
d 2 3 10 d 9 8 7 9 8 5 4 12 13 16 11 12 16 15 17 16 15 14 13 
Beneficio: 48
d 2 3 10 d 9 8 7 9 8 5 4 11 17 16 12 13 16 15 14 16 14 13 
Beneficio: 55
d 2 3 10 d 9 8 7 9 8 5 6 7 10 3 2 4 12 13 14 15 17 11 12 16 13 14 16 
Beneficio: 72
d 2 3 10 d 9 8 7 9 8 5 6 3 4 5 11 17 15 16 11 12 16 14 13 16 17 8 15 
Beneficio: 66
d 2 3 10 d 9 8 7 9 8 5 6 3 4 12 11 17 15 8 17 16 12 13 14 16 14 15 
Beneficio: 44
d 2 3 10 d 9 8 7 9 8 5 6 3 2 4 12 13 14 15 16 14 16 17 
Beneficio: 62
d 2 3 10 d 9 8 7 9 8 5 6 3 4 12 13 14 13 16 15 17 16 11 17 8 15 14 
Beneficio: 64
d 2 3 10 d 9 8 7 9 8 5 6 3 4 12 16 17 8 15 14 16 15 17 11 12 13 14 13 
Beneficio: 71
d 2 3 10 d 9 8 7 9 8 5 11 16 17 15 14 16 12 11 17 15 14 13 12 4 
Beneficio: 63
d 2 3 10 d 9 8 7 9 8 5 11 16 14 13 16 17 15 14 13 12 11 17 8 12 
Beneficio: 73
d 2 3 10 d 9 8 7 9 8 5 11 16 13 14 13 12 11 17 16 14 15 17 8 5 6 7 
Beneficio: 68
d 2 3 10 d 9 8 7 9 8 5 11 16 15 17 8 15 16 12 11 17 16 14 13 12 4 
Beneficio: 73
d 2 3 10 d 9 8 7 9 8 5 11 17 15 14 13 16 17 8 15 14 16 12 11 16 12 13 
Beneficio: 70
d 2 3 10 d 9 8 7 9 8 5 11 17 15 16 12 13 14 15 8 17 16 11 12 4 
Beneficio: 63
d 2 3 10 d 9 8 7 9 8 5 11 17 16 13 14 15 17 15 16 12 11 16 15 
Beneficio: 66
d 2 3 10 d 9 8 7 9 8 5 11 17 8 15 14 13 16 11 12 13 16 15 17 
Beneficio: 49
d 2 3 10 d 9 8 7 9 8 5 11 12 13 14 16 13 14 15 17 8 15 16 12 4 2 
Beneficio: 48
d 2 3 10 d 9 8 7 9 8 5 11 12 13 14 15 17 16 15 14 16 13 14 
Beneficio: 73
d 2 3 10 d 9 8 7 9 8 5 11 12 16 13 12 16 11 17 16 14 13 16 17 15 14 16 
Beneficio: 44
d 2 3 10 d 9 8 7 9 8 5 11 17 15 8 17 16 15 14 
Beneficio: 44
d 2 3 10 d 9 8 7 9 8 5 15 14 16 12 13 14 15 16 17 
Beneficio: 62
d 2 3 10 d 9 8 7 9 8 5 15 14 13 14 15 17 11 16 12 13 16 14 
Beneficio: 56
d 2 3 10 d 9 8 7 9 8 15 17 16 11 12 16 15 14 13 16 15 5 6 
Beneficio: 65
d 2 3 10 d 9 8 7 9 8 15 17 16 14 15 16 11 12 16 13 12 11 5 6 7 10 
Beneficio: 65
d 2 3 10 d 9 8 7 9 8 15 17 16 14 13 14 15 16 12 11 16 17 8 5 4 3 
Beneficio: 67
d 2 3 10 d 9 8 7 9 8 15 17 16 14 16 13 12 16 11 17 8 12 4 5 6 7 10 3 2 
Beneficio: 65
d 2 3 10 d 9 8 7 9 8 15 17 16 13 14 15 14 16 12 11 16 12 4 5 4 3 2 
Beneficio: 71
d 2 3 10 d 9 8 7 9 8 15 17 16 12 13 14 13 16 11 17 11 12 4 3 6 7 10 
Beneficio: 68
d 2 3 10 d 9 8 7 9 8 15 17 16 13 12 16 15 14 16 11 12 4 3 6 
Beneficio: 60
d 2 3 10 d 9 8 7 9 8 15 17 16 15 14 13 16 17 11 16 12 11 5 6 3 
Beneficio: 70
d 2 3 10 d 9 8 7 9 8 15 17 16 15 14 16 12 11 16 14 13 12 4 2 3 6 5 8 17 11 
Beneficio: 75
d 2 3 10 d 9 8 7 9 8 15 17 11 16 17 8 5 6 7 10 3 4 12 13 14 16 13 14 15 
Beneficio: 70
d 2 3 10 d 9 8 7 9 8 15 17 11 16 14 13 14 16 17 8 11 12 13 16 12 4 5 6 3 
Beneficio: 71
d 2 3 10 d 9 8 7 9 8 15 17 11 16 12 13 14 16 15 14 15 17 8 5 4 3 6 7 10 
Beneficio: 77
d 2 3 10 d 9 8 7 9 8 15 17 11 16 15 14 13 12 11 5 4 3 10 7 6 5 8 17 16 13 14 15 
Beneficio: 74
d 2 3 10 d 9 8 7 9 8 15 17 11 12 13 16 11 16 14 13 16 17 8 5 6 7 10 3 4 
Beneficio: 72
d 2 3 10 d 9 8 7 9 8 15 17 11 12 16 17 8 5 6 3 4 5 4 12 13 14 15 16 14 13 16 
Beneficio: 60
d 2 3 10 d 9 8 7 9 8 15 17 11 12 16 15 14 13 12 4 3 6 5 4 5 8 17 
Beneficio: 62
d 2 3 10 d 9 8 7 9 8 15 17 11 17 16 11 12 16 13 12 4 5 6 7 
Beneficio: 73
d 2 3 10 d 9 8 7 9 8 15 17 11 5 4 3 6 5 8 17 16 14 15 16 11 12 16 14 13 14 15 
Beneficio: 78
d 2 3 10 d 9 8 7 9 8 15 17 8 5 4 5 11 16 17 11 12 16 15 14 16 15 14 13 12 
Beneficio: 63
d 2 3 10 d 9 8 7 9 8 15 17 8 5 6 7 10 3 4 5 4 12 11 16 13 14 13 12 16 17 
Beneficio: 55
d 2 3 10 d 9 8 7 9 8 15 17 8 5 6 3 4 12 13 16 14 16 12 11 17 15 14 
Beneficio: 75
d 2 3 10 d 9 8 7 9 8 15 17 8 5 6 3 4 12 13 14 15 16 14 13 16 17 11 12 16 11 
Beneficio: 59
d 2 3 10 d 9 8 7 9 8 15 17 8 5 11 17 16 14 15 16 13 12 4 3 6 7 10 
Beneficio: 48
d 2 3 10 d 9 8 7 9 8 15 17 8 12 16 13 12 16 14 16 17 15 14 13 
Beneficio: 61
d 2 3 10 d 9 8 7 9 8 15 17 8 11 12 16 14 13 14 16 17 11 16 13 12 
Beneficio: 55
d 2 3 10 d 9 8 7 9 8 15 17 16 12 13 14 16 12 11 17 8 5 6 7 
Beneficio: 62
d 2 3 10 d 9 8 7 9 8 15 17 11 16 12 13 14 16 17 8 5 4 3 6 7 
Beneficio: 63
d 2 3 10 d 9 8 7 9 8 15 17 15 14 15 16 14 13 16 11 17 8 5 4 12 13 
Beneficio: 51
d 2 3 10 d 9 8 7 9 8 15 17 15 16 17 11 12 16 13 12 16 14 13 14 
Beneficio: 43
d 2 3 10 d 9 8 7 9 8 15 14 16 11 17 8 5 4 2 3 6 7 10 
Beneficio: 71
d 2 3 10 d 9 8 7 9 8 15 14 16 11 12 4 5 8 17 15 16 17 11 12 16 13 
Beneficio: 65
d 2 3 10 d 9 8 7 9 8 15 14 16 17 15 16 12 13 14 16 11 17 8 12 
Beneficio: 62
d 2 3 10 d 9 8 7 9 8 15 14 16 17 11 17 15 16 12 13 14 13 16 12 4 5 8 
Beneficio: 65
d 2 3 10 d 9 8 7 9 8 15 14 16 17 16 13 14 13 12 16 11 17 8 5 6 7 10 3 4 
Beneficio: 44
d 2 3 10 d 9 8 7 9 8 15 14 16 13 12 4 2 3 6 5 8 17 11 12 16 15 14 13 14 
Beneficio: 74
d 2 3 10 d 9 8 7 9 8 15 14 16 12 13 14 13 16 11 17 16 15 17 8 11 12 4 3 6 7 10 
Beneficio: 59
d 2 3 10 d 9 8 7 9 8 15 14 16 12 13 16 17 15 17 11 12 4 5 6 7 
Beneficio: 66
d 2 3 10 d 9 8 7 9 8 15 14 16 13 12 11 17 11 16 15 17 8 5 4 3 6 7 
Beneficio: 67
d 2 3 10 d 9 8 7 9 8 15 14 16 14 13 12 16 15 17 16 11 17 8 12 16 13 
Beneficio: 61
d 2 3 10 d 9 8 7 9 8 15 14 16 15 17 11 17 16 11 12 13 16 12 4 
Beneficio: 78
d 2 3 10 d 9 8 7 9 8 15 14 16 15 17 11 5 8 17 16 12 11 16 13 12 4 5 6 7 
Beneficio: 46
d 2 3 10 d 9 8 7 9 8 15 14 16 12 13 16 17 11 12 4 3 2 
Beneficio: 69
d 2 3 10 d 9 8 7 9 8 15 14 13 12 11 16 14 15 16 12 4 5 8 17 11 17 16 13 
Beneficio: 69
d 2 3 10 d 9 8 7 9 8 15 14 13 12 11 17 11 16 14 16 15 17 8 5 6 7 10 3 4 2 
Beneficio: 71
d 2 3 10 d 9 8 7 9 8 15 14 13 12 16 14 13 16 11 17 16 15 17 8 11 12 4 3 2 
Beneficio: 77
d 2 3 10 d 9 8 7 9 8 15 14 13 12 4 5 8 11 12 16 17 15 16 14 16 17 11 16 13 
Beneficio: 55
d 2 3 10 d 9 8 7 9 8 15 14 13 12 16 14 15 17 16 12 4 3 6 5 4 
Beneficio: 75
d 2 3 10 d 9 8 7 9 8 15 14 13 16 11 12 13 16 14 15 17 11 17 16 12 4 5 4 3 6 7 
Beneficio: 68
d 2 3 10 d 9 8 7 9 8 15 14 13 16 17 15 16 14 16 12 13 16 11 12 4 3 6 7 
Beneficio: 77
d 2 3 10 d 9 8 7 9 8 15 14 13 16 17 8 5 11 17 15 16 13 12 16 11 12 4 5 6 7 10 
Beneficio: 54
d 2 3 10 d 9 8 7 9 8 15 14 13 16 14 13 16 17 11 16 12 4 3 6 7 
Beneficio: 74
d 2 3 10 d 9 8 7 9 8 15 14 13 16 14 16 17 15 16 11 17 8 5 6 3 4 5 6 
Beneficio: 79
d 2 3 10 d 9 8 7 9 8 15 14 13 16 12 13 16 14 15 17 16 11 17 8 5 4 3 6 7 
Beneficio: 68
d 2 3 10 d 9 8 7 9 8 15 14 13 16 15 17 11 4 3 6 5 8 17 16 12 11 16 14 15 
Beneficio: 53
d 2 3 10 d 9 8 7 9 8 15 14 13 16 12 11 17 16 15 17 4 5 6 7 10 
Beneficio: 60
d 2 3 10 d 9 8 7 9 8 15 14 13 14 16 17 15 16 13 12 4 5 8 17 11 12 16 13 
Beneficio: 53
d 2 3 10 d 9 8 7 9 8 15 14 13 14 16 12 11 16 17 8 12 4 3 6 7 10 
Beneficio: 62
d 2 3 10 d 9 8 7 9 8 15 14 13 14 15 17 16 11 17 16 12 4 5 6 3 
Beneficio: 63
d 2 3 10 d 9 8 7 9 8 15 14 13 14 15 16 14 16 17 15 16 12 13 16 12 11 17 8 5 
Beneficio: 65
d 2 3 10 d 9 8 7 9 8 15 14 13 14 16 17 15 16 12 13 16 11 4 3 6 5 8 17 
Beneficio: 65
d 2 3 10 d 9 8 7 9 8 15 14 13 16 17 15 14 16 11 4 5 6 
Beneficio: 69
d 2 3 10 d 9 8 7 9 8 15 14 13 16 14 15 17 16 12 11 16 13 12 4 2 3 6 5 8 17 
Beneficio: 76
d 2 3 10 d 9 8 7 9 8 15 14 13 16 12 11 5 4 3 6 5 8 17 15 16 14 16 11 17 16 
Beneficio: 61
d 2 3 10 d 9 8 7 9 8 15 14 13 12 11 17 16 13 14 15 17 8 5 6 7 10 3 2 4 
Beneficio: 77
d 2 3 10 d 9 8 7 9 8 15 14 13 12 16 14 16 17 15 16 11 17 8 5 4 2 3 6 7 
Beneficio: 67
d 2 3 10 d 9 8 7 9 8 15 14 13 12 16 14 13 16 11 17 15 16 12 4 5 8 
Beneficio: 67
d 2 3 10 d 9 8 7 9 8 15 14 13 16 11 12 16 14 15 16 17 15 16 17 8 5 4 5 6 7 10 
Beneficio: 80
d 2 3 10 d 9 8 7 9 8 15 14 13 16 17 8 5 6 3 4 5 11 12 13 16 14 16 15 17 11 16 
Beneficio: 50
d 2 3 10 d 9 8 7 9 8 15 14 13 16 14 15 16 17 8 5 6 3 4 5 4 12 13 16 12 
Beneficio: 66
d 2 3 10 d 9 8 7 9 8 15 14 13 16 12 13 16 14 15 16 11 17 16 17 8 5 4 3 6 7 10 
Beneficio: 67
d 2 3 10 d 9 8 7 9 8 15 14 13 16 11 12 16 17 15 14 16 17 8 5 4 3 6 7 
Beneficio: 46
d 2 3 10 d 9 8 7 9 8 15 14 13 16 14 16 17 15 16 12 4 5 6 3 
Beneficio: 42
d 2 3 10 d 9 8 7 9 8 15 14 15 17 16 14 16 12 11 5 6 7 
Beneficio: 80
d 2 3 10 d 9 8 7 9 8 15 14 15 17 11 16 13 14 13 12 11 17 16 17 8 5 4 3 6 5 
Beneficio: 66
d 2 3 10 d 9 8 7 9 8 15 14 15 17 8 5 4 12 13 16 11 17 11 12 16 14 13 
Beneficio: 67
d 2 3 10 d 9 8 7 9 8 15 14 15 17 11 16 13 14 13 12 4 5 8 17 16 12 11 
Beneficio: 71
d 2 3 10 d 9 8 7 9 8 15 14 15 16 17 15 16 11 12 13 14 16 12 4 3 10 7 6 5 8 
Beneficio: 57
d 2 3 10 d 9 8 7 9 8 15 14 15 16 14 13 12 11 17 16 11 17 8 5 6 3 
Beneficio: 50
d 2 3 10 d 9 8 7 9 8 15 14 15 16 13 12 11 16 17 8 5 6 7 10 3 4 12 
Beneficio: 61
d 2 3 10 d 9 8 7 9 8 15 14 15 16 17 15 16 14 16 12 13 16 12 11 17 8 5 6 3 2 
Beneficio: 65
d 2 3 10 d 9 8 7 9 8 15 14 15 16 14 13 12 4 3 6 5 8 17 11 12 16 11 
Beneficio: 64
d 2 3 10 d 9 8 7 9 8 15 14 15 16 12 13 16 14 13 16 17 15 16 12 11 17 8 5 
Beneficio: 47
d 2 3 10 d 9 8 7 9 8 15 14 16 11 17 8 5 6 3 4 5 4 2 
Beneficio: 76
d 2 3 10 d 9 8 7 9 8 15 14 16 17 15 16 12 13 16 11 17 8 5 6 3 4 5 6 3 
Beneficio: 58
d 2 3 10 d 9 8 7 9 8 15 14 16 13 12 16 17 8 5 6 7 10 3 4 12 11 16 14 
Beneficio: 66
d 2 3 10 d 9 8 7 9 8 15 14 16 12 4 5 8 17 16 13 14 15 17 11 16 13 14 
Beneficio: 57
d 2 3 10 d 9 8 7 9 8 15 14 16 11 17 16 13 12 16 15 17 8 5 
Beneficio: 59
d 2 3 10 d 9 8 7 9 8 15 14 16 17 15 14 13 16 12 11 16 12 4 5 6 3 
Beneficio: 75
d 2 3 10 d 9 8 7 9 8 15 14 16 17 11 17 15 16 14 13 12 11 16 12 4 5 8 17 
Beneficio: 66
d 2 3 10 d 9 8 7 9 8 15 14 16 13 12 11 17 11 16 17 8 5 4 5 6 7 10 3 2 
Beneficio: 53
d 2 3 10 d 9 8 7 9 8 15 14 16 12 13 14 13 16 11 5 8 5 4 3 6 
Beneficio: 56
d 2 3 10 d 9 8 7 9 8 15 14 16 12 11 17 8 12 13 14 15 16 11 5 4 3 
Beneficio: 36
d 2 3 10 d 9 8 7 9 8 15 14 16 14 13 12 16 17 11 12 4 2 3 
Beneficio: 60
d 2 3 10 d 9 8 7 9 8 15 14 16 15 17 8 5 6 3 4 5 4 11 12 13 16 17 
Beneficio: 50
d 2 3 10 d 9 8 7 9 8 15 14 16 11 12 13 16 17 8 5 6 7 10 3 4 5 
Beneficio: 50
d 2 3 10 d 9 8 7 9 8 15 14 13 12 11 16 13 14 16 15 17 8 5 6 7 10 3 4 
Beneficio: 64
d 2 3 10 d 9 8 7 9 8 15 14 13 12 16 15 17 16 11 17 8 5 4 3 10 7 
Beneficio: 63
d 2 3 10 d 9 8 7 9 8 15 14 13 16 11 17 15 14 16 17 8 5 4 11 
Beneficio: 63
d 2 3 10 d 9 8 7 9 8 15 14 13 16 17 15 14 13 16 11 17 8 5 6 3 2 
Beneficio: 58
d 2 3 10 d 9 8 7 9 8 15 14 13 16 17 16 13 12 16 14 15 17 11 12 4 5 6 7 10 
Beneficio: 61
d 2 3 10 d 9 8 7 9 8 15 14 13 16 14 16 11 12 16 15 17 11 5 4 3 10 7 6 
Beneficio: 49
d 2 3 10 d 9 8 7 9 8 15 14 13 16 12 4 3 6 5 8 11 17 16 14 
Beneficio: 78
d 2 3 10 d 9 8 7 9 8 15 14 13 14 16 17 8 5 6 3 4 5 11 17 15 14 16 11 12 13 16 12 
Beneficio: 76
d 2 3 10 d 9 8 7 9 8 15 14 13 14 16 12 13 16 17 11 16 15 17 8 5 6 3 4 2 
Beneficio: 63
d 2 3 10 d 9 8 7 9 8 15 14 13 16 17 15 16 11 12 16 14 13 12 4 5 6 3 2 
Beneficio: 54
d 2 3 10 d 9 8 7 9 8 15 14 13 16 12 13 16 17 8 5 6 3 4 12 11 17 
Beneficio: 63
d 2 3 10 d 9 8 7 9 8 15 14 13 12 16 11 17 8 12 16 15 17 16 14 13 16 15 
Beneficio: 44
d 2 3 10 d 9 8 7 9 8 15 14 13 12 16 14 15 16 17 8 5 6 
Beneficio: 51
d 2 3 10 d 9 8 7 9 8 15 14 13 16 17 11 16 12 11 5 6 7 10 
Beneficio: 64
d 2 3 10 d 9 8 7 9 8 15 14 13 16 14 16 11 17 16 12 4 5 8 11 12 13 16 15 
Beneficio: 47
d 2 3 10 d 9 8 7 9 8 15 14 13 16 11 12 16 14 15 16 13 12 4 3 
Beneficio: 62
d 2 3 10 d 9 8 7 9 8 15 14 16 11 12 13 14 16 15 17 8 5 6 3 4 5 4 2 3 
Beneficio: 55
d 2 3 10 d 9 8 7 9 8 15 14 16 17 16 12 13 16 15 17 8 5 4 3 6 7 
Beneficio: 60
d 2 3 10 d 9 8 7 9 8 15 16 11 17 15 14 13 14 16 12 11 17 8 5 4 3 
Beneficio: 68
d 2 3 10 d 9 8 7 9 8 15 16 11 17 8 5 6 7 10 3 4 12 16 15 17 16 12 13 
Beneficio: 71
d 2 3 10 d 9 8 7 9 8 15 16 11 12 13 14 15 16 12 4 3 6 5 8 17 15 17 16 14 
Beneficio: 72
d 2 3 10 d 9 8 7 9 8 15 16 11 12 16 14 15 17 16 14 13 12 4 5 6 3 4 2 
Beneficio: 47
d 2 3 10 d 9 8 7 9 8 15 16 11 12 16 14 15 16 17 8 5 6 3 4 2 
Beneficio: 79
d 2 3 10 d 9 8 7 9 8 15 16 11 5 6 3 4 5 8 17 11 12 13 16 14 16 17 15 
Beneficio: 68
d 2 3 10 d 9 8 7 9 8 15 16 17 15 14 16 11 12 13 16 17 8 5 4 3 6 7 
Beneficio: 68
d 2 3 10 d 9 8 7 9 8 15 16 17 15 16 13 14 13 12 16 11 17 8 5 4 3 6 
Beneficio: 71
d 2 3 10 d 9 8 7 9 8 15 16 17 11 12 13 16 12 11 16 14 15 17 8 5 4 3 
Beneficio: 59
d 2 3 10 d 9 8 7 9 8 15 16 17 11 17 15 14 13 16 14 13 12 11 16 
Beneficio: 54
d 2 3 10 d 9 8 7 9 8 15 16 17 8 5 6 3 2 4 12 16 13 12 11 16 15 14 15 
Beneficio: 55
d 2 3 10 d 9 8 7 9 8 15 16 17 16 14 13 16 12 13 14 15 17 8 5 4 5 
Beneficio: 56
d 2 3 10 d 9 8 7 9 8 15 16 17 16 14 13 12 16 15 14 15 17 8 5 4 2 
Beneficio: 57
d 2 3 10 d 9 8 7 9 8 15 16 14 15 17 11 12 16 17 8 5 4 2 3 6 
Beneficio: 64
d 2 3 10 d 9 8 7 9 8 15 16 14 15 14 16 17 8 5 6 3 4 12 13 16 12 11 17 15 
Beneficio: 67
d 2 3 10 d 9 8 7 9 8 15 16 14 15 16 11 12 16 17 15 14 13 16 17 8 5 6 7 10 
Beneficio: 71
d 2 3 10 d 9 8 7 9 8 15 16 14 13 12 16 14 15 17 11 16 17 8 5 6 7 10 3 2 4 12 
Beneficio: 68
d 2 3 10 d 9 8 7 9 8 15 16 14 13 16 15 14 15 17 16 17 11 16 13 12 11 5 
Beneficio: 75
d 2 3 10 d 9 8 7 9 8 15 16 14 13 14 16 11 17 16 13 12 16 15 17 8 5 6 3 4 5 6 7 
Beneficio: 72
d 2 3 10 d 9 8 7 9 8 15 16 14 13 12 11 16 15 14 15 17 11 17 8 5 4 3 6 7 10 
Beneficio: 45
d 2 3 10 d 9 8 7 9 8 15 16 14 13 16 17 15 17 11 5 6 
Beneficio: 53
d 2 3 10 d 9 8 7 9 8 15 16 14 15 16 12 13 16 12 4 3 6 5 8 17 11 16 14 13 
Beneficio: 50
d 2 3 10 d 9 8 7 9 8 15 16 14 16 11 12 13 14 15 16 17 8 5 6 3 
Beneficio: 82
d 2 3 10 d 9 8 7 9 8 15 16 14 16 13 12 16 17 15 14 13 16 11 17 8 5 4 3 10 7 6 
Beneficio: 66
d 2 3 10 d 9 8 7 9 8 15 16 13 12 11 16 14 13 14 15 17 8 5 4 5 
Beneficio: 66
d 2 3 10 d 9 8 7 9 8 15 16 13 12 16 14 15 17 8 5 4 12 11 17 11 16 13 14 13 
Beneficio: 55
d 2 3 10 d 9 8 7 9 8 15 16 13 12 16 13 14 16 17 11 12 4 3 10 7 6 5 8 17 
Beneficio: 75
d 2 3 10 d 9 8 7 9 8 15 16 13 14 16 15 14 13 12 4 5 8 17 16 11 17 15 
Beneficio: 53
d 2 3 10 d 9 8 7 9 8 15 16 13 14 15 16 12 11 17 15 14 16 17 8 5 6 7 10 
Beneficio: 63
d 2 3 10 d 9 8 7 9 8 15 16 13 14 13 12 11 17 15 14 16 17 8 5 4 5 6 7 10 
Beneficio: 48
d 2 3 10 d 9 8 7 9 8 15 16 12 13 14 15 16 14 13 16 17 11 4 5 6 7 10 
Beneficio: 74
d 2 3 10 d 9 8 7 9 8 15 16 12 13 16 14 15 17 11 16 17 8 5 4 3 
Beneficio: 53
d 2 3 10 d 9 8 7 9 8 15 16 12 13 16 17 15 14 16 12 4 3 6 5 4 
Beneficio: 40
d 2 3 10 d 9 8 7 9 8 15 16 12 11 17 8 5 4 12 16 13 14 
Beneficio: 62
d 2 3 10 d 9 8 7 9 8 15 16 13 12 4 3 6 5 8 17 15 14 16 12 11 17 16 14 
Beneficio: 69
d 2 3 10 d 9 8 7 9 8 15 16 14 13 12 11 5 4 3 6 5 8 17 11 16 15 17 
Beneficio: 43
d 2 3 10 d 9 8 7 9 8 15 16 12 13 14 16 17 8 12 4 3 6 5 4 
Beneficio: 57
d 2 3 10 d 9 8 7 9 8 15 16 17 15 16 14 13 12 11 17 8 5 4 3 6 7 10 
Beneficio: 60
d 2 3 10 d 9 8 7 9 8 15 16 11 17 15 16 13 12 4 5 6 7 10 3 2 
Beneficio: 41
d 2 3 10 d 9 8 7 9 8 15 16 11 17 16 15 14 13 14 16 12 4 
Beneficio: 50
d 2 3 10 d 9 8 7 9 8 15 16 11 12 13 14 15 14 16 12 4 2 3 6 5 8 17 
Beneficio: 57
d 2 3 10 d 9 8 7 9 8 15 16 11 12 16 15 14 13 12 4 3 6 5 8 17 16 13 
Beneficio: 59
d 2 3 10 d 9 8 7 9 8 15 16 11 17 15 16 14 13 12 4 5 8 12 16 13 
Beneficio: 71
d 2 3 10 d 9 8 7 9 8 15 16 17 15 14 13 12 16 11 12 4 3 6 5 8 17 11 
Beneficio: 63
d 2 3 10 d 9 8 7 9 8 15 16 17 15 16 11 17 8 12 13 14 16 13 14 
Beneficio: 62
d 2 3 10 d 9 8 7 9 8 15 16 17 15 16 12 11 16 13 12 4 2 3 6 5 8 17 
Beneficio: 61
d 2 3 10 d 9 8 7 9 8 15 16 17 11 12 4 3 6 5 8 17 15 14 13 
Beneficio: 42
d 2 3 10 d 9 8 7 9 8 15 16 17 8 5 6 7 10 3 4 12 16 13 14 16 15 
Beneficio: 68
d 2 3 10 d 9 8 7 9 8 15 16 17 16 11 12 13 14 13 16 15 17 8 5 4 3 
Beneficio: 64
d 2 3 10 d 9 8 7 9 8 15 16 17 16 13 14 15 17 11 12 16 14 13 12 4 5 8 5 6 7 
Beneficio: 56
d 2 3 10 d 9 8 7 9 8 15 16 17 15 14 16 13 12 11 16 12 4 3 6 
Beneficio: 71
d 2 3 10 d 9 8 7 9 8 15 16 14 15 14 13 16 17 15 16 12 13 16 11 17 8 
Beneficio: 62
d 2 3 10 d 9 8 7 9 8 15 16 14 15 16 13 12 11 17 16 11 4 3 6 7 
Beneficio: 58
d 2 3 10 d 9 8 7 9 8 15 16 14 15 16 17 15 14 13 16 11 17 8 5 6 7 10 3 
Beneficio: 63
d 2 3 10 d 9 8 7 9 8 15 16 14 13 16 17 11 16 15 14 13 12 11 5 4 5 6 3 
Beneficio: 60
d 2 3 10 d 9 8 7 9 8 15 16 14 13 14 15 16 11 17 16 17 8 5 4 3 6 7 10 
Beneficio: 54
d 2 3 10 d 9 8 7 9 8 15 16 14 13 16 17 15 16 12 11 17 8 5 6 3 4 
Beneficio: 68
d 2 3 10 d 9 8 7 9 8 15 16 14 13 16 17 11 16 12 13 14 15 17 8 5 4 3 6 7 10 
Beneficio: 65
d 2 3 10 d 9 8 7 9 8 15 16 14 15 17 16 13 14 13 12 4 5 8 17 16 11 17 
Beneficio: 60
d 2 3 10 d 9 8 7 9 8 15 16 14 15 16 12 13 16 11 17 15 14 13 16 17 8 5 6 7 10 
Beneficio: 77
d 2 3 10 d 9 8 7 9 8 15 16 14 16 17 11 16 13 14 15 17 8 5 4 3 6 
Beneficio: 56
d 2 3 10 d 9 8 7 9 8 15 16 14 16 12 11 17 15 14 13 16 11 5 4 3 
Beneficio: 76
d 2 3 10 d 9 8 7 9 8 15 16 13 12 16 11 5 6 3 4 5 8 17 15 14 16 17 11 
Beneficio: 60
d 2 3 10 d 9 8 7 9 8 15 16 13 12 16 11 17 11 12 16 14 15 17 
Beneficio: 46
d 2 3 10 d 9 8 7 9 8 15 16 13 14 16 12 4 3 6 5 4 5 8 17 16 14 
Beneficio: 74
d 2 3 10 d 9 8 7 9 8 15 16 13 14 15 14 16 11 17 15 16 12 13 14 16 17 8 5 4 3 6 7 10 
Beneficio: 61
d 2 3 10 d 9 8 7 9 8 15 16 13 14 13 12 11 17 16 15 17 8 5 4 2 3 10 7 6 
Beneficio: 64
d 2 3 10 d 9 8 7 9 8 15 16 12 13 14 16 13 14 15 17 16 11 12 4 5 6 7 10 3 
Beneficio: 59
d 2 3 10 d 9 8 7 9 8 15 16 12 13 14 16 17 11 12 4 3 10 7 6 5 8 17 15 14 
Beneficio: 56
d 2 3 10 d 9 8 7 9 8 15 16 12 13 14 16 12 4 3 6 5 8 17 11 16 15 14 
Beneficio: 82
d 2 3 10 d 9 8 7 9 8 15 16 12 11 17 15 14 13 16 17 8 5 4 3 10 7 6 5 11 16 14 13 12 
Beneficio: 55
d 2 3 10 d 9 8 7 9 8 15 16 13 12 11 17 15 14 13 16 17 8 5 6 7 10 3 4 
Beneficio: 62
d 2 3 10 d 9 8 7 9 8 15 16 13 14 13 12 11 17 15 14 16 11 5 6 3 4 
Beneficio: 72
d 2 3 10 d 9 8 7 9 8 15 16 12 13 14 13 16 14 15 17 16 11 12 4 5 6 7 10 3 4 2 
Beneficio: 45
d 2 3 10 d 9 8 7 9 8 15 16 12 11 17 8 5 6 7 10 3 4 12 13 14 16 15 
Beneficio: 56
d 2 3 10 d 9 8 7 9 8 15 17 16 14 16 12 13 14 13 16 12 11 16 17 11 
Beneficio: 79
d 2 3 10 d 9 8 7 9 8 17 15 14 16 11 17 16 14 13 12 11 5 6 3 4 5 8 15 
Beneficio: 61
d 2 3 10 d 9 8 7 9 8 17 15 14 16 17 16 12 13 14 13 16 15 8 5 4 3 10 7 6 5 
Beneficio: 51
d 2 3 10 d 9 8 7 9 8 17 15 14 16 12 13 16 12 11 4 5 6 7 10 3 4 
Beneficio: 77
d 2 3 10 d 9 8 7 9 8 17 15 14 16 15 8 5 6 3 4 12 13 16 17 11 16 15 14 13 
Beneficio: 73
d 2 3 10 d 9 8 7 9 8 17 15 14 13 12 11 17 16 11 5 6 7 10 3 4 5 8 15 16 14 
Beneficio: 74
d 2 3 10 d 9 8 7 9 8 17 15 14 13 12 4 5 8 15 16 11 17 16 14 
Beneficio: 66
d 2 3 10 d 9 8 7 9 8 17 15 14 13 16 14 13 12 4 3 6 5 4 5 8 12 16 17 11 
Beneficio: 57
d 2 3 10 d 9 8 7 9 8 17 15 14 13 16 12 13 14 16 17 11 12 4 2 3 
Beneficio: 66
d 2 3 10 d 9 8 7 9 8 17 15 14 13 14 15 8 5 6 7 10 3 4 12 13 16 12 11 16 14 
Beneficio: 52
d 2 3 10 d 9 8 7 9 8 17 15 14 13 16 14 15 8 5 4 12 11 17 
Beneficio: 42
d 2 3 10 d 9 8 7 9 8 17 15 14 13 12 16 15 8 5 4 2 3 10 7 6 
Beneficio: 42
d 2 3 10 d 9 8 7 9 8 17 15 14 13 16 14 13 16 12 4 5 6 3 4 
Beneficio: 65
d 2 3 10 d 9 8 7 9 8 17 15 14 13 16 12 13 14 15 16 14 16 17 11 16 12 4 
Beneficio: 57
d 2 3 10 d 9 8 7 9 8 17 15 14 15 16 11 12 16 13 14 13 12 4 3 6 7 10 
Beneficio: 75
d 2 3 10 d 9 8 7 9 8 17 15 14 15 16 14 13 16 17 11 16 12 11 5 6 3 4 5 
Beneficio: 55
d 2 3 10 d 9 8 7 9 8 17 15 14 16 17 16 12 13 16 15 8 5 6 3 4 2 
Beneficio: 63
d 2 3 10 d 9 8 7 9 8 17 15 14 16 11 12 16 15 8 5 4 5 6 7 10 
Beneficio: 54
d 2 3 10 d 9 8 7 9 8 17 15 14 16 12 13 14 15 16 17 11 12 4 3 10 7 6 5 4 
Beneficio: 45
d 2 3 10 d 9 8 7 9 8 17 15 14 16 12 13 16 14 15 8 5 6 3 4 12 
Beneficio: 67
d 2 3 10 d 9 8 7 9 8 17 15 14 13 12 16 14 16 15 8 5 4 12 11 16 13 
Beneficio: 58
d 2 3 10 d 9 8 7 9 8 17 15 14 13 16 14 16 12 11 17 16 15 8 5 4 
Beneficio: 66
d 2 3 10 d 9 8 7 9 8 17 15 14 13 14 16 12 13 16 11 17 16 15 8 5 6 7 10 
Beneficio: 51
d 2 3 10 d 9 8 7 9 8 17 15 14 13 12 16 17 11 16 15 8 5 6 7 10 
Beneficio: 71
d 2 3 10 d 9 8 7 9 8 17 15 14 13 16 11 17 16 14 13 12 4 3 10 7 6 5 8 
Beneficio: 54
d 2 3 10 d 9 8 7 9 8 17 15 14 16 17 11 16 14 13 12 4 3 10 
Beneficio: 67
d 2 3 10 d 9 8 7 9 8 17 15 8 5 4 12 16 14 15 14 13 12 16 11 17 11 
Beneficio: 61
d 2 3 10 d 9 8 7 9 8 17 15 8 5 6 7 10 3 4 12 11 16 15 14 13 12 16 13 
Beneficio: 79
d 2 3 10 d 9 8 7 9 8 17 15 8 5 6 3 4 12 13 14 15 16 14 16 11 17 16 12 
Beneficio: 63
d 2 3 10 d 9 8 7 9 8 17 15 8 5 6 3 2 4 12 16 14 13 16 17 11 16 
Beneficio: 59
d 2 3 10 d 9 8 7 9 8 17 15 8 12 16 11 17 16 15 14 13 12 4 2 3 
Beneficio: 58
d 2 3 10 d 9 8 7 9 8 17 15 8 11 17 16 15 14 16 14 13 12 4 3 
Beneficio: 64
d 2 3 10 d 9 8 7 9 8 17 15 16 11 12 13 14 15 8 5 6 7 10 3 4 12 16 
Beneficio: 62
d 2 3 10 d 9 8 7 9 8 17 15 16 17 11 16 12 13 14 15 5 
Beneficio: 67
d 2 3 10 d 9 8 7 9 8 17 15 16 17 16 11 12 13 14 15 14 13 16 12 4 5 4 3 2 
Beneficio: 57
d 2 3 10 d 9 8 7 9 8 17 15 16 17 11 12 13 16 14 15 8 5 4 5 6 7 
Beneficio: 70
d 2 3 10 d 9 8 7 9 8 17 15 16 14 13 12 16 11 17 16 13 14 15 8 5 6 3 4 5 
Beneficio: 69
d 2 3 10 d 9 8 7 9 8 17 15 16 14 13 16 12 11 17 11 16 15 14 13 12 4 5 8 15 
Beneficio: 58
d 2 3 10 d 9 8 7 9 8 17 15 16 14 15 17 16 12 13 14 15 8 5 4 3 10 7 6 5 
Beneficio: 71
d 2 3 10 d 9 8 7 9 8 17 15 16 13 12 16 11 17 16 15 14 13 14 15 8 5 6 3 4 5 
Beneficio: 61
d 2 3 10 d 9 8 7 9 8 17 15 16 13 14 15 14 16 13 12 11 17 16 12 4 5 6 3 10 7 
Beneficio: 76
d 2 3 10 d 9 8 7 9 8 17 15 16 12 13 14 13 16 14 16 11 17 16 15 8 5 6 3 4 5 4 
Beneficio: 74
d 2 3 10 d 9 8 7 9 8 17 15 16 12 11 5 4 3 6 5 8 15 14 13 14 16 17 11 16 13 
Beneficio: 66
d 2 3 10 d 9 8 7 9 8 17 15 16 12 13 14 16 15 14 15 8 5 4 12 11 16 12 
Beneficio: 58
d 2 3 10 d 9 8 7 9 8 17 15 16 11 17 16 12 13 14 16 12 4 3 6 7 
Beneficio: 62
d 2 3 10 d 9 8 7 9 8 17 15 16 11 17 16 12 13 14 15 8 5 4 3 6 5 
Beneficio: 75
d 2 3 10 d 9 8 7 9 8 17 15 16 17 11 12 16 11 5 8 15 14 16 13 12 4 5 6 
Beneficio: 65
d 2 3 10 d 9 8 7 9 8 17 15 16 17 16 12 11 16 14 15 16 13 12 4 3 6 7 
Beneficio: 59
d 2 3 10 d 9 8 7 9 8 17 15 16 14 15 8 11 17 16 13 12 4 5 4 
Beneficio: 67
d 2 3 10 d 9 8 7 9 8 17 15 16 14 13 14 15 17 16 12 11 16 13 12 4 5 6 7 10 
Beneficio: 59
d 2 3 10 d 9 8 7 9 8 17 15 16 14 15 8 12 11 16 13 12 4 5 6 3 4 2 
Beneficio: 63
d 2 3 10 d 9 8 7 9 8 17 15 16 14 16 12 11 17 16 12 13 14 13 16 15 8 5 4 5 
Beneficio: 73
d 2 3 10 d 9 8 7 9 8 17 15 16 13 14 16 11 17 16 13 12 11 4 3 6 5 4 
Beneficio: 59
d 2 3 10 d 9 8 7 9 8 17 15 16 13 14 16 17 11 16 14 15 8 5 6 3 2 4 
Beneficio: 67
d 2 3 10 d 9 8 7 9 8 17 15 16 12 13 16 11 17 16 14 13 16 15 8 5 4 2 
Beneficio: 74
d 2 3 10 d 9 8 7 9 8 17 15 16 13 14 16 14 15 8 5 4 12 11 17 11 16 17 
Beneficio: 49
d 2 3 10 d 9 8 7 9 8 17 15 16 17 11 12 16 13 14 16 13 14 15 8 5 6 3 4 12 
Beneficio: 77
d 2 3 10 d 9 8 7 9 8 17 15 17 11 16 17 16 12 13 14 16 14 15 8 5 4 3 6 7 10 
Beneficio: 68
d 2 3 10 d 9 8 7 9 8 17 16 11 17 15 14 15 16 14 13 16 12 4 3 6 7 
Beneficio: 81
d 2 3 10 d 9 8 7 9 8 17 16 11 17 15 16 12 13 16 14 13 14 15 8 5 6 3 4 
Beneficio: 56
d 2 3 10 d 9 8 7 9 8 17 16 11 17 16 13 14 16 15 14 13 12 4 3 6 5 
Beneficio: 65
d 2 3 10 d 9 8 7 9 8 17 16 11 17 15 16 14 16 12 13 14 15 8 5 4 3 6 5 
Beneficio: 69
d 2 3 10 d 9 8 7 9 8 17 16 11 12 13 16 14 13 16 15 17 15 8 5 6 7 10 
Beneficio: 66
d 2 3 10 d 9 8 7 9 8 17 16 11 12 4 3 6 5 8 15 16 14 13 14 16 17 15 
Beneficio: 72
d 2 3 10 d 9 8 7 9 8 17 16 11 17 15 14 13 12 16 14 15 8 5 4 3 6 7 10 
Beneficio: 65
d 2 3 10 d 9 8 7 9 8 17 16 11 5 6 3 4 12 16 15 17 11 12 13 16 14 15 
Beneficio: 63
d 2 3 10 d 9 8 7 9 8 17 16 14 15 17 16 13 14 15 8 5 4 12 11 16 13 
Beneficio: 47
d 2 3 10 d 9 8 7 9 8 17 16 14 15 14 16 12 11 17 11 5 8 
Beneficio: 67
d 2 3 10 d 9 8 7 9 8 17 16 14 15 16 12 13 16 12 11 16 14 15 17 11 5 6 3 
Beneficio: 52
d 2 3 10 d 9 8 7 9 8 17 16 14 15 16 13 12 11 17 11 5 4 3 6 7 
Beneficio: 77
d 2 3 10 d 9 8 7 9 8 17 16 14 13 16 11 12 13 14 15 17 11 5 4 3 6 5 8 15 
Beneficio: 76
d 2 3 10 d 9 8 7 9 8 17 16 14 13 14 15 16 12 13 16 11 17 15 8 5 4 11 
######### Overtime ############
Mejor solucion encontrada!
Beneficio: 80
d 2 3 4 5 8 15 17 16 11 12 13 14 15 9 8 7 10 3 2 d 
Time taken: 7200.00s
