Evaluando ./Instances\CHRISTOFIDES\P14NoRPP
Solucion inicial: ./Instances\CHRISTOFIDES\P14NoRPP-salida.txt

Beneficio: 91
d 2 4 3 2 d 4 25 26 24 22 23 24 25 28 27 26 20 18 19 20 21 23 22 3 8 6 7 8 5 6 9 14 12 13 14 12 11 14 21 13 15 17 16 15 
Beneficio: 106
d 2 4 3 2 d 4 25 26 24 22 23 24 25 28 27 26 20 18 19 20 21 23 22 3 8 6 7 8 5 6 9 14 13 12 11 14 12 11 10 9 10 
Beneficio: 81
d 2 4 3 2 d 4 25 26 24 22 23 24 25 28 27 26 20 18 19 20 21 23 22 3 8 6 7 9 10 11 12 14 9 10 6 5 8 
Beneficio: 103
d 2 4 3 2 d 4 25 26 24 22 23 24 25 28 27 26 20 18 19 20 21 23 22 3 8 6 7 9 14 12 11 10 9 6 5 8 7 14 11 12 13 15 
Beneficio: 96
d 2 4 3 2 d 4 25 26 24 22 23 24 25 28 27 26 20 18 19 20 21 23 22 3 8 6 7 13 12 14 13 15 16 19 9 10 11 14 7 9 
Beneficio: 94
d 2 4 3 2 d 4 25 26 24 22 23 24 25 28 27 26 20 18 19 20 21 23 22 3 8 6 7 10 11 12 14 9 10 9 7 13 12 14 13 15 16 17 18 
Beneficio: 98
d 2 4 3 2 d 4 25 26 24 22 23 24 25 28 27 26 20 18 19 20 21 23 22 3 8 6 7 14 12 11 10 9 14 13 12 11 10 
Beneficio: 82
d 2 4 3 2 d 4 25 26 24 22 23 24 25 28 27 26 20 18 19 20 21 23 22 3 8 6 7 9 14 11 10 9 7 14 13 15 16 
Beneficio: 107
d 2 4 3 2 d 4 25 26 24 22 23 24 25 28 27 26 20 18 19 20 21 23 22 3 8 6 5 6 7 9 19 15 13 14 11 10 9 14 12 13 15 
Beneficio: 90
d 2 4 3 2 d 4 25 26 24 22 23 24 25 28 27 26 20 18 19 20 21 23 22 3 8 6 5 6 9 14 13 12 11 10 9 22 8 7 13 15 16 17 
Beneficio: 72
d 2 4 3 2 d 4 25 26 24 22 23 24 25 28 27 26 20 18 19 20 21 23 22 3 8 6 5 6 9 14 12 11 10 9 7 14 13 15 17 16 
Beneficio: 82
d 2 4 3 2 d 4 25 26 24 22 23 24 25 28 27 26 20 18 19 20 21 23 22 3 8 6 5 8 7 9 14 13 12 11 14 7 13 15 16 17 
Beneficio: 110
d 2 4 3 2 d 4 25 26 24 22 23 24 25 28 27 26 20 18 19 20 21 23 22 3 8 6 5 8 7 6 9 10 11 14 13 12 14 9 7 13 15 16 17 
Beneficio: 70
d 2 4 3 2 d 4 25 26 24 22 23 24 25 28 27 26 20 18 19 20 21 23 22 3 8 6 5 8 7 13 14 11 12 14 9 22 13 15 17 18 
Beneficio: 93
d 2 4 3 2 d 4 25 26 24 22 23 24 25 28 27 26 20 18 19 20 21 23 22 3 8 6 5 8 7 6 13 12 14 13 15 17 
Beneficio: 85
d 2 4 3 2 d 4 25 26 24 22 23 24 25 28 27 26 20 18 19 20 21 23 22 3 8 6 5 8 7 14 13 12 14 21 13 6 7 9 10 
Beneficio: 81
d 2 4 3 2 d 4 25 26 24 22 23 24 25 28 27 26 20 18 19 20 21 23 22 3 8 6 5 8 7 9 10 11 12 13 19 16 17 
Beneficio: 78
d 2 4 3 2 d 4 25 26 24 22 23 24 25 28 27 26 20 18 19 20 21 23 22 3 8 6 5 22 9 10 11 14 13 19 17 18 
Beneficio: 78
d 2 4 3 2 d 4 25 26 24 22 23 24 25 28 27 26 20 18 19 20 21 23 22 3 8 6 5 22 9 10 11 12 13 14 9 7 8 
Beneficio: 88
d 2 4 3 2 d 4 25 26 24 22 23 24 25 28 27 26 20 18 19 20 21 23 22 3 8 6 9 10 11 14 9 22 5 6 7 14 13 15 17 16 15 
Beneficio: 88
d 2 4 3 2 d 4 25 26 24 22 23 24 25 28 27 26 20 18 19 20 21 23 22 3 8 6 9 14 13 12 11 10 6 7 13 15 17 16 
Beneficio: 78
d 2 4 3 2 d 4 25 26 24 22 23 24 25 28 27 26 20 18 19 20 21 23 22 3 8 6 7 9 14 13 12 14 7 8 5 6 10 9 
Beneficio: 82
d 2 4 3 2 d 4 25 26 24 22 23 24 25 28 27 26 20 18 19 20 21 23 22 3 8 6 10 9 14 12 13 15 16 19 7 6 
Beneficio: 87
d 2 4 3 2 d 4 25 26 24 22 23 24 25 28 27 26 20 18 19 20 21 23 22 3 8 6 13 12 13 14 11 10 9 14 12 11 
Beneficio: 102
d 2 4 3 2 d 4 25 26 24 22 23 24 25 28 27 26 20 18 19 20 21 23 22 3 8 6 10 9 14 13 12 14 11 10 9 7 6 7 13 15 17 16 15 
Beneficio: 98
d 2 4 3 2 d 4 25 26 24 22 23 24 25 28 27 26 20 18 19 20 21 23 22 3 8 7 6 5 6 8 7 9 10 11 14 12 13 15 16 17 
Beneficio: 91
d 2 4 3 2 d 4 25 26 24 22 23 24 25 28 27 26 20 18 19 20 21 23 22 3 8 7 6 5 6 19 16 15 13 14 11 10 9 14 12 11 
Beneficio: 89
d 2 4 3 2 d 4 25 26 24 22 23 24 25 28 27 26 20 18 19 20 21 23 22 3 8 7 6 5 8 7 9 10 11 12 14 9 6 5 
Beneficio: 87
d 2 4 3 2 d 4 25 26 24 22 23 24 25 28 27 26 20 18 19 20 21 23 22 3 8 7 6 5 8 7 13 14 9 10 11 14 21 13 15 17 18 
Beneficio: 100
d 2 4 3 2 d 4 25 26 24 22 23 24 25 28 27 26 20 18 19 20 21 23 22 3 8 7 6 5 22 8 7 13 14 12 11 10 11 14 12 13 15 17 16 
Beneficio: 90
d 2 4 3 2 d 4 25 26 24 22 23 24 25 28 27 26 20 18 19 20 21 23 22 3 8 7 6 8 7 14 12 13 14 12 11 10 9 7 13 15 16 17 
Beneficio: 97
d 2 4 3 2 d 4 25 26 24 22 23 24 25 28 27 26 20 18 19 20 21 23 22 3 8 7 6 8 5 6 5 22 9 10 11 12 13 14 9 7 13 15 16 17 18 
Beneficio: 109
d 2 4 3 2 d 4 25 26 24 22 23 24 25 28 27 26 20 18 19 20 21 23 22 3 8 7 6 8 5 6 9 10 11 12 14 11 12 13 14 9 7 13 15 16 17 18 
Beneficio: 102
d 2 4 3 2 d 4 25 26 24 22 23 24 25 28 27 26 20 18 19 20 21 23 22 3 8 7 6 9 14 11 12 14 13 12 11 10 9 7 13 15 16 
Beneficio: 96
d 2 4 3 2 d 4 25 26 24 22 23 24 25 28 27 26 20 18 19 20 21 23 22 3 8 7 6 13 12 14 9 10 11 12 14 13 7 8 6 5 
Beneficio: 96
d 2 4 3 2 d 4 25 26 24 22 23 24 25 28 27 26 20 18 19 20 21 23 22 3 8 7 9 10 11 14 13 12 14 9 6 5 8 6 13 7 
Beneficio: 87
d 2 4 3 2 d 4 25 26 24 22 23 24 25 28 27 26 20 18 19 20 21 23 22 3 8 7 9 10 9 14 11 12 13 14 7 8 5 6 19 
Beneficio: 78
d 2 4 3 2 d 4 25 26 24 22 23 24 25 28 27 26 20 18 19 20 21 23 22 3 8 7 9 14 11 12 14 13 15 17 16 19 6 5 6 7 8 
Beneficio: 99
d 2 4 3 2 d 4 25 26 24 22 23 24 25 28 27 26 20 18 19 20 21 23 22 3 8 7 9 14 12 13 6 8 5 6 7 13 21 14 11 10 9 
Beneficio: 73
d 2 4 3 2 d 4 25 26 24 22 23 24 25 28 27 26 20 18 19 20 21 23 22 3 8 7 9 10 11 14 13 6 5 6 7 13 
Beneficio: 109
d 2 4 3 2 d 4 25 26 24 22 23 24 25 28 27 26 20 18 19 20 21 23 22 3 8 7 13 12 11 14 9 6 5 8 6 7 9 10 11 12 14 13 21 
Beneficio: 103
d 2 4 3 2 d 4 25 26 24 22 23 24 25 28 27 26 20 18 19 20 21 23 22 3 8 7 13 14 12 13 14 11 10 9 6 5 6 7 8 5 
Beneficio: 85
d 2 4 3 2 d 4 25 26 24 22 23 24 25 28 27 26 20 18 19 20 21 23 22 3 8 7 10 11 12 14 13 12 14 11 10 6 8 7 9 
Beneficio: 91
d 2 4 3 2 d 4 25 26 24 22 23 24 25 28 27 26 20 18 19 20 21 23 22 3 8 7 14 11 12 13 14 9 7 8 6 5 6 7 13 15 17 16 19 
Beneficio: 85
d 2 4 3 2 d 4 25 26 24 22 23 24 25 28 27 26 20 18 19 20 21 23 22 3 8 7 14 12 11 14 9 7 6 5 8 7 13 15 16 
Beneficio: 101
d 2 4 3 2 d 4 25 26 24 22 23 24 25 28 27 26 20 18 19 20 21 23 22 3 8 7 10 9 10 11 14 12 13 7 6 5 8 6 9 
Beneficio: 91
d 2 4 3 2 d 4 25 26 24 22 23 24 25 28 27 26 20 18 19 20 21 23 22 3 8 7 6 5 6 8 7 13 12 14 11 12 13 15 16 19 
Beneficio: 86
d 2 4 3 2 d 4 25 26 24 22 23 24 25 28 27 26 20 18 19 20 21 23 22 3 8 7 6 5 8 6 7 9 10 11 12 14 13 15 
Beneficio: 109
d 2 4 3 2 d 4 25 26 24 22 23 24 25 28 27 26 20 18 19 20 21 23 22 3 8 7 6 5 8 6 9 10 11 14 13 7 9 14 12 13 15 17 16 
Beneficio: 102
d 2 4 3 2 d 4 25 26 24 22 23 24 25 28 27 26 20 18 19 20 21 23 22 3 8 7 6 5 8 7 13 14 11 12 13 12 11 10 9 7 
Beneficio: 68
d 2 4 3 2 d 4 25 26 24 22 23 24 25 28 27 26 20 18 19 20 21 23 22 3 8 7 6 5 22 8 7 9 14 13 15 16 17 18 
Beneficio: 88
d 2 4 3 2 d 4 25 26 24 22 23 24 25 28 27 26 20 18 19 20 21 23 22 3 8 7 6 8 7 9 14 13 12 14 21 6 5 
Beneficio: 83
d 2 4 3 2 d 4 25 26 24 22 23 24 25 28 27 26 20 18 19 20 21 23 22 3 8 7 6 8 5 6 13 14 12 11 10 9 22 13 15 16 17 
Beneficio: 85
d 2 4 3 2 d 4 25 26 24 22 23 24 25 28 27 26 20 18 19 20 21 23 22 3 8 7 6 5 8 7 13 12 13 14 11 
Beneficio: 81
d 2 4 3 2 d 4 25 26 24 22 23 24 25 28 27 26 20 18 19 20 21 23 22 3 8 7 6 7 9 10 9 14 13 12 11 10 6 
Beneficio: 89
d 2 4 3 2 d 4 25 26 24 22 23 24 25 28 27 26 20 18 19 20 21 23 22 3 8 7 6 19 18 17 15 13 14 12 11 10 9 14 12 13 
Beneficio: 99
d 2 4 3 2 d 4 25 26 24 22 23 24 25 28 27 26 20 18 19 20 21 23 22 3 8 7 9 10 11 12 13 14 11 12 14 21 13 7 6 10 
Beneficio: 88
d 2 4 3 2 d 4 25 26 24 22 23 24 25 28 27 26 20 18 19 20 21 23 22 3 8 7 9 10 11 12 13 14 11 10 6 7 13 15 16 
Beneficio: 99
d 2 4 3 2 d 4 25 26 24 22 23 24 25 28 27 26 20 18 19 20 21 23 22 3 8 7 9 14 13 12 11 10 9 6 8 7 6 5 22 13 15 16 17 18 
Beneficio: 90
d 2 4 3 2 d 4 25 26 24 22 23 24 25 28 27 26 20 18 19 20 21 23 22 3 8 7 9 14 12 11 14 13 7 6 5 22 9 10 11 10 
Beneficio: 101
d 2 4 3 2 d 4 25 26 24 22 23 24 25 28 27 26 20 18 19 20 21 23 22 3 8 7 13 12 14 11 10 6 8 5 6 7 9 10 11 12 14 
Beneficio: 85
d 2 4 3 2 d 4 25 26 24 22 23 24 25 28 27 26 20 18 19 20 21 23 22 3 8 7 13 12 11 14 9 6 8 7 6 13 15 16 17 
Beneficio: 89
d 2 4 3 2 d 4 25 26 24 22 23 24 25 28 27 26 20 18 19 20 21 23 22 3 8 7 13 14 12 11 10 11 14 9 10 6 5 8 6 7 9 
Beneficio: 94
d 2 4 3 2 d 4 25 26 24 22 23 24 25 28 27 26 20 18 19 20 21 23 22 3 8 7 10 9 14 12 13 14 11 10 9 19 13 15 16 17 
Beneficio: 101
d 2 4 3 2 d 4 25 26 24 22 23 24 25 28 27 26 20 18 19 20 21 23 22 3 8 7 14 13 12 14 11 10 9 7 8 5 6 7 13 
Beneficio: 99
d 2 4 3 2 d 4 25 26 24 22 23 24 25 28 27 26 20 18 19 20 21 23 22 3 8 7 10 11 14 9 10 7 6 8 7 14 12 13 15 16 17 18 
Beneficio: 97
d 2 4 3 2 d 4 25 26 24 22 23 24 25 28 27 26 20 18 19 20 21 23 22 3 8 7 9 14 11 12 13 7 8 6 5 22 9 10 11 
Beneficio: 95
d 2 4 3 2 d 4 25 26 24 22 23 24 25 28 27 26 20 18 19 20 21 23 22 3 8 5 6 7 8 6 9 10 9 14 12 13 7 10 11 12 14 
Beneficio: 114
d 2 4 3 2 d 4 25 26 24 22 23 24 25 28 27 26 20 18 19 20 21 23 22 3 8 5 6 7 9 14 13 12 11 14 12 11 10 9 22 13 15 
Beneficio: 84
d 2 4 3 2 d 4 25 26 24 22 23 24 25 28 27 26 20 18 19 20 21 23 22 3 8 5 6 7 10 9 14 11 10 9 7 8 5 6 
Beneficio: 105
d 2 4 3 2 d 4 25 26 24 22 23 24 25 28 27 26 20 18 19 20 21 23 22 3 8 5 6 8 7 6 13 14 11 10 9 19 16 15 13 12 14 21 
Beneficio: 70
d 2 4 3 2 d 4 25 26 24 22 23 24 25 28 27 26 20 18 19 20 21 23 22 3 8 5 6 8 7 9 10 11 12 14 13 15 16 17 15 
Beneficio: 86
d 2 4 3 2 d 4 25 26 24 22 23 24 25 28 27 26 20 18 19 20 21 23 22 3 8 5 6 8 7 13 15 16 19 9 10 11 14 13 12 11 
Beneficio: 97
d 2 4 3 2 d 4 25 26 24 22 23 24 25 28 27 26 20 18 19 20 21 23 22 3 8 5 6 9 7 14 12 13 14 9 10 11 14 21 13 15 17 16 
Beneficio: 80
d 2 4 3 2 d 4 25 26 24 22 23 24 25 28 27 26 20 18 19 20 21 23 22 3 8 5 6 13 14 12 11 10 9 7 6 8 7 13 15 16 17 
Beneficio: 72
d 2 4 3 2 d 4 25 26 24 22 23 24 25 28 27 26 20 18 19 20 21 23 22 3 8 5 6 7 8 6 13 14 12 11 14 9 7 8 5 
Beneficio: 79
d 2 4 3 2 d 4 25 26 24 22 23 24 25 28 27 26 20 18 19 20 21 23 22 3 8 5 6 7 10 11 12 13 15 
Beneficio: 90
d 2 4 3 2 d 4 25 26 24 22 23 24 25 28 27 26 20 18 19 20 21 23 22 3 8 5 6 7 8 6 10 11 14 12 13 15 16 17 18 
Beneficio: 93
d 2 4 3 2 d 4 25 26 24 22 23 24 25 28 27 26 20 18 19 20 21 23 22 3 8 5 6 7 9 14 11 10 11 12 14 13 15 17 16 15 19 
Beneficio: 82
d 2 4 3 2 d 4 25 26 24 22 23 24 25 28 27 26 20 18 19 20 21 23 22 3 8 5 6 7 10 11 10 9 7 14 13 15 16 17 15 
Beneficio: 85
d 2 4 3 2 d 4 25 26 24 22 23 24 25 28 27 26 20 18 19 20 21 23 22 3 8 5 6 8 7 6 7 10 9 14 11 12 14 13 15 16 
Beneficio: 104
d 2 4 3 2 d 4 25 26 24 22 23 24 25 28 27 26 20 18 19 20 21 23 22 3 8 5 6 8 7 10 11 14 13 12 14 9 6 7 13 
Beneficio: 93
d 2 4 3 2 d 4 25 26 24 22 23 24 25 28 27 26 20 18 19 20 21 23 22 3 8 5 6 8 7 13 12 14 11 10 9 22 13 15 
Beneficio: 93
d 2 4 3 2 d 4 25 26 24 22 23 24 25 28 27 26 20 18 19 20 21 23 22 3 8 5 6 9 14 7 10 11 14 12 13 15 17 16 
Beneficio: 69
d 2 4 3 2 d 4 25 26 24 22 23 24 25 28 27 26 20 18 19 20 21 23 22 3 8 5 6 13 14 11 10 9 14 13 
Beneficio: 92
d 2 4 3 2 d 4 25 26 24 22 23 24 25 28 27 26 20 18 19 20 21 23 22 3 8 5 6 7 8 5 6 9 10 11 14 13 12 
Beneficio: 90
d 2 4 3 2 d 4 25 26 24 22 23 24 25 28 27 26 20 18 19 20 21 23 22 3 8 5 6 9 14 13 7 9 10 11 14 12 13 15 16 17 18 
Beneficio: 96
d 2 4 3 2 d 4 25 26 24 22 23 24 25 28 27 26 20 18 19 20 21 23 22 3 8 6 7 13 12 14 9 10 11 12 14 13 15 16 17 
Beneficio: 95
d 2 4 3 2 d 4 25 26 24 22 23 24 25 28 27 26 20 18 19 20 21 23 22 3 8 6 10 9 7 13 14 9 10 11 14 12 13 15 17 16 15 
Beneficio: 85
d 2 4 3 2 d 4 25 26 24 22 23 24 25 28 27 26 20 18 19 20 21 23 22 3 5 6 7 8 5 22 14 12 13 14 9 7 8 6 
Beneficio: 81
d 2 4 3 2 d 4 25 26 24 22 23 24 25 28 27 26 20 18 19 20 21 23 22 3 5 6 7 8 5 6 9 14 12 11 14 13 15 16 17 
Beneficio: 109
d 2 4 3 2 d 4 25 26 24 22 23 24 25 28 27 26 20 18 19 20 21 23 22 3 5 6 7 9 14 12 11 10 11 14 13 12 13 15 16 
Beneficio: 104
d 2 4 3 2 d 4 25 26 24 22 23 24 25 28 27 26 20 18 19 20 21 23 22 3 5 6 7 10 11 12 13 14 11 12 14 9 7 13 15 16 17 18 
Beneficio: 93
d 2 4 3 2 d 4 25 26 24 22 23 24 25 28 27 26 20 18 19 20 21 23 22 3 5 6 7 10 11 14 13 12 11 10 9 22 5 
Beneficio: 74
d 2 4 3 2 d 4 25 26 24 22 23 24 25 28 27 26 20 18 19 20 21 23 22 3 5 6 8 7 6 10 11 12 14 19 16 17 
Beneficio: 83
d 2 4 3 2 d 4 25 26 24 22 23 24 25 28 27 26 20 18 19 20 21 23 22 3 5 6 8 7 9 10 11 14 12 13 15 16 17 
Beneficio: 101
d 2 4 3 2 d 4 25 26 24 22 23 24 25 28 27 26 20 18 19 20 21 23 22 3 5 6 8 7 6 5 8 7 9 10 11 12 14 11 12 13 15 16 19 
Beneficio: 91
d 2 4 3 2 d 4 25 26 24 22 23 24 25 28 27 26 20 18 19 20 21 23 22 3 5 6 8 7 6 19 15 16 17 15 13 14 9 10 11 14 21 13 
Beneficio: 85
d 2 4 3 2 d 4 25 26 24 22 23 24 25 28 27 26 20 18 19 20 21 23 22 3 5 6 8 7 13 14 11 10 6 7 8 5 22 
Beneficio: 69
d 2 4 3 2 d 4 25 26 24 22 23 24 25 28 27 26 20 18 19 20 21 23 22 3 5 6 5 8 7 9 10 11 12 14 13 15 17 
Beneficio: 95
d 2 4 3 2 d 4 25 26 24 22 23 24 25 28 27 26 20 18 19 20 21 23 22 3 5 6 5 8 7 13 14 9 10 11 12 14 11 12 13 15 17 
Beneficio: 102
d 2 4 3 2 d 4 25 26 24 22 23 24 25 28 27 26 20 18 19 20 21 23 22 3 5 6 8 7 9 14 13 12 14 11 10 7 8 5 6 7 
Beneficio: 76
d 2 4 3 2 d 4 25 26 24 22 23 24 25 28 27 26 20 18 19 20 21 23 22 3 5 6 9 7 6 8 7 14 11 12 14 13 15 17 
Beneficio: 74
d 2 4 3 2 d 4 25 26 24 22 23 24 25 28 27 26 20 18 19 20 21 23 22 3 5 6 10 9 10 11 12 14 13 7 8 6 9 
Beneficio: 67
d 2 4 3 2 d 4 25 26 24 22 23 24 25 28 27 26 20 18 19 20 21 23 22 3 5 6 19 15 13 14 11 12 14 13 15 16 17 
Beneficio: 83
d 2 4 3 2 d 4 25 26 24 22 23 24 25 28 27 26 20 18 19 20 21 23 22 3 5 6 7 8 6 19 16 15 13 14 11 10 9 19 
Beneficio: 100
d 2 4 3 2 d 4 25 26 24 22 23 24 25 28 27 26 20 18 19 20 21 23 22 3 5 6 7 10 11 12 14 21 13 12 11 14 9 10 9 
Beneficio: 78
d 2 4 3 2 d 4 25 26 24 22 23 24 25 28 27 26 20 18 19 20 21 23 22 3 5 6 8 7 13 12 14 9 10 9 6 7 8 
Beneficio: 85
d 2 4 3 2 d 4 25 26 24 22 23 24 25 28 27 26 20 18 19 20 21 23 22 3 5 6 8 7 14 11 10 7 9 14 12 13 7 
Beneficio: 90
d 2 4 3 2 d 4 25 26 24 22 23 24 25 28 27 26 20 18 19 20 21 23 22 3 5 6 13 14 9 10 11 14 12 13 7 8 5 22 9 
Beneficio: 91
d 2 4 3 2 d 4 25 26 24 22 23 24 25 28 27 26 20 18 19 20 21 23 22 3 5 8 6 7 9 10 11 12 14 9 22 13 12 14 13 15 16 
Beneficio: 84
d 2 4 3 2 d 4 25 26 24 22 23 24 25 28 27 26 20 18 19 20 21 23 22 3 5 8 6 5 6 7 14 9 10 11 14 13 15 16 17 
Beneficio: 95
d 2 4 3 2 d 4 25 26 24 22 23 24 25 28 27 26 20 18 19 20 21 23 22 3 5 8 6 5 8 7 14 11 10 9 14 13 12 11 10 7 
Beneficio: 97
d 2 4 3 2 d 4 25 26 24 22 23 24 25 28 27 26 20 18 19 20 21 23 22 3 5 8 7 6 5 6 8 7 9 10 11 12 14 11 12 13 
Beneficio: 94
d 2 4 3 2 d 4 25 26 24 22 23 24 25 28 27 26 20 18 19 20 21 23 22 3 5 8 7 6 8 5 6 9 10 11 12 13 15 16 17 
Beneficio: 86
d 2 4 3 2 d 4 25 26 24 22 23 24 25 28 27 26 20 18 19 20 21 23 22 3 5 8 7 9 14 13 12 11 10 9 22 5 6 7 8 6 
Beneficio: 98
d 2 4 3 2 d 4 25 26 24 22 23 24 25 28 27 26 20 18 19 20 21 23 22 3 5 8 7 9 14 11 10 11 12 13 7 6 5 8 
Beneficio: 101
d 2 4 3 2 d 4 25 26 24 22 23 24 25 28 27 26 20 18 19 20 21 23 22 3 5 8 7 6 8 7 9 14 13 12 14 11 10 9 6 13 15 
Beneficio: 107
d 2 4 3 2 d 4 25 26 24 22 23 24 25 28 27 26 20 18 19 20 21 23 22 3 5 8 7 9 14 11 10 9 22 13 14 12 13 7 6 5 8 
Beneficio: 93
d 2 4 3 2 d 4 25 26 24 22 23 24 25 28 27 26 20 18 19 20 21 23 22 3 5 8 7 14 12 11 14 9 10 9 7 6 5 8 7 13 12 
Beneficio: 76
d 2 4 3 2 d 4 25 26 24 22 23 24 25 28 27 26 20 18 19 20 21 23 22 3 5 8 6 7 9 14 12 11 10 9 6 13 15 16 
Beneficio: 73
d 2 4 3 2 d 4 25 26 24 22 23 24 25 28 27 26 20 18 19 20 21 23 22 3 5 8 6 5 6 7 9 10 11 12 14 13 15 16 19 
Beneficio: 90
d 2 4 3 2 d 4 25 26 24 22 23 24 25 28 27 26 20 18 19 20 21 23 22 3 5 8 6 5 8 7 9 14 13 12 11 10 9 14 13 15 16 17 
Beneficio: 98
d 2 4 3 2 d 4 25 26 24 22 23 24 25 28 27 26 20 18 19 20 21 23 22 3 5 8 7 6 5 6 8 7 10 9 14 13 12 14 11 
Beneficio: 73
d 2 4 3 2 d 4 25 26 24 22 23 24 25 28 27 26 20 18 19 20 21 23 22 3 5 8 7 6 8 7 10 9 14 11 12 13 15 17 16 15 
Beneficio: 69
d 2 4 3 2 d 4 25 26 24 22 23 24 25 28 27 26 20 18 19 20 21 23 22 3 5 8 7 9 14 11 12 14 13 19 15 16 
Beneficio: 79
d 2 4 3 2 d 4 25 26 24 22 23 24 25 28 27 26 20 18 19 20 21 23 22 3 5 8 7 10 11 12 13 15 16 19 9 14 
Beneficio: 101
d 2 4 3 2 d 4 25 26 24 22 23 24 25 28 27 26 20 18 19 20 21 23 22 3 5 8 7 6 8 7 14 11 12 14 13 12 11 10 6 5 
Beneficio: 98
d 2 4 3 2 d 4 25 26 24 22 23 24 25 28 27 26 20 18 19 20 21 23 22 3 5 8 7 9 10 9 14 11 10 11 12 13 7 6 5 
Beneficio: 82
d 2 4 3 2 d 4 25 26 24 22 23 24 25 28 27 26 20 18 19 20 21 23 22 3 5 8 7 14 13 12 14 9 10 6 7 13 15 
Beneficio: 81
d 2 4 3 2 d 4 25 26 24 22 23 24 25 28 27 26 20 18 19 20 21 23 22 3 8 6 7 9 10 11 14 12 13 7 8 5 
Beneficio: 90
d 2 4 3 2 d 4 25 26 24 22 23 24 25 28 27 26 20 18 19 20 21 23 22 3 8 6 7 14 9 10 11 12 14 13 15 16 17 
Beneficio: 75
d 2 4 3 2 d 4 25 26 24 22 23 24 25 28 27 26 20 18 19 20 21 23 22 3 8 6 5 8 7 6 5 8 7 9 14 13 15 17 16 15 
Beneficio: 88
d 2 4 3 2 d 4 25 26 24 22 23 24 25 28 27 26 20 18 19 20 21 23 22 3 8 6 5 8 7 9 14 13 12 11 10 9 22 5 8 7 13 
Beneficio: 87
d 2 4 3 2 d 4 25 26 24 22 23 24 25 28 27 26 20 18 19 20 21 23 22 3 8 6 7 9 10 11 14 13 12 11 10 9 
Beneficio: 77
d 2 4 3 2 d 4 25 26 24 22 23 24 25 28 27 26 20 18 19 20 21 23 22 3 8 7 6 5 6 8 7 9 10 11 12 14 9 
Beneficio: 69
d 2 4 3 2 d 4 25 26 24 22 23 24 25 28 27 26 20 18 19 20 21 23 22 3 8 7 6 8 7 9 14 11 12 14 13 15 16 17 
Beneficio: 77
d 2 4 3 2 d 4 25 26 24 22 23 24 25 28 27 26 20 18 19 20 21 23 22 3 8 7 6 7 10 9 14 12 11 14 13 15 16 17 
Beneficio: 84
d 2 4 3 2 d 4 25 26 24 22 23 24 25 28 27 26 20 18 19 20 21 23 22 3 8 7 9 14 12 11 10 9 10 11 12 13 21 
Beneficio: 100
d 2 4 3 2 d 4 25 26 24 22 23 24 25 28 27 26 20 18 19 20 21 23 22 3 8 7 14 11 12 13 14 9 10 7 6 5 6 
Beneficio: 74
d 2 4 3 2 d 4 25 26 24 22 23 24 25 28 27 26 20 18 19 20 21 23 22 3 8 7 6 5 8 7 14 12 11 10 9 7 13 15 
Beneficio: 95
d 2 4 3 2 d 4 25 26 24 22 23 24 25 28 27 26 20 18 19 20 21 23 22 3 8 7 6 8 7 14 11 10 9 14 13 
Beneficio: 80
d 2 4 3 2 d 4 25 26 24 22 23 24 25 28 27 26 20 18 19 20 21 23 22 3 8 7 9 10 11 14 13 15 19 6 5 
Beneficio: 100
d 2 4 3 2 d 4 25 26 24 22 23 24 25 28 27 26 20 18 19 20 21 23 22 3 8 7 13 12 14 7 6 5 8 7 9 14 11 10 9 
Beneficio: 75
d 2 4 3 2 d 4 25 26 24 22 23 24 25 28 27 26 20 18 19 20 21 23 22 3 8 7 10 11 12 14 9 7 8 5 6 8 
Beneficio: 100
d 2 4 3 2 d 4 25 26 24 22 23 24 25 28 27 26 20 18 19 20 21 23 22 3 8 5 6 8 7 6 10 9 14 11 12 13 15 
Beneficio: 77
d 2 4 3 2 d 4 25 26 24 22 23 24 25 28 27 26 20 18 19 20 21 23 22 3 8 5 6 7 8 6 10 11 10 9 14 13 
Beneficio: 89
d 2 4 3 2 d 4 25 26 24 22 23 24 25 28 27 26 20 18 19 20 21 23 22 3 8 5 6 7 6 10 11 12 13 15 17 
Beneficio: 76
d 2 4 3 2 d 4 25 26 24 22 23 24 25 28 27 26 20 18 19 20 21 23 22 3 8 5 6 13 12 14 13 7 8 5 
Beneficio: 79
d 2 4 3 2 d 4 25 26 24 22 23 24 25 28 27 26 20 18 19 20 21 23 22 3 5 6 7 8 5 6 9 10 11 14 13 15 16 
Beneficio: 104
d 2 4 3 2 d 4 25 26 24 22 23 24 25 28 27 26 20 18 19 20 21 23 22 3 5 6 8 7 6 5 8 7 13 14 11 12 14 9 10 11 12 13 
Beneficio: 89
d 2 4 3 2 d 4 25 26 24 22 23 24 25 28 27 26 20 18 19 20 21 23 22 3 5 6 8 7 9 14 12 13 14 12 11 10 9 22 8 3 
Beneficio: 85
d 2 4 3 2 d 4 25 26 24 22 23 24 25 28 27 26 20 18 19 20 21 23 22 3 5 6 7 9 10 9 14 12 11 14 12 13 15 16 17 15 
Beneficio: 84
d 2 4 3 2 d 4 25 26 24 22 23 24 25 28 27 26 20 18 19 20 21 23 22 3 5 6 8 7 6 5 8 7 13 14 12 11 10 9 14 11 
Beneficio: 85
d 2 4 3 2 d 4 25 26 24 22 23 24 25 28 27 26 20 18 19 20 21 23 22 3 5 8 6 5 8 7 13 12 11 14 13 15 17 
Beneficio: 107
d 2 4 3 2 d 4 25 26 24 22 23 24 25 28 27 26 20 18 19 20 21 23 22 3 5 8 7 6 8 5 6 10 9 14 12 11 10 11 14 13 12 
Beneficio: 82
d 2 4 3 2 d 4 25 26 24 22 23 24 25 28 27 26 20 18 19 20 21 23 22 3 5 8 6 9 14 11 10 9 7 6 13 15 16 17 15 
Beneficio: 79
d 2 4 3 2 d 4 25 26 24 22 23 24 25 28 27 26 20 18 19 20 21 23 22 3 5 8 7 6 9 10 9 14 11 10 6 
Beneficio: 107
d 2 4 3 2 d 4 25 26 24 22 23 24 25 28 27 26 20 18 19 20 21 23 22 5 6 7 8 6 19 15 16 17 15 13 12 11 14 12 11 10 9 14 13 
Beneficio: 87
d 2 4 3 2 d 4 25 26 24 22 23 24 25 28 27 26 20 18 19 20 21 23 22 5 6 7 8 5 3 22 14 9 10 11 12 14 13 15 17 16 
Beneficio: 76
d 2 4 3 2 d 4 25 26 24 22 23 24 25 28 27 26 20 18 19 20 21 23 22 5 6 7 8 6 13 15 16 19 9 14 12 11 14 
Beneficio: 77
d 2 4 3 2 d 4 25 26 24 22 23 24 25 28 27 26 20 18 19 20 21 23 22 5 6 7 8 5 6 10 11 12 14 13 15 17 18 
Beneficio: 104
d 2 4 3 2 d 4 25 26 24 22 23 24 25 28 27 26 20 18 19 20 21 23 22 5 6 7 9 10 9 14 12 13 14 11 10 7 13 15 16 
Beneficio: 109
d 2 4 3 2 d 4 25 26 24 22 23 24 25 28 27 26 20 18 19 20 21 23 22 5 6 7 9 14 21 13 12 14 11 10 9 19 15 13 14 
Beneficio: 101
d 2 4 3 2 d 4 25 26 24 22 23 24 25 28 27 26 20 18 19 20 21 23 22 5 6 7 13 14 11 10 9 6 8 7 14 12 13 15 16 
Beneficio: 83
d 2 4 3 2 d 4 25 26 24 22 23 24 25 28 27 26 20 18 19 20 21 23 22 5 6 7 10 9 10 11 12 14 13 15 16 17 18 
Beneficio: 107
d 2 4 3 2 d 4 25 26 24 22 23 24 25 28 27 26 20 18 19 20 21 23 22 5 6 7 6 10 11 12 13 14 12 11 14 9 22 
Beneficio: 88
d 2 4 3 2 d 4 25 26 24 22 23 24 25 28 27 26 20 18 19 20 21 23 22 5 6 8 3 22 9 10 9 14 11 10 6 7 8 6 
Beneficio: 89
d 2 4 3 2 d 4 25 26 24 22 23 24 25 28 27 26 20 18 19 20 21 23 22 5 6 8 3 22 13 12 11 10 9 14 13 15 16 
Beneficio: 94
d 2 4 3 2 d 4 25 26 24 22 23 24 25 28 27 26 20 18 19 20 21 23 22 5 6 8 7 6 5 8 7 9 14 12 11 10 9 10 11 14 13 15 16 17 
Beneficio: 107
d 2 4 3 2 d 4 25 26 24 22 23 24 25 28 27 26 20 18 19 20 21 23 22 5 6 8 7 6 10 11 12 13 14 11 12 14 9 22 13 15 16 17 15 
Beneficio: 78
d 2 4 3 2 d 4 25 26 24 22 23 24 25 28 27 26 20 18 19 20 21 23 22 5 6 8 7 9 10 9 14 12 11 14 21 7 6 8 7 
Beneficio: 76
d 2 4 3 2 d 4 25 26 24 22 23 24 25 28 27 26 20 18 19 20 21 23 22 5 6 8 7 13 12 14 9 10 7 8 5 3 
Beneficio: 73
d 2 4 3 2 d 4 25 26 24 22 23 24 25 28 27 26 20 18 19 20 21 23 22 5 6 8 7 14 11 10 9 14 13 15 16 17 
Beneficio: 101
d 2 4 3 2 d 4 25 26 24 22 23 24 25 28 27 26 20 18 19 20 21 23 22 5 6 8 7 6 5 8 7 14 9 10 11 14 12 13 15 16 17 
Beneficio: 104
d 2 4 3 2 d 4 25 26 24 22 23 24 25 28 27 26 20 18 19 20 21 23 22 5 6 8 7 6 13 14 12 11 10 11 14 12 13 15 17 16 15 
Beneficio: 96
d 2 4 3 2 d 4 25 26 24 22 23 24 25 28 27 26 20 18 19 20 21 23 22 5 6 8 7 9 14 13 12 11 10 9 22 3 8 6 7 13 15 16 17 18 
Beneficio: 97
d 2 4 3 2 d 4 25 26 24 22 23 24 25 28 27 26 20 18 19 20 21 23 22 5 6 8 7 13 14 12 11 10 9 14 11 12 13 15 16 17 15 
Beneficio: 75
d 2 4 3 2 d 4 25 26 24 22 23 24 25 28 27 26 20 18 19 20 21 23 22 5 6 8 7 9 14 13 12 14 13 15 16 17 18 
Beneficio: 96
d 2 4 3 2 d 4 25 26 24 22 23 24 25 28 27 26 20 18 19 20 21 23 22 5 6 5 3 8 7 13 12 14 9 10 11 14 13 15 16 17 18 
Beneficio: 76
d 2 4 3 2 d 4 25 26 24 22 23 24 25 28 27 26 20 18 19 20 21 23 22 5 6 5 8 7 6 8 7 13 14 11 12 14 13 15 17 16 15 
Beneficio: 101
d 2 4 3 2 d 4 25 26 24 22 23 24 25 28 27 26 20 18 19 20 21 23 22 5 6 5 8 7 9 10 11 14 12 13 7 6 8 
Beneficio: 108
d 2 4 3 2 d 4 25 26 24 22 23 24 25 28 27 26 20 18 19 20 21 23 22 5 6 5 8 7 13 14 11 10 6 7 9 10 9 14 12 13 15 16 17 
Beneficio: 80
d 2 4 3 2 d 4 25 26 24 22 23 24 25 28 27 26 20 18 19 20 21 23 22 5 6 8 7 9 10 9 14 12 11 10 11 12 14 11 
Beneficio: 91
d 2 4 3 2 d 4 25 26 24 22 23 24 25 28 27 26 20 18 19 20 21 23 22 5 6 9 14 11 10 9 7 8 6 7 8 3 22 
Beneficio: 87
d 2 4 3 2 d 4 25 26 24 22 23 24 25 28 27 26 20 18 19 20 21 23 22 5 6 9 7 13 14 9 10 11 12 13 15 17 18 
Beneficio: 98
d 2 4 3 2 d 4 25 26 24 22 23 24 25 28 27 26 20 18 19 20 21 23 22 5 6 10 11 12 14 9 7 6 7 13 14 12 13 15 17 16 15 
Beneficio: 105
d 2 4 3 2 d 4 25 26 24 22 23 24 25 28 27 26 20 18 19 20 21 23 22 5 6 13 12 14 13 21 7 6 8 3 22 9 10 11 14 9 10 
Beneficio: 110
d 2 4 3 2 d 4 25 26 24 22 23 24 25 28 27 26 20 18 19 20 21 23 22 5 6 19 16 15 13 14 11 12 14 9 10 11 12 13 7 8 6 7 8 
Beneficio: 95
d 2 4 3 2 d 4 25 26 24 22 23 24 25 28 27 26 20 18 19 20 21 23 22 5 6 10 11 12 13 7 8 6 7 8 3 22 9 14 13 15 16 
Beneficio: 91
d 2 4 3 2 d 4 25 26 24 22 23 24 25 28 27 26 20 18 19 20 21 23 22 5 6 9 10 11 12 13 14 9 22 3 8 7 
Beneficio: 95
d 2 4 3 2 d 4 25 26 24 22 23 24 25 28 27 26 20 18 19 20 21 23 22 5 6 7 9 10 9 14 12 11 14 12 13 6 8 
Beneficio: 88
d 2 4 3 2 d 4 25 26 24 22 23 24 25 28 27 26 20 18 19 20 21 23 22 5 6 7 10 9 14 11 10 11 12 14 13 15 16 17 18 
Beneficio: 100
d 2 4 3 2 d 4 25 26 24 22 23 24 25 28 27 26 20 18 19 20 21 23 22 5 6 8 7 6 13 14 9 10 11 14 12 13 15 19 16 17 
Beneficio: 72
d 2 4 3 2 d 4 25 26 24 22 23 24 25 28 27 26 20 18 19 20 21 23 22 5 6 8 7 6 5 3 8 7 9 10 11 12 14 13 15 17 16 
Beneficio: 87
d 2 4 3 2 d 4 25 26 24 22 23 24 25 28 27 26 20 18 19 20 21 23 22 5 6 8 7 13 12 11 10 9 7 6 19 
Beneficio: 99
d 2 4 3 2 d 4 25 26 24 22 23 24 25 28 27 26 20 18 19 20 21 23 22 5 6 9 14 12 13 14 11 10 9 7 8 6 7 8 3 22 13 15 17 
Beneficio: 73
d 2 4 3 2 d 4 25 26 24 22 23 24 25 28 27 26 20 18 19 20 21 23 22 5 6 13 14 12 11 10 11 14 9 6 8 
Beneficio: 85
d 2 4 3 2 d 4 25 26 24 22 23 24 25 28 27 26 20 18 19 20 21 23 22 5 3 8 6 7 9 14 12 13 14 7 10 9 10 
Beneficio: 91
d 2 4 3 2 d 4 25 26 24 22 23 24 25 28 27 26 20 18 19 20 21 23 22 5 3 8 6 5 6 9 14 12 11 14 12 13 15 16 17 18 
Beneficio: 91
d 2 4 3 2 d 4 25 26 24 22 23 24 25 28 27 26 20 18 19 20 21 23 22 5 3 8 6 5 8 7 13 14 11 10 9 14 12 13 15 17 16 
Beneficio: 80
d 2 4 3 2 d 4 25 26 24 22 23 24 25 28 27 26 20 18 19 20 21 23 22 5 3 8 7 6 5 6 13 14 9 10 11 12 14 21 
Beneficio: 82
d 2 4 3 2 d 4 25 26 24 22 23 24 25 28 27 26 20 18 19 20 21 23 22 5 3 8 7 6 5 8 7 9 10 11 14 13 15 
Beneficio: 78
d 2 4 3 2 d 4 25 26 24 22 23 24 25 28 27 26 20 18 19 20 21 23 22 5 3 8 7 13 12 14 9 10 9 6 7 9 
Beneficio: 89
d 2 4 3 2 d 4 25 26 24 22 23 24 25 28 27 26 20 18 19 20 21 23 22 5 3 8 7 6 5 8 7 14 12 11 10 9 14 13 15 16 
Beneficio: 97
d 2 4 3 2 d 4 25 26 24 22 23 24 25 28 27 26 20 18 19 20 21 23 22 5 3 8 7 6 13 12 11 10 7 9 14 11 12 14 13 15 
Beneficio: 89
d 2 4 3 2 d 4 25 26 24 22 23 24 25 28 27 26 20 18 19 20 21 23 22 5 3 8 7 10 9 14 11 10 6 5 8 6 7 
Beneficio: 90
d 2 4 3 2 d 4 25 26 24 22 23 24 25 28 27 26 20 18 19 20 21 23 22 5 3 8 7 6 5 8 6 10 11 12 13 7 9 14 
Beneficio: 79
d 2 4 3 2 d 4 25 26 24 22 23 24 25 28 27 26 20 18 19 20 21 23 22 5 8 6 7 8 3 5 6 10 9 10 11 14 9 7 8 
Beneficio: 81
d 2 4 3 2 d 4 25 26 24 22 23 24 25 28 27 26 20 18 19 20 21 23 22 5 8 6 7 9 14 11 10 9 6 5 3 8 
Beneficio: 88
d 2 4 3 2 d 4 25 26 24 22 23 24 25 28 27 26 20 18 19 20 21 23 22 5 8 6 7 14 13 12 14 9 10 6 5 8 3 
Beneficio: 89
d 2 4 3 2 d 4 25 26 24 22 23 24 25 28 27 26 20 18 19 20 21 23 22 5 8 6 5 6 7 13 14 9 10 11 12 13 12 14 
Beneficio: 96
d 2 4 3 2 d 4 25 26 24 22 23 24 25 28 27 26 20 18 19 20 21 23 22 5 8 6 5 8 7 6 9 7 13 12 11 10 9 14 13 
Beneficio: 101
d 2 4 3 2 d 4 25 26 24 22 23 24 25 28 27 26 20 18 19 20 21 23 22 5 8 6 5 8 7 10 9 14 12 13 14 11 10 9 7 13 15 16 17 
Beneficio: 84
d 2 4 3 2 d 4 25 26 24 22 23 24 25 28 27 26 20 18 19 20 21 23 22 5 8 6 13 12 14 11 10 9 7 8 3 22 
Beneficio: 88
d 2 4 3 2 d 4 25 26 24 22 23 24 25 28 27 26 20 18 19 20 21 23 22 5 8 7 6 5 3 8 6 7 13 12 11 14 13 15 17 16 
Beneficio: 106
d 2 4 3 2 d 4 25 26 24 22 23 24 25 28 27 26 20 18 19 20 21 23 22 5 8 7 6 5 8 7 10 9 10 11 14 12 13 
Beneficio: 79
d 2 4 3 2 d 4 25 26 24 22 23 24 25 28 27 26 20 18 19 20 21 23 22 5 8 7 6 5 8 7 9 14 11 10 9 6 8 3 
Beneficio: 84
d 2 4 3 2 d 4 25 26 24 22 23 24 25 28 27 26 20 18 19 20 21 23 22 5 8 7 9 10 11 12 14 13 7 6 5 8 6 13 15 
Beneficio: 99
d 2 4 3 2 d 4 25 26 24 22 23 24 25 28 27 26 20 18 19 20 21 23 22 5 8 7 13 12 14 11 12 13 14 9 10 11 
Beneficio: 77
d 2 4 3 2 d 4 25 26 24 22 23 24 25 28 27 26 20 18 19 20 21 23 22 5 8 7 14 13 12 14 9 10 9 7 8 5 
Beneficio: 85
d 2 4 3 2 d 4 25 26 24 22 23 24 25 28 27 26 20 18 19 20 21 23 22 5 8 7 6 5 3 8 7 10 9 14 11 12 14 13 
Beneficio: 97
d 2 4 3 2 d 4 25 26 24 22 23 24 25 28 27 26 20 18 19 20 21 23 22 5 8 7 6 5 8 7 10 9 14 12 13 21 14 11 12 
Beneficio: 106
d 2 4 3 2 d 4 25 26 24 22 23 24 25 28 27 26 20 18 19 20 21 23 22 5 8 7 6 8 7 9 10 11 14 13 12 11 
Beneficio: 92
d 2 4 3 2 d 4 25 26 24 22 23 24 25 28 27 26 20 18 19 20 21 23 22 5 8 7 9 10 9 14 13 12 14 11 10 7 8 6 7 
Beneficio: 85
d 2 4 3 2 d 4 25 26 24 22 23 24 25 28 27 26 20 18 19 20 21 23 22 5 8 7 13 12 11 10 9 14 7 8 3 22 
Beneficio: 100
d 2 4 3 2 d 4 25 26 24 22 23 24 25 28 27 26 20 18 19 20 21 23 22 5 8 7 14 12 13 14 9 7 6 8 3 22 9 10 11 14 21 13 15 
Beneficio: 77
d 2 4 3 2 d 4 25 26 24 22 23 24 25 28 27 26 20 18 19 20 21 23 22 5 8 6 7 8 5 6 13 12 14 13 15 16 17 
Beneficio: 103
d 2 4 3 2 d 4 25 26 24 22 23 24 25 28 27 26 20 18 19 20 21 23 22 5 8 6 7 9 10 11 14 13 12 14 9 22 3 8 7 13 15 17 16 15 
Beneficio: 102
d 2 4 3 2 d 4 25 26 24 22 23 24 25 28 27 26 20 18 19 20 21 23 22 5 8 6 7 10 9 14 12 13 14 11 10 9 22 3 8 
Beneficio: 95
d 2 4 3 2 d 4 25 26 24 22 23 24 25 28 27 26 20 18 19 20 21 23 22 5 8 6 5 3 8 7 9 10 11 14 12 13 15 16 17 
Beneficio: 94
d 2 4 3 2 d 4 25 26 24 22 23 24 25 28 27 26 20 18 19 20 21 23 22 5 8 6 5 8 7 13 14 12 11 10 9 14 11 12 13 15 17 
Beneficio: 82
d 2 4 3 2 d 4 25 26 24 22 23 24 25 28 27 26 20 18 19 20 21 23 22 5 8 6 9 10 11 14 13 12 14 9 22 3 5 8 
Beneficio: 87
d 2 4 3 2 d 4 25 26 24 22 23 24 25 28 27 26 20 18 19 20 21 23 22 5 8 6 13 14 12 11 10 11 14 9 7 6 5 8 7 
Beneficio: 80
d 2 4 3 2 d 4 25 26 24 22 23 24 25 28 27 26 20 18 19 20 21 23 22 5 8 7 6 5 3 22 9 10 11 12 14 13 15 17 16 
Beneficio: 79
d 2 4 3 2 d 4 25 26 24 22 23 24 25 28 27 26 20 18 19 20 21 23 22 5 8 7 6 8 7 9 10 11 14 21 13 15 17 16 19 
Beneficio: 94
d 2 4 3 2 d 4 25 26 24 22 23 24 25 28 27 26 20 18 19 20 21 23 22 5 8 7 6 9 14 13 12 11 10 7 8 5 6 8 3 22 
Beneficio: 76
d 2 4 3 2 d 4 25 26 24 22 23 24 25 28 27 26 20 18 19 20 21 23 22 5 8 7 9 14 11 10 9 6 5 8 6 19 
Beneficio: 90
d 2 4 3 2 d 4 25 26 24 22 23 24 25 28 27 26 20 18 19 20 21 23 22 5 8 7 13 12 11 10 9 10 7 6 5 6 8 
Beneficio: 96
d 2 4 3 2 d 4 25 26 24 22 23 24 25 28 27 26 20 18 19 20 21 23 22 5 8 7 10 11 14 13 12 14 9 22 3 8 6 
Beneficio: 76
d 2 4 3 2 d 4 25 26 24 22 23 24 25 28 27 26 20 18 19 20 21 23 22 5 8 7 6 5 3 8 7 9 10 9 14 13 15 17 16 15 
Beneficio: 97
d 2 4 3 2 d 4 25 26 24 22 23 24 25 28 27 26 20 18 19 20 21 23 22 5 8 7 6 8 7 13 12 11 10 9 14 11 12 14 13 15 17 16 
Beneficio: 76
d 2 4 3 2 d 4 25 26 24 22 23 24 25 28 27 26 20 18 19 20 21 23 22 5 8 7 6 7 9 14 12 11 10 9 22 3 8 
Beneficio: 110
d 2 4 3 2 d 4 25 26 24 22 23 24 25 28 27 26 20 18 19 20 21 23 22 5 8 7 9 14 11 12 14 13 12 11 10 9 22 8 5 6 7 
Beneficio: 84
d 2 4 3 2 d 4 25 26 24 22 23 24 25 28 27 26 20 18 19 20 21 23 22 5 8 7 13 14 11 12 14 9 10 9 7 6 5 6 8 3 22 13 15 16 
Beneficio: 89
d 2 4 3 2 d 4 25 26 24 22 23 24 25 28 27 26 20 18 19 20 21 23 22 5 8 7 10 9 14 11 12 13 7 6 8 
Beneficio: 62
d 2 4 3 2 d 4 25 26 24 22 23 24 25 28 27 26 20 18 19 20 21 23 22 5 3 8 7 6 8 7 14 9 10 
Beneficio: 86
d 2 4 3 2 d 4 25 26 24 22 23 24 25 28 27 26 20 18 19 20 21 23 22 5 3 8 7 13 14 9 10 11 12 13 15 17 
Beneficio: 110
d 2 4 3 2 d 4 25 26 24 22 23 24 25 28 27 26 20 18 19 20 21 23 22 9 10 11 14 9 19 15 13 12 14 13 7 6 5 8 
Beneficio: 100
d 2 4 3 2 d 4 25 26 24 22 23 24 25 28 27 26 20 18 19 20 21 23 22 9 10 11 14 13 7 8 6 7 9 14 12 13 15 16 19 6 
Beneficio: 87
d 2 4 3 2 d 4 25 26 24 22 23 24 25 28 27 26 20 18 19 20 21 23 22 9 10 11 14 12 11 10 9 6 7 8 5 6 8 
Beneficio: 110
d 2 4 3 2 d 4 25 26 24 22 23 24 25 28 27 26 20 18 19 20 21 23 22 9 10 11 12 13 14 12 11 14 9 6 8 7 6 5 8 7 13 15 16 17 
Beneficio: 103
d 2 4 3 2 d 4 25 26 24 22 23 24 25 28 27 26 20 18 19 20 21 23 22 9 10 11 12 14 11 12 13 14 9 7 8 6 5 6 7 8 5 22 3 
Beneficio: 96
d 2 4 3 2 d 4 25 26 24 22 23 24 25 28 27 26 20 18 19 20 21 23 22 9 10 11 12 14 13 12 14 9 7 8 6 7 8 3 22 
Beneficio: 64
d 2 4 3 2 d 4 25 26 24 22 23 24 25 28 27 26 20 18 19 20 21 23 22 9 10 11 12 14 9 19 17 16 15 13 
Beneficio: 109
d 2 4 3 2 d 4 25 26 24 22 23 24 25 28 27 26 20 18 19 20 21 23 22 9 10 11 12 14 13 12 11 14 9 7 6 5 6 7 8 
Beneficio: 102
d 2 4 3 2 d 4 25 26 24 22 23 24 25 28 27 26 20 18 19 20 21 23 22 9 10 9 14 11 10 7 6 5 6 13 12 14 21 13 15 
Beneficio: 67
d 2 4 3 2 d 4 25 26 24 22 23 24 25 28 27 26 20 18 19 20 21 23 22 9 10 9 14 13 7 8 6 7 8 5 6 
Beneficio: 76
d 2 4 3 2 d 4 25 26 24 22 23 24 25 28 27 26 20 18 19 20 21 23 22 9 10 9 7 6 5 6 8 7 14 11 12 14 13 15 17 16 
Beneficio: 82
d 2 4 3 2 d 4 25 26 24 22 23 24 25 28 27 26 20 18 19 20 21 23 22 9 10 9 6 8 7 6 5 8 7 13 12 11 14 12 
Beneficio: 97
d 2 4 3 2 d 4 25 26 24 22 23 24 25 28 27 26 20 18 19 20 21 23 22 9 10 11 12 13 14 12 11 14 9 7 8 3 5 6 7 8 5 22 
Beneficio: 100
d 2 4 3 2 d 4 25 26 24 22 23 24 25 28 27 26 20 18 19 20 21 23 22 9 10 7 6 8 5 6 9 14 13 12 11 10 9 7 13 15 16 17 
Beneficio: 83
d 2 4 3 2 d 4 25 26 24 22 23 24 25 28 27 26 20 18 19 20 21 23 22 9 10 6 5 6 7 13 14 12 11 10 9 14 7 8 3 
Beneficio: 85
d 2 4 3 2 d 4 25 26 24 22 23 24 25 28 27 26 20 18 19 20 21 23 22 9 10 7 6 8 7 13 12 14 11 12 13 15 16 17 
Beneficio: 97
d 2 4 3 2 d 4 25 26 24 22 23 24 25 28 27 26 20 18 19 20 21 23 22 9 10 6 8 5 6 7 9 14 13 12 11 14 7 13 15 17 16 15 
Beneficio: 100
d 2 4 3 2 d 4 25 26 24 22 23 24 25 28 27 26 20 18 19 20 21 23 22 9 14 11 10 9 10 11 12 13 7 6 8 5 6 5 3 22 
Beneficio: 100
d 2 4 3 2 d 4 25 26 24 22 23 24 25 28 27 26 20 18 19 20 21 23 22 9 14 11 10 9 7 6 8 5 6 13 12 14 7 8 3 22 
Beneficio: 107
d 2 4 3 2 d 4 25 26 24 22 23 24 25 28 27 26 20 18 19 20 21 23 22 9 14 11 10 6 8 3 22 5 6 7 14 13 12 14 21 
Beneficio: 105
d 2 4 3 2 d 4 25 26 24 22 23 24 25 28 27 26 20 18 19 20 21 23 22 9 14 11 12 13 7 6 8 7 9 10 11 12 14 13 15 17 
Beneficio: 104
d 2 4 3 2 d 4 25 26 24 22 23 24 25 28 27 26 20 18 19 20 21 23 22 9 14 11 12 14 13 12 11 10 9 7 8 5 6 8 5 
Beneficio: 94
d 2 4 3 2 d 4 25 26 24 22 23 24 25 28 27 26 20 18 19 20 21 23 22 9 14 13 12 14 11 10 9 10 7 8 5 3 22 
Beneficio: 93
d 2 4 3 2 d 4 25 26 24 22 23 24 25 28 27 26 20 18 19 20 21 23 22 9 14 13 12 11 10 9 10 6 5 8 6 13 15 16 17 15 
Beneficio: 81
d 2 4 3 2 d 4 25 26 24 22 23 24 25 28 27 26 20 18 19 20 21 23 22 9 14 13 12 11 10 9 7 8 3 22 5 6 13 15 16 17 
Beneficio: 88
d 2 4 3 2 d 4 25 26 24 22 23 24 25 28 27 26 20 18 19 20 21 23 22 9 14 13 7 6 5 8 6 9 10 11 12 13 15 16 17 18 
Beneficio: 78
d 2 4 3 2 d 4 25 26 24 22 23 24 25 28 27 26 20 18 19 20 21 23 22 9 14 13 12 11 10 9 6 8 5 6 7 8 
Beneficio: 74
d 2 4 3 2 d 4 25 26 24 22 23 24 25 28 27 26 20 18 19 20 21 23 22 9 14 12 13 14 21 9 10 9 6 8 
Beneficio: 102
d 2 4 3 2 d 4 25 26 24 22 23 24 25 28 27 26 20 18 19 20 21 23 22 9 14 12 13 7 8 6 5 6 7 9 10 11 14 21 
Beneficio: 95
d 2 4 3 2 d 4 25 26 24 22 23 24 25 28 27 26 20 18 19 20 21 23 22 9 14 12 11 10 9 7 8 6 7 8 5 6 13 12 14 21 13 15 
Beneficio: 99
d 2 4 3 2 d 4 25 26 24 22 23 24 25 28 27 26 20 18 19 20 21 23 22 9 14 12 11 10 7 6 5 3 8 7 13 14 12 13 15 16 19 
Beneficio: 90
d 2 4 3 2 d 4 25 26 24 22 23 24 25 28 27 26 20 18 19 20 21 23 22 9 14 12 11 14 12 11 10 9 6 7 8 5 6 5 22 
Beneficio: 98
d 2 4 3 2 d 4 25 26 24 22 23 24 25 28 27 26 20 18 19 20 21 23 22 9 14 12 13 14 11 10 9 7 8 6 7 8 5 3 22 13 21 
Beneficio: 79
d 2 4 3 2 d 4 25 26 24 22 23 24 25 28 27 26 20 18 19 20 21 23 22 9 14 12 11 10 9 7 8 3 22 5 6 13 14 
Beneficio: 85
d 2 4 3 2 d 4 25 26 24 22 23 24 25 28 27 26 20 18 19 20 21 23 22 9 14 13 12 11 10 9 7 8 5 6 8 5 22 13 
Beneficio: 94
d 2 4 3 2 d 4 25 26 24 22 23 24 25 28 27 26 20 18 19 20 21 23 22 9 14 7 13 12 11 14 12 11 10 9 7 8 5 6 
Beneficio: 89
d 2 4 3 2 d 4 25 26 24 22 23 24 25 28 27 26 20 18 19 20 21 23 22 9 7 6 5 3 22 13 14 11 10 6 
Beneficio: 100
d 2 4 3 2 d 4 25 26 24 22 23 24 25 28 27 26 20 18 19 20 21 23 22 9 7 6 5 8 7 10 11 14 9 6 8 7 13 12 14 
Beneficio: 101
d 2 4 3 2 d 4 25 26 24 22 23 24 25 28 27 26 20 18 19 20 21 23 22 9 7 6 8 3 5 6 7 13 12 11 10 11 14 13 15 16 17 
Beneficio: 94
d 2 4 3 2 d 4 25 26 24 22 23 24 25 28 27 26 20 18 19 20 21 23 22 9 7 6 8 5 6 7 10 11 12 13 15 17 16 15 
Beneficio: 83
d 2 4 3 2 d 4 25 26 24 22 23 24 25 28 27 26 20 18 19 20 21 23 22 9 7 6 13 14 9 10 11 14 12 13 15 17 
Beneficio: 105
d 2 4 3 2 d 4 25 26 24 22 23 24 25 28 27 26 20 18 19 20 21 23 22 9 7 8 6 13 12 14 13 7 8 5 6 7 10 9 14 11 10 
Beneficio: 104
d 2 4 3 2 d 4 25 26 24 22 23 24 25 28 27 26 20 18 19 20 21 23 22 9 7 8 3 5 6 7 8 6 13 12 11 10 9 14 12 11 14 
Beneficio: 108
d 2 4 3 2 d 4 25 26 24 22 23 24 25 28 27 26 20 18 19 20 21 23 22 9 7 8 3 5 6 7 13 14 12 11 14 9 10 11 12 13 15 17 
Beneficio: 98
d 2 4 3 2 d 4 25 26 24 22 23 24 25 28 27 26 20 18 19 20 21 23 22 9 7 13 12 14 11 10 9 14 13 6 5 8 7 6 
Beneficio: 89
d 2 4 3 2 d 4 25 26 24 22 23 24 25 28 27 26 20 18 19 20 21 23 22 9 7 13 14 12 11 14 9 10 11 10 7 8 6 5 6 7 
Beneficio: 87
d 2 4 3 2 d 4 25 26 24 22 23 24 25 28 27 26 20 18 19 20 21 23 22 9 7 14 12 11 10 9 14 13 21 7 6 5 8 
Beneficio: 99
d 2 4 3 2 d 4 25 26 24 22 23 24 25 28 27 26 20 18 19 20 21 23 22 9 10 11 14 13 12 14 7 9 6 5 3 8 6 7 8 5 
Beneficio: 103
d 2 4 3 2 d 4 25 26 24 22 23 24 25 28 27 26 20 18 19 20 21 23 22 9 10 11 12 13 14 12 11 14 9 10 6 8 5 6 7 13 15 
Beneficio: 86
d 2 4 3 2 d 4 25 26 24 22 23 24 25 28 27 26 20 18 19 20 21 23 22 9 10 11 12 14 9 7 6 5 8 3 22 14 13 15 16 
Beneficio: 78
d 2 4 3 2 d 4 25 26 24 22 23 24 25 28 27 26 20 18 19 20 21 23 22 9 10 7 8 6 5 6 7 13 14 12 11 14 
Beneficio: 92
d 2 4 3 2 d 4 25 26 24 22 23 24 25 28 27 26 20 18 19 20 21 23 22 9 6 7 13 12 14 9 10 11 14 7 8 6 5 8 
Beneficio: 107
d 2 4 3 2 d 4 25 26 24 22 23 24 25 28 27 26 20 18 19 20 21 23 22 9 6 5 8 7 6 13 12 14 9 10 11 14 13 15 17 16 
Beneficio: 95
d 2 4 3 2 d 4 25 26 24 22 23 24 25 28 27 26 20 18 19 20 21 23 22 9 6 8 7 6 5 8 7 9 14 12 11 14 12 13 15 16 
Beneficio: 93
d 2 4 3 2 d 4 25 26 24 22 23 24 25 28 27 26 20 18 19 20 21 23 22 9 14 11 10 11 12 13 14 7 6 5 3 
Beneficio: 95
d 2 4 3 2 d 4 25 26 24 22 23 24 25 28 27 26 20 18 19 20 21 23 22 9 7 6 13 14 9 10 11 12 13 15 17 
Beneficio: 81
d 2 4 3 2 d 4 25 26 24 22 23 24 25 28 27 26 20 18 19 20 21 23 22 9 6 8 7 14 13 12 11 10 9 7 8 3 22 
Beneficio: 85
d 2 4 3 2 d 4 25 26 24 22 23 24 25 28 27 26 20 18 19 20 21 23 22 8 6 7 8 5 6 9 14 13 12 14 13 15 17 16 
Beneficio: 98
d 2 4 3 2 d 4 25 26 24 22 23 24 25 28 27 26 20 18 19 20 21 23 22 8 6 7 8 6 9 14 12 13 14 11 10 11 
Beneficio: 91
d 2 4 3 2 d 4 25 26 24 22 23 24 25 28 27 26 20 18 19 20 21 23 22 8 6 7 9 10 11 12 13 14 9 7 6 
Beneficio: 98
d 2 4 3 2 d 4 25 26 24 22 23 24 25 28 27 26 20 18 19 20 21 23 22 8 6 7 14 11 10 9 14 13 12 11 10 9 7 8 
Beneficio: 92
d 2 4 3 2 d 4 25 26 24 22 23 24 25 28 27 26 20 18 19 20 21 23 22 8 6 5 6 7 9 10 9 14 11 10 11 12 14 13 15 16 17 18 
Beneficio: 95
d 2 4 3 2 d 4 25 26 24 22 23 24 25 28 27 26 20 18 19 20 21 23 22 8 6 5 6 9 10 11 14 12 13 14 9 7 8 5 
Beneficio: 77
d 2 4 3 2 d 4 25 26 24 22 23 24 25 28 27 26 20 18 19 20 21 23 22 8 6 5 8 7 9 10 11 12 13 21 14 9 22 
Beneficio: 71
d 2 4 3 2 d 4 25 26 24 22 23 24 25 28 27 26 20 18 19 20 21 23 22 8 6 5 8 7 14 12 11 10 11 12 14 13 15 16 17 
Beneficio: 91
d 2 4 3 2 d 4 25 26 24 22 23 24 25 28 27 26 20 18 19 20 21 23 22 8 6 5 8 7 6 19 14 11 10 9 14 13 15 16 17 
Beneficio: 99
d 2 4 3 2 d 4 25 26 24 22 23 24 25 28 27 26 20 18 19 20 21 23 22 8 6 9 14 13 12 11 14 12 11 10 9 10 7 6 
Beneficio: 90
d 2 4 3 2 d 4 25 26 24 22 23 24 25 28 27 26 20 18 19 20 21 23 22 8 6 10 9 10 11 12 14 13 12 14 9 7 13 15 16 
Beneficio: 84
d 2 4 3 2 d 4 25 26 24 22 23 24 25 28 27 26 20 18 19 20 21 23 22 8 6 9 10 11 12 14 13 12 14 9 7 8 5 22 3 
Beneficio: 91
d 2 4 3 2 d 4 25 26 24 22 23 24 25 28 27 26 20 18 19 20 21 23 22 8 3 5 6 8 7 6 13 14 11 10 9 14 12 11 
Beneficio: 97
d 2 4 3 2 d 4 25 26 24 22 23 24 25 28 27 26 20 18 19 20 21 23 22 8 3 5 6 9 10 9 14 13 12 14 11 10 6 8 
Beneficio: 81
d 2 4 3 2 d 4 25 26 24 22 23 24 25 28 27 26 20 18 19 20 21 23 22 8 7 6 5 6 8 7 13 12 14 13 15 16 17 
Beneficio: 105
d 2 4 3 2 d 4 25 26 24 22 23 24 25 28 27 26 20 18 19 20 21 23 22 8 7 6 5 8 3 22 13 12 11 14 12 11 10 9 14 13 15 17 16 
Beneficio: 92
d 2 4 3 2 d 4 25 26 24 22 23 24 25 28 27 26 20 18 19 20 21 23 22 8 7 6 5 22 3 8 7 9 10 11 14 13 15 16 17 18 
Beneficio: 82
d 2 4 3 2 d 4 25 26 24 22 23 24 25 28 27 26 20 18 19 20 21 23 22 8 7 6 8 7 9 14 11 10 9 22 13 15 16 17 18 
Beneficio: 74
d 2 4 3 2 d 4 25 26 24 22 23 24 25 28 27 26 20 18 19 20 21 23 22 8 7 6 5 3 8 7 13 14 12 11 14 9 10 
Beneficio: 96
d 2 4 3 2 d 4 25 26 24 22 23 24 25 28 27 26 20 18 19 20 21 23 22 8 7 6 19 9 14 11 10 11 12 13 14 21 
Beneficio: 74
d 2 4 3 2 d 4 25 26 24 22 23 24 25 28 27 26 20 18 19 20 21 23 22 8 7 9 10 9 6 13 14 11 10 
Beneficio: 83
d 2 4 3 2 d 4 25 26 24 22 23 24 25 28 27 26 20 18 19 20 21 23 22 8 7 9 14 12 11 10 9 6 8 3 5 6 7 13 14 
Beneficio: 93
d 2 4 3 2 d 4 25 26 24 22 23 24 25 28 27 26 20 18 19 20 21 23 22 8 7 13 12 14 9 7 6 5 3 22 9 10 11 12 14 13 
Beneficio: 84
d 2 4 3 2 d 4 25 26 24 22 23 24 25 28 27 26 20 18 19 20 21 23 22 8 7 10 9 14 12 11 10 9 7 13 14 12 13 15 17 
Beneficio: 95
d 2 4 3 2 d 4 25 26 24 22 23 24 25 28 27 26 20 18 19 20 21 23 22 8 7 10 11 12 14 11 12 13 14 9 7 6 8 
Beneficio: 77
d 2 4 3 2 d 4 25 26 24 22 23 24 25 28 27 26 20 18 19 20 21 23 22 8 7 6 5 3 8 6 9 14 11 10 9 7 
Beneficio: 79
d 2 4 3 2 d 4 25 26 24 22 23 24 25 28 27 26 20 18 19 20 21 23 22 8 7 6 5 8 7 9 14 12 11 14 13 15 17 
Beneficio: 101
d 2 4 3 2 d 4 25 26 24 22 23 24 25 28 27 26 20 18 19 20 21 23 22 8 7 6 5 22 13 12 11 14 12 11 10 9 6 8 7 
######### Overtime ############
Mejor solucion encontrada!
Beneficio: 108
d 2 3 22 24 23 21 20 18 19 16 15 13 12 14 11 10 9 7 6 5 25 28 2 4 d 
Time taken: 7200.00s
