Evaluando ./Instances\CHRISTOFIDES\P15NoRPP
Solucion inicial: ./Instances\CHRISTOFIDES\P15NoRPP-salida.txt

Beneficio: 9
d 2 d 25 26 24 18 17 16 6 7 8 9 6 10 12 13 12 11 15 19 20 22 21 20 19 23 
Beneficio: 26
d 2 d 25 26 24 18 17 16 6 9 8 7 6 10 12 13 21 20 22 23 19 
Beneficio: 44
d 2 d 25 26 24 18 17 16 6 9 8 7 6 10 12 11 15 19 23 22 20 21 
Beneficio: 7
d 2 d 25 26 24 18 17 16 6 9 8 7 6 10 12 10 14 15 19 20 21 22 23 19 15 
Beneficio: -21
d 2 d 25 26 24 18 17 16 6 7 8 9 6 10 12 11 15 19 23 22 20 19 
Beneficio: 16
d 2 d 25 26 24 18 17 16 6 9 8 7 6 10 12 10 14 15 19 20 22 
Beneficio: -11
d 2 d 25 26 24 18 17 16 6 7 9 8 7 9 6 10 12 13 12 10 14 15 19 23 22 20 19 
Beneficio: -55
d 2 d 25 26 24 18 17 16 6 9 8 7 6 10 14 15 19 23 22 21 13 
Beneficio: -13
d 2 d 25 26 24 18 17 16 10 12 13 12 11 15 19 20 21 22 23 19 
Beneficio: 25
d 2 d 25 26 24 18 17 16 6 7 8 9 6 10 12 11 15 19 23 22 20 21 
Beneficio: 20
d 2 d 25 26 24 18 17 16 6 9 8 7 6 10 12 13 12 10 14 15 19 20 21 22 23 19 15 
Beneficio: -25
d 2 d 25 26 24 18 17 16 6 9 8 7 9 6 10 12 11 15 19 23 22 21 
Beneficio: 24
d 2 d 25 26 24 18 17 16 10 12 13 21 20 19 15 14 10 6 9 7 6 9 8 7 
Beneficio: -47
d 2 d 25 26 24 18 17 16 6 10 14 15 19 20 21 22 23 
Beneficio: -64
d 2 d 25 26 24 18 17 16 6 9 7 8 9 6 10 12 10 14 15 19 23 22 
Beneficio: -40
d 2 d 25 26 24 18 17 16 6 9 7 6 10 14 15 19 20 22 23 19 15 11 
Beneficio: 21
d 2 d 25 26 24 17 16 6 7 8 9 6 10 12 10 14 15 19 23 22 21 20 22 
Beneficio: -21
d 2 d 25 26 24 17 16 6 9 8 9 6 10 14 15 19 20 22 21 20 
Beneficio: 9
d 2 d 25 26 24 17 16 6 9 8 9 7 6 10 12 13 21 20 21 22 23 19 15 
Beneficio: 35
d 2 d 25 26 24 17 16 10 12 13 21 20 19 15 14 10 6 7 8 9 6 16 4 5 
Beneficio: -25
d 2 d 25 26 24 17 16 6 9 8 7 9 6 10 14 15 19 20 22 23 19 
Beneficio: -21
d 2 d 25 26 24 17 16 6 7 6 9 8 7 9 6 10 12 13 12 10 14 15 19 20 22 23 
Beneficio: 7
d 2 d 25 26 24 17 16 6 9 7 8 9 7 6 10 12 13 21 20 19 23 22 
Beneficio: 7
d 2 d 25 26 24 17 16 6 9 7 6 10 12 13 21 20 19 23 22 20 
Beneficio: -32
d 2 d 25 26 24 17 16 6 9 8 7 9 6 10 12 13 21 22 20 19 15 
Beneficio: -18
d 2 d 25 26 24 17 16 6 9 7 8 9 8 7 6 10 12 13 21 22 
Beneficio: 9
d 2 d 25 26 24 17 16 6 9 7 8 9 7 6 10 14 15 19 23 22 21 20 19 
Beneficio: -45
d 2 d 25 26 24 17 16 6 9 7 6 10 12 13 21 22 23 19 20 22 
Beneficio: 12
d 2 d 25 26 24 18 17 16 6 7 8 9 6 10 12 13 21 20 22 23 19 20 21 
Beneficio: -16
d 2 d 25 26 24 18 17 16 6 9 8 9 6 10 12 13 21 20 19 23 
Beneficio: 3
d 2 d 25 26 24 18 17 16 6 9 8 7 6 10 14 15 19 20 22 23 19 15 11 12 13 
Beneficio: -57
d 2 d 25 26 24 18 17 16 10 12 10 14 15 19 23 22 21 20 21 
Beneficio: -27
d 2 d 25 26 24 18 17 16 6 9 7 8 9 6 10 12 11 15 19 20 22 23 
Beneficio: -2
d 2 d 25 26 24 18 17 16 6 9 8 7 6 10 12 13 21 20 19 15 14 10 
Beneficio: 41
d 2 d 25 26 16 17 18 24 26 4 16 6 7 8 9 6 10 12 13 12 11 15 19 20 22 21 20 22 23 19 15 14 
Beneficio: -17
d 2 d 25 26 16 17 24 26 4 5 4 16 10 14 15 19 20 22 21 20 19 15 11 12 13 12 10 
Beneficio: 5
d 2 d 25 26 16 17 16 6 9 8 7 6 10 14 15 19 20 21 13 
Beneficio: -17
d 2 d 25 26 16 17 16 6 9 8 9 6 10 12 13 21 20 19 23 22 20 
Beneficio: -18
d 2 d 25 26 16 6 7 6 10 12 13 21 20 22 23 19 15 14 
Beneficio: -6
d 2 d 25 26 16 6 9 8 9 7 6 10 14 15 19 20 22 21 
Beneficio: -11
d 2 d 25 26 16 6 7 9 8 9 6 10 12 13 21 20 22 23 19 15 
Beneficio: 1
d 2 d 25 26 25 24 18 17 16 6 7 9 8 9 6 10 12 10 14 15 19 23 22 20 19 15 11 
Beneficio: -9
d 2 d 25 26 25 24 18 17 16 6 9 7 8 9 6 10 14 15 19 20 21 13 12 10 
Beneficio: -2
d 2 d 25 26 25 24 18 17 16 6 7 8 9 6 10 12 13 12 11 15 19 20 21 22 23 19 15 14 
Beneficio: -42
d 2 d 25 26 25 24 18 17 16 10 14 15 19 20 21 20 22 23 19 15 11 12 10 6 9 
Beneficio: 12
d 2 d 25 26 25 24 18 17 16 6 9 8 7 6 10 12 13 12 11 15 19 20 21 20 19 
Beneficio: -18
d 2 d 25 26 25 24 18 17 16 6 9 8 7 9 6 10 12 13 12 11 15 19 23 22 21 20 22 
Beneficio: -3
d 2 d 25 26 25 24 17 16 6 9 8 7 6 10 12 13 21 20 19 
Beneficio: -25
d 2 d 25 26 25 24 17 16 6 7 9 6 10 12 13 21 22 23 19 20 22 
Beneficio: -29
d 2 d 25 26 25 24 17 16 10 12 11 15 19 23 22 21 20 19 
Beneficio: -6
d 2 d 25 26 25 24 17 16 6 7 8 9 6 10 12 13 21 20 22 23 19 20 
Beneficio: -5
d 2 d 25 26 25 24 18 17 16 6 9 7 6 10 12 13 21 20 19 23 22 21 
Beneficio: -34
d 2 d 25 26 25 24 18 17 16 10 12 13 21 22 23 19 20 21 20 19 
Beneficio: -8
d 2 d 25 26 25 24 18 17 16 6 9 7 6 10 14 15 19 20 21 13 12 10 12 11 15 19 
Beneficio: -14
d 2 d 25 26 25 24 18 17 16 6 9 8 7 9 6 10 12 13 21 20 19 23 22 21 
Beneficio: -18
d 2 d 25 26 25 24 18 17 16 6 9 8 7 9 6 10 12 13 21 20 19 23 22 20 
Beneficio: -69
d 2 d 25 26 25 24 18 17 16 10 14 15 11 12 13 21 22 23 19 20 
Beneficio: -43
d 2 d 25 26 25 24 17 16 6 7 6 10 12 13 12 11 15 19 23 22 20 
Beneficio: -15
d 2 d 25 26 25 24 17 16 6 9 7 6 10 12 10 14 15 19 20 22 
Beneficio: -7
d 2 d 25 26 25 24 17 16 6 9 8 9 7 6 10 12 13 12 10 14 15 19 20 22 23 
Beneficio: -4
d 2 d 25 26 25 24 18 17 16 6 9 8 7 6 10 12 13 12 10 14 15 19 20 22 
Beneficio: -23
d 2 d 25 26 4 5 4 16 17 18 24 26 16 6 7 8 9 6 10 14 15 19 20 22 23 
Beneficio: -17
d 2 d 25 26 4 5 4 16 17 16 6 7 8 9 6 10 12 13 12 11 15 19 20 22 23 19 
Beneficio: -31
d 2 d 25 26 4 5 4 16 6 7 9 6 10 12 11 15 19 20 22 23 19 
Beneficio: -46
d 2 d 25 26 4 5 4 16 10 12 13 12 11 15 19 23 22 21 20 22 
Beneficio: -7
d 2 d 25 26 4 16 17 18 24 26 16 6 7 8 9 6 10 12 13 21 20 22 23 19 15 14 
Beneficio: -29
d 2 d 25 26 4 16 17 16 6 9 8 7 9 6 10 12 10 14 15 19 20 22 23 19 
Beneficio: -31
d 2 d 25 26 4 16 6 7 9 8 9 6 10 12 13 21 22 20 19 
Beneficio: -24
d 2 d 25 26 4 16 10 12 13 21 20 19 15 
Beneficio: -1
d 2 d 25 26 24 18 17 16 6 9 8 7 6 10 14 15 19 23 22 21 
Beneficio: -21
d 2 d 25 26 24 18 17 16 6 7 9 8 7 9 6 10 12 13 12 10 14 15 19 23 22 21 
Beneficio: -38
d 2 d 25 26 24 18 17 16 6 10 12 11 15 19 23 22 20 21 
Beneficio: -8
d 2 d 25 26 24 17 16 6 9 8 7 6 10 14 15 19 20 22 21 20 22 23 
Beneficio: -5
d 2 d 25 26 24 17 16 6 7 8 9 6 10 12 11 15 19 20 21 
Beneficio: -57
d 2 d 25 26 24 18 17 16 6 10 12 13 12 10 14 15 19 20 22 23 
Beneficio: 3
d 2 d 25 26 16 6 7 9 8 7 9 6 10 12 13 12 11 15 19 20 21 20 22 
Beneficio: -69
d 2 d 25 26 4 5 4 16 17 16 10 14 15 19 23 22 21 13 12 
Beneficio: -38
d 2 d 25 26 4 16 6 9 8 7 6 10 12 13 21 22 23 19 20 22 
Beneficio: -1
d 2 d 25 24 26 25 24 18 17 16 6 7 9 6 10 14 15 19 20 21 20 22 23 19 15 
Beneficio: -10
d 2 d 25 24 26 25 24 18 17 16 6 9 8 7 6 10 12 10 14 15 19 23 
Beneficio: 30
d 2 d 25 24 26 25 24 18 17 16 6 9 8 7 6 10 12 13 12 10 14 15 19 23 22 20 21 22 20 
Beneficio: 36
d 2 d 25 24 26 25 24 18 17 16 10 14 15 19 23 22 20 21 13 12 10 6 9 8 7 6 7 
Beneficio: 0
d 2 d 25 24 26 25 24 18 17 16 6 9 7 8 9 6 10 14 15 19 23 22 20 21 
Beneficio: -30
d 2 d 25 24 26 25 24 18 17 16 6 7 9 8 7 9 6 10 12 13 21 
Beneficio: 1
d 2 d 25 24 26 25 24 18 17 16 6 9 8 9 7 6 10 12 10 14 15 19 20 22 21 
Beneficio: -33
d 2 d 25 24 26 25 24 18 17 16 6 9 7 8 9 6 10 14 15 19 23 22 20 
Beneficio: 23
d 2 d 25 24 26 25 24 18 17 16 6 7 6 9 8 7 9 6 10 12 13 21 20 19 23 22 21 
Beneficio: 2
d 2 d 25 24 26 25 24 18 17 16 6 9 8 9 6 10 12 13 21 20 22 23 19 15 
Beneficio: 19
d 2 d 25 24 26 25 24 18 17 16 6 7 9 8 7 9 6 10 14 15 19 20 21 20 22 23 
Beneficio: -36
d 2 d 25 24 26 25 24 18 17 16 6 9 8 7 6 10 12 10 14 15 19 23 22 
Beneficio: -10
d 2 d 25 24 26 25 24 18 17 16 6 9 8 7 9 6 10 12 13 21 20 19 
Beneficio: 12
d 2 d 25 24 26 25 24 17 16 6 7 9 6 10 12 13 21 22 23 19 20 21 
Beneficio: -8
d 2 d 25 24 26 25 24 17 16 6 9 8 7 6 10 12 11 15 19 23 22 21 20 
Beneficio: 41
d 2 d 25 24 26 25 24 17 16 10 12 13 21 20 22 23 19 15 14 10 6 9 7 8 9 6 7 
Beneficio: -8
d 2 d 25 24 26 25 24 17 16 6 9 8 7 6 10 12 10 14 15 19 20 22 23 19 
Beneficio: -13
d 2 d 25 24 26 25 24 17 16 6 9 8 9 6 10 14 15 19 20 21 22 23 
Beneficio: 11
d 2 d 25 24 26 25 24 17 16 6 7 8 9 6 10 12 11 15 19 20 22 21 20 22 23 
Beneficio: 33
d 2 d 25 24 26 25 24 17 16 6 9 8 7 6 10 12 10 14 15 19 20 21 20 19 23 22 
Beneficio: -7
d 2 d 25 24 26 25 24 17 16 10 12 13 12 11 15 19 20 21 20 22 23 
Beneficio: 11
d 2 d 25 24 26 25 24 17 16 6 9 8 7 6 10 14 15 11 12 13 21 20 19 23 22 20 21 
Beneficio: 8
d 2 d 25 24 26 25 24 18 17 16 6 7 9 8 9 6 10 12 13 12 10 14 15 19 20 22 
Beneficio: 5
d 2 d 25 24 26 25 24 18 17 16 6 9 7 8 9 6 10 12 13 21 20 22 23 19 15 14 10 
Beneficio: -15
d 2 d 25 24 26 25 24 18 17 16 6 9 8 7 9 6 10 14 15 19 20 21 22 20 
Beneficio: -33
d 2 d 25 24 26 25 24 18 17 16 6 9 8 7 9 6 10 14 15 19 20 22 23 
Beneficio: -66
d 2 d 25 24 26 25 24 18 17 16 6 10 12 11 15 19 20 21 
Beneficio: 3
d 2 d 25 24 26 25 26 16 6 9 8 7 6 10 12 13 12 11 15 19 23 22 20 21 20 19 
Beneficio: -32
d 2 d 25 24 26 25 26 4 5 4 16 6 7 8 9 6 10 12 13 21 22 23 19 20 
Beneficio: -49
d 2 d 25 24 26 25 26 4 16 6 9 7 6 10 12 13 12 10 14 15 11 
Beneficio: 34
d 2 d 25 24 26 16 17 18 24 25 26 4 5 4 16 6 7 8 9 6 10 14 15 19 20 22 
Beneficio: -32
d 2 d 25 24 26 16 17 18 24 25 26 16 6 10 14 15 19 20 21 22 23 19 15 11 
Beneficio: -7
d 2 d 25 24 26 16 17 24 25 26 16 10 14 15 19 20 21 13 12 10 6 7 
Beneficio: -27
d 2 d 25 24 26 16 17 16 6 7 6 9 8 7 9 6 10 12 13 21 20 
Beneficio: -7
d 2 d 25 24 26 16 17 16 6 7 8 9 6 10 12 13 12 11 15 19 20 21 22 20 
Beneficio: -48
d 2 d 25 24 26 16 6 7 9 6 10 14 15 19 20 21 13 12 13 
Beneficio: -25
d 2 d 25 24 26 16 6 9 8 7 6 10 14 15 19 23 22 20 21 22 23 
Beneficio: -57
d 2 d 25 24 26 16 6 7 9 6 10 12 10 14 15 19 23 
Beneficio: 6
d 2 d 25 24 26 4 5 4 16 17 16 6 7 8 9 6 10 12 13 12 11 15 19 20 21 20 22 23 
Beneficio: -10
d 2 d 25 24 26 4 5 4 16 6 7 9 8 9 6 10 12 13 12 11 15 19 20 22 23 
Beneficio: -32
d 2 d 25 24 26 4 5 4 16 6 7 8 9 6 10 12 11 15 19 23 22 20 21 
Beneficio: -20
d 2 d 25 24 26 4 16 17 18 24 25 26 16 10 14 15 19 23 22 20 21 22 23 
Beneficio: -36
d 2 d 25 24 26 4 16 17 16 6 7 8 9 6 10 14 15 11 12 13 
Beneficio: -36
d 2 d 25 24 26 4 16 6 9 7 8 9 7 6 10 12 11 15 19 20 21 22 
Beneficio: -58
d 2 d 25 24 26 4 16 6 9 7 6 10 12 13 12 10 14 15 19 20 
Beneficio: -36
d 2 d 25 24 26 16 6 9 8 7 9 6 10 14 15 19 23 22 21 20 22 
Beneficio: -34
d 2 d 25 24 26 4 5 4 16 6 9 8 7 6 10 12 13 21 20 19 23 22 
Beneficio: -47
d 2 d 25 24 26 4 16 10 14 15 19 23 22 20 21 13 12 10 12 11 
Beneficio: 4
d 2 d 25 24 18 17 16 6 7 8 9 6 10 12 13 21 20 21 22 23 
Beneficio: -20
d 2 d 25 24 18 17 16 6 9 8 7 9 6 10 12 13 12 10 14 15 19 23 22 20 19 
Beneficio: -27
d 2 d 25 24 18 17 16 6 9 8 7 6 10 14 15 19 23 22 20 21 22 20 
Beneficio: 6
d 2 d 25 24 18 17 16 6 9 7 8 9 8 7 6 10 12 11 15 19 20 21 22 23 19 15 14 
Beneficio: -31
d 2 d 25 24 18 17 16 6 7 8 9 6 10 12 13 12 11 15 19 
Beneficio: -28
d 2 d 25 24 18 17 16 6 9 8 7 6 10 12 11 15 19 23 22 20 21 
Beneficio: -17
d 2 d 25 24 18 17 16 6 7 8 9 6 10 14 15 19 20 22 21 20 22 23 
Beneficio: -49
d 2 d 25 24 18 17 16 6 9 7 8 9 6 10 12 13 12 11 15 19 20 22 23 
Beneficio: -18
d 2 d 25 24 18 17 16 10 12 13 21 20 19 15 14 10 6 9 8 7 6 9 8 7 
Beneficio: 7
d 2 d 25 24 18 17 16 6 7 8 9 6 10 12 11 15 19 23 22 21 20 19 15 14 10 16 4 5 
Beneficio: -56
d 2 d 25 24 18 17 16 6 7 9 6 10 14 15 19 20 22 21 
Beneficio: 19
d 2 d 25 24 18 17 16 6 9 8 7 6 10 12 11 15 19 20 21 20 22 23 19 15 14 
Beneficio: 7
d 2 d 25 24 18 17 16 10 14 15 19 20 21 22 23 19 15 11 12 10 6 9 8 9 6 7 
Beneficio: -21
d 2 d 25 24 18 17 16 6 9 7 8 9 6 10 12 13 21 20 22 23 19 15 
Beneficio: -32
d 2 d 25 24 18 17 16 6 9 7 8 9 6 10 12 13 12 10 14 15 19 23 22 20 21 20 19 15 
Beneficio: -40
d 2 d 25 24 18 17 16 6 7 8 9 6 10 12 13 12 10 14 
Beneficio: -42
d 2 d 25 24 17 16 6 7 9 6 10 14 15 19 20 22 21 13 12 
Beneficio: -4
d 2 d 25 24 17 16 6 9 8 7 6 10 12 10 14 15 19 20 21 22 20 
Beneficio: 2
d 2 d 25 24 17 16 6 9 8 7 6 10 12 13 12 11 15 19 23 22 21 20 19 23 
Beneficio: -10
d 2 d 25 24 17 16 10 14 15 19 20 21 13 12 10 6 7 9 
Beneficio: 8
d 2 d 25 24 17 16 6 9 7 8 9 7 6 10 12 13 12 10 14 15 19 20 21 22 23 
Beneficio: -56
d 2 d 25 24 17 16 6 7 8 9 6 10 12 13 12 11 15 19 20 22 23 19 15 
Beneficio: -23
d 2 d 25 24 17 16 6 9 8 7 6 10 14 15 11 12 13 21 20 22 23 
Beneficio: -86
d 2 d 25 24 17 16 6 9 8 7 9 6 10 12 13 12 11 15 19 23 
Beneficio: 0
d 2 d 25 24 17 16 6 7 6 9 8 7 9 6 10 12 13 12 11 15 19 23 22 20 21 
Beneficio: -61
d 2 d 25 24 17 16 6 9 7 6 10 12 13 12 11 15 19 20 22 23 
Beneficio: -34
d 2 d 25 24 17 16 6 9 8 9 6 10 12 13 12 10 14 15 19 23 22 20 19 15 
Beneficio: -15
d 2 d 25 24 17 16 6 9 8 7 6 10 12 13 21 20 22 23 19 20 22 
Beneficio: 11
d 2 d 25 24 18 17 16 6 7 9 8 7 6 10 12 13 12 11 15 19 23 22 21 20 19 15 14 10 
Beneficio: 18
d 2 d 25 24 18 17 16 6 9 8 7 6 10 12 11 15 19 20 22 21 20 19 15 14 
Beneficio: -18
d 2 d 25 24 18 17 16 6 7 6 9 8 7 9 6 10 14 15 19 23 22 20 
Beneficio: -40
d 2 d 25 24 18 17 16 6 9 7 6 10 12 13 21 22 20 21 
Beneficio: -28
d 2 d 25 24 18 17 16 6 9 8 7 6 10 12 13 21 20 22 23 19 15 
Beneficio: -1
d 2 d 25 24 18 17 16 6 7 8 9 6 10 12 13 12 10 14 15 19 20 22 21 20 21 
Beneficio: -24
d 2 d 25 24 26 16 17 16 6 7 8 9 6 10 12 10 14 15 19 23 22 20 19 
Beneficio: -68
d 2 d 25 24 26 4 5 4 16 10 12 13 12 11 15 19 20 21 22 23 19 
Beneficio: 10
d 2 d 25 24 26 25 24 18 17 16 6 7 8 9 6 10 12 11 15 19 23 22 20 21 20 19 23 
Beneficio: -17
d 2 d 25 24 26 25 24 18 17 16 6 9 8 7 9 6 10 12 13 12 11 15 19 20 21 22 23 
Beneficio: 8
d 2 d 25 24 26 25 24 18 17 16 6 9 8 9 7 6 10 12 11 15 19 23 22 21 20 22 
Beneficio: 35
d 2 d 25 24 26 25 24 18 17 16 6 7 8 9 6 10 14 15 19 23 22 20 21 20 19 15 11 12 13 
Beneficio: -11
d 2 d 25 24 26 25 24 18 17 16 6 7 8 9 6 10 14 15 19 20 21 13 12 10 12 11 
Beneficio: 11
d 2 d 25 24 26 25 24 18 17 16 6 9 8 7 6 10 12 13 12 11 15 19 20 21 20 22 23 19 15 14 
Beneficio: 26
d 2 d 25 24 26 25 24 18 17 16 6 7 8 9 6 10 12 11 15 19 23 22 20 21 22 20 19 15 14 
Beneficio: 25
d 2 d 25 24 26 25 24 18 17 16 6 9 7 8 9 6 10 12 10 14 15 19 23 22 21 20 19 
Beneficio: -27
d 2 d 25 24 26 25 24 18 17 16 10 12 13 21 22 20 21 20 19 23 22 
Beneficio: -28
d 2 d 25 24 26 25 24 18 17 16 6 9 7 6 10 14 15 19 23 22 20 19 15 11 12 13 
Beneficio: 35
d 2 d 25 24 26 25 24 17 16 6 7 9 8 7 9 6 10 12 13 12 11 15 19 23 22 21 20 19 15 14 10 
Beneficio: -14
d 2 d 25 24 26 25 24 17 16 6 9 7 6 10 14 15 19 20 22 23 
Beneficio: -11
d 2 d 25 24 26 25 24 17 16 6 10 12 13 21 20 22 23 19 20 
Beneficio: 9
d 2 d 25 24 26 25 24 17 16 6 7 8 9 6 10 12 13 21 20 19 15 14 10 16 4 5 4 
Beneficio: -39
d 2 d 25 24 26 25 24 17 16 6 9 7 6 10 12 13 21 22 20 19 23 
Beneficio: 5
d 2 d 25 24 26 25 24 17 16 6 7 9 8 9 6 10 14 15 19 23 22 21 20 
Beneficio: -58
d 2 d 25 24 26 25 24 17 16 10 12 13 12 11 15 19 23 22 21 
Beneficio: -40
d 2 d 25 24 26 25 24 17 16 10 14 15 19 23 22 20 21 20 19 15 11 12 13 12 
Beneficio: 11
d 2 d 25 24 26 25 24 18 17 16 6 9 8 7 6 10 12 10 14 15 19 23 22 20 19 
Beneficio: -16
d 2 d 25 24 26 25 24 18 17 16 6 9 8 7 6 10 12 10 14 15 19 23 22 20 21 13 12 11 
Beneficio: 0
d 2 d 25 24 26 25 24 18 17 16 6 7 8 9 6 10 12 13 12 10 14 15 19 23 22 
Beneficio: -39
d 2 d 25 24 26 25 26 16 6 9 8 7 9 6 10 14 15 11 12 13 
Beneficio: -83
d 2 d 25 24 26 25 26 4 5 4 16 10 12 13 21 22 23 19 15 11 
Beneficio: -53
d 2 d 25 24 26 25 26 4 5 4 16 10 12 13 12 10 6 9 7 6 9 
Beneficio: -33
d 2 d 25 24 26 16 17 18 24 25 26 4 16 10 12 13 12 10 14 15 19 20 21 20 22 
Beneficio: -14
d 2 d 25 24 26 16 17 16 6 9 8 7 6 10 14 15 11 12 13 21 20 22 23 19 
Beneficio: -43
d 2 d 25 24 26 16 6 7 8 9 6 10 14 15 19 23 22 20 21 13 12 11 
Beneficio: -22
d 2 d 25 24 26 16 6 9 8 7 6 10 12 13 21 20 
Beneficio: -21
d 2 d 25 24 26 16 6 7 8 9 6 10 12 11 15 19 20 21 22 23 19 15 
Beneficio: -44
d 2 d 25 24 26 4 5 4 16 6 7 8 9 6 16 10 14 15 19 23 22 20 
Beneficio: -53
d 2 d 25 24 26 4 5 4 16 10 12 11 15 19 20 22 23 19 15 14 
Beneficio: -7
d 2 d 25 24 26 4 16 6 7 8 9 6 10 12 13 12 11 15 19 23 22 21 20 22 23 
Beneficio: -84
d 2 d 25 24 26 4 16 6 10 12 13 21 20 19 15 
Beneficio: -60
d 2 d 25 24 26 16 6 7 9 6 10 12 11 15 19 20 22 23 19 15 
Beneficio: -98
d 2 d 25 24 26 4 5 4 16 10 12 11 15 19 23 22 21 
Beneficio: -43
d 2 d 25 24 18 17 16 6 7 9 8 7 9 6 10 12 11 15 19 23 22 20 
Beneficio: 27
d 2 d 25 24 18 17 16 6 9 8 7 6 10 12 11 15 19 20 21 22 20 19 15 14 
Beneficio: -29
d 2 d 25 24 18 17 16 6 9 8 7 6 10 12 13 12 11 15 19 23 22 21 20 22 23 
Beneficio: -28
d 2 d 25 24 18 17 16 6 10 12 13 12 11 15 19 20 21 22 23 19 15 14 
Beneficio: -17
d 2 d 25 24 18 17 16 6 7 9 6 10 12 10 14 15 19 20 22 21 20 22 23 
Beneficio: -16
d 2 d 25 24 18 17 16 6 7 9 8 7 9 6 10 12 11 15 19 23 22 20 19 
Beneficio: -78
d 2 d 25 24 18 17 16 6 9 7 8 9 6 10 12 13 21 20 19 
Beneficio: -49
d 2 d 25 24 18 17 16 10 14 15 19 20 21 13 
Beneficio: -54
d 2 d 25 24 18 17 16 6 7 9 6 10 12 13 21 22 20 19 15 14 
Beneficio: -49
d 2 d 25 24 18 17 16 6 9 7 8 9 6 10 12 13 12 10 14 15 19 20 
Beneficio: -50
d 2 d 25 24 18 17 16 10 6 9 8 7 6 9 7 
Beneficio: -40
d 2 d 25 24 18 17 16 6 7 9 8 9 6 10 12 11 15 19 23 22 20 19 15 
Beneficio: -71
d 2 d 25 24 18 17 16 10 12 10 14 15 19 23 22 20 
Beneficio: -10
d 2 d 25 24 17 16 6 7 9 6 10 12 10 14 15 19 23 22 20 21 20 19 
Beneficio: -48
d 2 d 25 24 17 16 6 9 7 6 10 12 13 21 22 20 19 15 
Beneficio: -29
d 2 d 25 24 17 16 6 9 7 8 9 6 10 12 13 21 20 22 23 19 15 14 
Beneficio: -62
d 2 d 25 24 17 16 6 7 9 6 10 12 13 21 22 23 19 15 14 
Beneficio: -76
d 2 d 25 24 17 16 6 7 8 9 6 10 12 10 14 15 19 23 
Beneficio: -40
d 2 d 25 24 17 16 6 7 8 9 6 10 12 13 12 10 14 15 19 20 22 21 20 22 23 19 
Beneficio: -43
d 2 d 25 24 17 16 6 7 9 8 9 6 10 12 13 12 11 15 19 23 22 
Beneficio: 10
d 2 d 25 24 17 16 6 9 8 7 6 10 12 13 21 20 19 
Beneficio: -5
d 2 d 25 24 17 16 6 9 7 8 9 7 6 10 12 13 21 20 22 23 
Beneficio: -60
d 2 d 25 24 17 16 10 14 15 19 20 22 21 
Beneficio: -56
d 2 d 25 24 18 17 16 6 9 7 6 10 12 13 12 11 15 19 20 21 
Beneficio: -42
d 2 d 25 24 18 17 16 6 9 8 7 6 10 14 15 19 23 22 20 
Beneficio: 6
d 2 d 25 24 18 17 16 6 7 8 9 6 10 12 10 14 
Beneficio: -57
d 2 d 25 24 18 17 16 6 9 8 7 9 6 10 12 13 21 22 
Beneficio: -93
d 2 d 25 24 26 16 10 12 11 15 19 20 22 23 19 
Beneficio: -20
d 2 d 25 26 24 18 17 16 6 7 9 8 7 9 6 10 12 11 15 19 23 22 20 19 15 
Beneficio: 6
d 2 d 25 26 24 18 17 16 6 9 8 7 6 10 14 15 19 20 
Beneficio: -30
d 2 d 25 26 24 18 17 16 6 9 8 7 6 10 12 11 15 19 20 22 
Beneficio: -52
d 2 d 25 26 24 18 17 16 6 9 7 8 9 6 10 14 15 19 20 22 21 
Beneficio: 9
d 2 d 25 26 24 18 17 16 6 9 8 7 6 10 14 15 19 20 22 21 20 22 23 
Beneficio: -28
d 2 d 25 26 24 18 17 16 6 7 8 9 6 10 12 13 12 10 14 15 19 20 22 23 
Beneficio: 6
d 2 d 25 26 24 17 16 6 7 9 8 7 6 10 14 15 19 23 22 20 21 13 12 10 12 
Beneficio: -22
d 2 d 25 26 24 17 16 10 12 13 21 20 21 22 23 19 15 14 
Beneficio: -16
d 2 d 25 26 24 17 16 6 9 8 7 6 10 14 15 19 20 21 13 12 10 
Beneficio: -17
d 2 d 25 26 24 17 16 6 9 7 6 10 12 13 21 20 22 23 19 15 14 
Beneficio: -24
d 2 d 25 26 24 18 17 16 6 7 9 6 10 12 11 15 19 23 22 20 21 20 19 
Beneficio: -47
d 2 d 25 26 24 18 17 16 6 7 9 6 10 14 15 11 12 13 
Beneficio: -77
d 2 d 25 26 16 17 24 26 4 16 10 12 13 12 11 15 19 23 22 20 19 15 14 
Beneficio: -41
d 2 d 25 26 16 6 9 8 7 6 10 12 13 21 22 20 21 
Beneficio: -26
d 2 d 25 26 4 5 4 16 17 16 6 7 8 9 6 10 12 11 15 19 23 22 20 19 
Beneficio: -61
d 2 d 25 26 4 16 17 16 10 12 13 21 22 20 19 23 
Beneficio: -77
d 2 d 25 26 24 18 17 16 6 10 12 13 21 20 19 
Beneficio: -63
d 2 d 25 26 24 18 17 16 10 12 13 12 10 14 15 19 20 22 23 
Beneficio: -2
d 2 d 4 5 4 16 17 18 24 26 25 24 17 16 6 7 8 9 6 10 12 11 15 19 23 
Beneficio: -6
d 2 d 4 5 4 16 17 18 24 26 25 24 17 16 6 9 8 7 6 10 14 15 19 23 22 21 13 12 11 
Beneficio: -3
d 2 d 4 5 4 16 17 18 24 26 25 24 18 17 16 6 9 8 7 9 6 10 14 15 19 23 22 20 21 
Beneficio: -62
d 2 d 4 5 4 16 17 18 24 26 25 24 17 16 10 12 13 12 11 15 19 20 22 21 
Beneficio: -31
d 2 d 4 5 4 16 17 18 24 26 25 26 16 6 9 8 9 6 10 14 15 19 20 22 23 19 15 11 12 13 12 
Beneficio: -34
d 2 d 4 5 4 16 17 18 24 26 16 6 9 8 9 6 10 14 15 19 23 22 20 21 13 12 11 
Beneficio: -73
d 2 d 4 5 4 16 17 18 24 26 16 6 10 14 15 19 20 22 
Beneficio: -29
d 2 d 4 5 4 16 17 18 24 25 26 24 17 16 10 12 13 12 11 15 19 20 21 22 20 19 
Beneficio: -23
d 2 d 4 5 4 16 17 18 24 25 26 24 18 17 16 6 7 8 9 6 10 14 15 19 20 
Beneficio: -3
d 2 d 4 5 4 16 17 18 24 25 26 16 6 9 8 7 6 10 14 15 19 20 22 21 20 22 23 19 15 11 12 
Beneficio: -39
d 2 d 4 5 4 16 17 18 24 25 26 25 24 17 16 6 10 14 15 19 23 22 20 21 
Beneficio: -14
d 2 d 4 5 4 16 17 18 24 25 26 24 17 16 6 9 7 8 9 6 10 14 15 19 23 22 20 21 13 12 11 
Beneficio: 34
d 2 d 4 5 4 16 17 18 24 25 26 24 18 17 16 6 7 8 9 6 10 12 13 21 20 22 23 19 20 
Beneficio: -53
d 2 d 4 5 4 16 17 18 24 25 26 16 6 10 12 10 14 15 19 20 22 23 
Beneficio: -14
d 2 d 4 5 4 16 17 18 24 26 25 24 17 16 10 12 10 14 15 19 23 22 21 20 19 15 14 
Beneficio: -30
d 2 d 4 5 4 16 17 18 24 25 26 24 17 16 6 9 8 9 6 10 12 13 12 11 15 
Beneficio: 18
d 2 d 4 5 4 16 17 18 24 25 26 16 6 7 9 8 7 9 6 10 12 13 21 20 22 23 19 20 
Beneficio: 9
d 2 d 4 5 4 16 17 24 26 25 24 18 17 16 6 9 8 7 6 10 14 15 11 12 13 21 20 22 23 19 
Beneficio: -19
d 2 d 4 5 4 16 17 24 26 25 24 18 17 16 6 9 7 6 10 12 13 21 20 19 15 11 
Beneficio: -51
d 2 d 4 5 4 16 17 24 26 25 24 18 17 16 6 10 14 15 19 23 22 20 19 15 11 12 13 
Beneficio: -40
d 2 d 4 5 4 16 17 24 26 25 24 18 17 16 6 9 8 9 6 10 12 11 15 19 23 22 20 
Beneficio: -18
d 2 d 4 5 4 16 17 24 26 25 24 17 16 6 7 8 9 6 10 14 15 19 20 22 23 19 
Beneficio: -29
d 2 d 4 5 4 16 17 24 26 16 6 7 9 6 10 12 13 21 22 23 19 20 22 23 
Beneficio: -46
d 2 d 4 5 4 16 17 24 26 16 6 9 8 7 9 6 10 12 13 12 10 14 15 
Beneficio: -54
d 2 d 4 5 4 16 17 24 25 26 24 18 17 16 10 12 13 12 10 14 15 19 20 22 23 
Beneficio: -5
d 2 d 4 5 4 16 17 24 25 26 24 18 17 16 10 6 9 8 9 7 6 
Beneficio: -35
d 2 d 4 5 4 16 17 24 25 26 24 18 17 16 6 9 7 6 10 14 15 19 20 
Beneficio: -8
d 2 d 4 5 4 16 17 24 25 26 16 10 12 13 21 20 19 23 
Beneficio: 19
d 2 d 4 5 4 16 17 24 25 26 24 18 17 16 6 7 9 6 10 12 13 21 20 19 23 
Beneficio: 14
d 2 d 4 5 4 16 17 24 25 26 24 18 17 16 6 9 8 7 6 10 14 15 19 20 21 13 12 
Beneficio: -6
d 2 d 4 5 4 16 17 24 25 26 16 6 7 8 9 6 10 14 15 19 23 22 20 19 15 11 12 
Beneficio: -35
d 2 d 4 5 4 16 17 24 25 26 16 10 14 15 19 20 21 13 12 11 
Beneficio: -14
d 2 d 4 5 4 16 17 18 24 26 25 24 17 16 10 12 13 21 20 19 23 
Beneficio: 15
d 2 d 4 5 4 16 17 18 24 26 25 26 16 6 9 8 7 6 10 14 15 19 20 21 20 22 
Beneficio: -24
d 2 d 4 5 4 16 17 18 24 26 16 6 9 7 8 9 6 10 12 13 21 20 22 23 
Beneficio: -35
d 2 d 4 5 4 16 17 18 24 25 26 24 17 16 10 12 11 15 19 23 22 20 21 20 22 
Beneficio: 29
d 2 d 4 5 4 16 17 18 24 25 26 16 6 7 8 9 6 10 12 13 21 20 19 
Beneficio: -7
d 2 d 4 5 4 16 17 18 24 25 26 16 6 7 8 9 6 10 12 11 15 19 23 22 20 21 20 
Beneficio: -13
d 2 d 4 5 4 16 17 18 24 25 26 24 17 16 6 9 8 7 6 10 12 11 15 
Beneficio: -16
d 2 d 4 5 4 16 17 16 6 7 9 6 10 14 15 19 20 21 13 12 
Beneficio: -18
d 2 d 4 5 4 16 17 16 10 12 13 21 20 19 15 14 10 6 9 8 7 9 6 
Beneficio: 31
d 2 d 4 5 4 16 17 24 26 25 24 18 17 16 6 9 7 8 9 7 6 10 12 13 21 20 22 23 19 20 
Beneficio: -1
d 2 d 4 5 4 16 17 24 26 25 24 18 17 16 6 7 9 6 10 14 15 19 23 22 20 21 20 19 15 
Beneficio: 4
d 2 d 4 5 4 16 17 24 25 26 24 18 17 16 6 9 8 9 7 6 10 12 13 12 11 15 19 23 22 20 19 15 
Beneficio: -12
d 2 d 4 5 4 16 17 24 25 26 24 18 17 16 6 9 8 7 6 10 12 13 12 
Beneficio: -41
d 2 d 4 5 4 16 17 24 25 26 24 18 17 16 6 9 7 6 10 12 11 15 19 
Beneficio: -1
d 2 d 4 5 4 16 17 18 24 26 25 24 17 16 6 7 8 9 6 10 12 11 15 19 20 21 22 23 19 
Beneficio: 12
d 2 d 4 5 4 16 17 18 24 25 26 24 17 16 6 7 8 9 6 10 14 15 19 23 22 21 20 19 15 
Beneficio: -46
d 2 d 4 5 4 16 17 18 24 25 26 16 10 12 10 6 9 8 9 7 
Beneficio: -77
d 2 d 4 5 4 16 17 24 26 25 24 18 17 16 10 12 13 12 10 14 15 19 20 22 23 
Beneficio: 12
d 2 d 4 5 4 16 17 24 25 26 24 18 17 16 10 12 13 21 20 22 23 19 15 14 10 6 9 8 7 6 9 7 
Beneficio: -23
d 2 d 4 5 4 16 26 25 24 18 17 16 6 7 6 10 14 15 19 20 22 23 19 15 
Beneficio: -3
d 2 d 4 5 4 16 26 25 24 18 17 16 6 7 9 6 10 12 13 12 11 15 19 23 22 21 20 22 
Beneficio: -8
d 2 d 4 5 4 16 26 25 24 18 17 16 6 7 9 6 10 12 13 21 20 22 23 19 15 14 10 
Beneficio: -20
d 2 d 4 5 4 16 26 25 24 17 16 6 7 8 9 6 10 12 13 21 20 21 
Beneficio: 33
d 2 d 4 5 4 16 26 25 24 17 16 6 7 8 9 6 10 14 15 19 20 21 13 12 11 
Beneficio: -34
d 2 d 4 5 4 16 26 25 24 18 17 16 6 10 12 13 21 20 19 23 
Beneficio: -8
d 2 d 4 5 4 16 26 25 24 18 17 16 6 9 7 8 9 7 6 10 12 13 12 10 14 15 19 23 22 20 
Beneficio: -39
d 2 d 4 5 4 16 26 25 24 18 17 16 10 6 9 7 8 9 6 
Beneficio: -2
d 2 d 4 5 4 16 26 25 24 17 16 6 7 9 8 7 6 10 12 13 21 20 
Beneficio: 10
d 2 d 4 5 4 16 26 25 26 24 18 17 16 6 9 8 7 6 7 9 
Beneficio: 5
d 2 d 4 5 4 16 26 25 26 24 18 17 16 6 7 8 9 6 10 12 13 12 10 14 15 19 23 22 20 
Beneficio: 27
d 2 d 4 5 4 16 26 24 25 26 24 18 17 16 6 7 8 9 6 10 14 15 19 20 21 13 
Beneficio: 15
d 2 d 4 5 4 16 26 24 18 17 16 6 9 8 7 6 10 12 13 12 10 14 15 19 20 22 21 20 
Beneficio: -53
d 2 d 4 5 4 16 26 24 18 17 16 6 9 7 8 9 6 10 12 10 14 15 19 23 
Beneficio: -2
d 2 d 4 5 4 16 26 24 17 16 6 7 8 9 7 6 10 12 10 14 15 19 20 22 23 19 15 
Beneficio: -39
d 2 d 4 5 4 16 26 24 17 16 6 7 9 8 7 6 10 12 11 15 
Nueva solucion parcial! a los 1692.72s
Imprimiendo solucion: 
Beneficio: 43
1  * 6
2  * -3
1  * -5
4  * 1
5  * -1
4  * -3
16  * -16
6  * 26
7  * 6
8  * 23
9  * -1
6  * -21
10  * 9
12  * 2
13  * -16
21  * 24
20  * 8
19  * -6
15  * 5
14  * -7
10  * -24
16  * 15
17  * 2
18  * -1
24  * 5
26  * 17
25  * -2
1
Beneficio: -35
d 2 d 4 5 4 16 6 9 8 7 6 10 12 11 15 19 20 
Beneficio: -58
d 2 d 4 5 4 16 26 25 24 18 17 16 6 10 12 13 21 22 23 
Beneficio: -35
d 2 d 4 5 4 16 10 12 13 21 20 19 15 14 10 6 9 7 6 9 
Beneficio: 51
d 2 d 4 5 4 26 25 24 18 17 16 6 7 8 9 6 10 12 13 12 10 14 15 19 23 22 21 20 19 15 
Beneficio: -30
d 2 d 4 5 4 26 25 24 18 17 16 6 10 12 10 14 15 19 20 21 22 20 
Beneficio: -1
d 2 d 4 5 4 26 25 24 17 16 6 9 8 7 6 10 12 13 12 11 15 19 20 22 21 
Beneficio: -27
d 2 d 4 5 4 26 25 24 18 17 16 10 12 13 21 20 22 23 19 15 14 
Beneficio: -41
d 2 d 4 5 4 26 25 24 18 17 16 6 9 7 8 9 6 10 12 11 15 19 23 22 21 
Beneficio: 17
d 2 d 4 5 4 26 25 24 17 16 6 9 8 9 7 6 10 12 13 21 20 22 23 19 15 
Beneficio: 36
d 2 d 4 5 4 26 25 26 24 18 17 16 6 9 8 7 6 10 14 15 19 20 21 22 23 19 15 11 12 10 
Beneficio: 8
d 2 d 4 5 4 26 24 25 26 16 6 7 8 9 6 10 14 15 19 23 22 20 21 22 20 
Beneficio: -51
d 2 d 4 5 4 26 24 25 26 24 17 16 10 12 13 12 10 14 15 19 23 22 20 
Beneficio: 6
d 2 d 4 5 4 26 24 18 17 16 6 7 8 9 6 10 12 13 12 10 14 15 19 20 21 20 22 23 
Beneficio: -45
d 2 d 4 5 4 26 24 25 26 16 6 7 9 6 10 14 15 19 20 22 23 
Beneficio: -71
d 2 d 4 5 4 26 24 17 16 6 9 8 7 6 10 12 13 12 11 15 19 
Beneficio: -66
d 2 d 4 5 4 26 16 17 18 24 26 25 24 17 16 10 12 11 15 19 20 
Beneficio: -53
d 2 d 4 5 4 26 16 17 24 25 26 24 18 17 16 10 12 13 21 22 20 
Beneficio: -14
d 2 d 4 5 4 26 25 24 18 17 16 6 7 8 9 6 10 12 11 15 19 20 22 
Beneficio: -20
d 2 d 4 5 4 26 24 18 17 16 6 9 8 7 6 9 7 
Beneficio: -38
d 2 d 4 5 4 26 25 24 26 16 10 12 13 21 20 22 23 19 15 14 
Beneficio: -28
d 2 d 4 5 4 26 24 18 17 16 6 9 7 8 9 6 10 12 13 12 11 15 19 23 22 20 19 15 
Beneficio: -28
d 2 d 4 5 4 26 25 24 18 17 16 6 7 8 9 6 10 12 13 12 11 15 14 
Beneficio: 27
d 2 d 4 16 17 18 24 26 25 24 17 16 6 7 8 9 6 10 12 11 15 19 23 22 20 19 
Beneficio: -8
d 2 d 4 16 17 18 24 26 25 24 18 17 16 6 7 8 9 6 10 12 11 15 14 
Beneficio: -15
d 2 d 4 16 17 18 24 26 25 24 18 17 16 10 12 13 12 11 15 19 23 22 20 21 20 19 15 14 10 
Beneficio: -3
d 2 d 4 16 17 18 24 26 16 10 14 15 19 20 21 22 23 19 15 11 12 10 6 9 8 7 
Beneficio: 26
d 2 d 4 16 17 18 24 25 26 24 17 16 6 9 8 7 6 10 12 11 15 19 23 22 21 20 19 
Beneficio: -14
d 2 d 4 16 17 18 24 25 26 16 10 12 13 12 11 15 19 23 22 20 21 
Beneficio: -28
d 2 d 4 16 17 18 24 25 26 24 17 16 10 14 15 11 12 13 21 20 19 23 22 
Beneficio: 22
d 2 d 4 16 17 18 24 25 26 16 6 7 8 9 6 10 12 11 15 19 20 21 22 23 19 
Beneficio: -20
d 2 d 4 16 17 18 24 25 26 16 6 9 7 8 9 6 10 12 13 12 10 14 15 19 20 22 
Beneficio: -1
d 2 d 4 16 17 24 26 25 24 18 17 16 10 12 13 21 20 22 23 19 15 14 10 
Beneficio: -30
d 2 d 4 16 17 24 26 25 24 18 17 16 6 9 7 6 10 12 13 
Beneficio: -49
d 2 d 4 16 17 24 26 25 24 17 16 10 12 11 15 19 23 22 20 
Beneficio: 28
d 2 d 4 16 17 24 25 26 24 18 17 16 6 7 8 9 6 10 12 13 12 11 15 19 20 22 23 19 
Beneficio: -8
d 2 d 4 16 17 24 25 26 24 18 17 16 10 12 13 21 20 22 23 19 20 
Beneficio: -20
d 2 d 4 16 17 24 25 26 16 10 12 13 12 10 14 15 19 20 22 21 20 21 
Beneficio: 32
d 2 d 4 16 17 24 25 26 24 18 17 16 6 7 8 9 6 10 12 13 21 20 22 23 19 20 21 
Beneficio: -3
d 2 d 4 16 17 24 25 26 16 6 7 9 6 10 12 13 12 11 15 19 20 22 21 20 
Beneficio: -27
d 2 d 4 16 17 18 24 26 25 24 17 16 10 14 15 19 23 22 20 21 13 12 11 
Beneficio: 9
d 2 d 4 16 17 18 24 25 26 24 17 16 6 7 9 6 10 12 13 12 10 14 15 19 23 22 20 21 
Beneficio: -29
d 2 d 4 16 17 18 24 25 26 24 17 16 6 9 8 7 6 10 12 13 12 11 
Beneficio: -46
d 2 d 4 16 17 16 6 7 9 6 10 12 11 15 19 20 22 23 19 
Beneficio: -9
d 2 d 4 16 17 16 6 7 8 9 6 10 12 13 12 10 14 15 19 20 21 
Beneficio: -20
d 2 d 4 16 17 24 26 25 24 18 17 16 10 14 15 19 20 22 21 20 22 23 
Beneficio: 34
d 2 d 4 16 17 24 25 26 16 6 7 8 9 6 10 12 13 21 20 19 23 
Beneficio: 15
d 2 d 4 16 17 18 24 26 25 24 17 16 6 9 7 8 9 7 6 10 12 13 21 20 19 
Beneficio: -9
d 2 d 4 16 17 24 26 25 24 18 17 16 6 7 8 9 6 10 12 13 21 22 20 19 
Beneficio: 49
d 2 d 4 16 26 25 24 18 17 16 6 7 8 9 6 10 12 13 12 10 14 15 19 20 21 22 23 19 15 
Beneficio: -34
d 2 d 4 16 26 25 24 18 17 16 6 9 7 6 10 14 15 19 23 22 21 20 
Beneficio: -24
d 2 d 4 16 26 25 24 17 16 6 9 8 7 9 6 10 12 13 12 11 15 19 20 21 
Beneficio: -6
d 2 d 4 16 26 25 24 18 17 16 6 7 8 9 6 10 14 15 19 20 21 22 
Beneficio: -36
d 2 d 4 16 26 25 24 17 16 6 7 8 9 6 10 12 11 15 19 23 22 20 19 
Beneficio: -50
d 2 d 4 16 26 25 26 24 18 17 16 10 12 10 14 15 19 20 
Beneficio: -20
d 2 d 4 16 26 24 25 26 24 17 16 6 9 8 7 6 10 12 10 14 15 19 20 
Beneficio: -6
d 2 d 4 16 26 24 18 17 16 6 7 9 6 10 12 13 21 20 19 23 22 20 
Beneficio: -53
d 2 d 4 16 26 24 17 16 6 9 8 9 6 10 12 13 12 11 15 19 
Beneficio: -48
d 2 d 4 16 6 9 8 7 6 10 12 13 12 10 14 15 19 20 22 
Beneficio: -2
d 2 d 4 16 26 25 24 18 17 16 6 7 8 9 6 10 12 10 14 15 19 23 22 20 
Beneficio: -21
d 2 d 4 16 26 24 25 26 25 24 18 17 16 6 7 6 9 
Beneficio: 21
d 2 d 4 26 25 24 26 16 6 9 8 7 6 10 12 11 15 19 23 22 20 21 13 
Beneficio: -17
d 2 d 4 26 25 24 18 17 16 10 12 10 14 15 19 20 21 22 20 19 15 
Beneficio: -54
d 2 d 4 26 25 24 18 17 16 10 14 15 11 12 13 21 22 20 19 
Beneficio: -42
d 2 d 4 26 25 24 17 16 6 9 8 7 9 6 10 12 13 12 11 15 19 23 
Beneficio: -10
d 2 d 4 26 25 24 26 16 17 16 6 9 8 7 6 10 12 13 
Beneficio: -9
d 2 d 4 26 25 24 18 17 16 10 14 15 19 23 22 21 20 19 15 
Beneficio: -1
d 2 d 4 26 25 24 17 16 6 9 8 7 6 10 12 13 12 11 15 19 20 22 23 
Beneficio: -57
d 2 d 4 26 25 24 18 17 16 6 9 8 7 9 6 10 12 
Beneficio: -27
d 2 d 4 26 25 26 24 18 17 16 10 12 13 21 20 19 23 22 
Beneficio: -32
d 2 d 4 26 24 25 26 25 24 17 16 6 9 7 8 9 
Beneficio: -4
d 2 d 4 26 24 18 17 16 6 9 8 7 6 10 12 13 12 11 15 19 23 22 21 20 
Beneficio: -46
d 2 d 4 26 24 18 17 16 6 9 8 7 9 6 10 12 
Beneficio: 22
d 2 d 4 26 24 17 16 6 7 8 9 6 10 12 10 14 15 19 23 22 20 21 22 
Beneficio: -13
d 2 d 4 26 24 17 16 6 9 7 6 10 12 13 21 20 19 23 22 
Beneficio: -39
d 2 d 4 26 16 17 18 24 25 26 24 17 16 6 7 8 9 7 8 
Beneficio: -37
d 2 d 4 26 16 17 18 24 25 26 24 17 16 10 12 13 21 20 19 15 14 
Beneficio: -86
d 2 d 4 26 25 24 17 16 10 12 10 14 15 19 
Beneficio: -65
d 2 d 4 26 24 18 17 16 10 14 15 19 20 22 23 19 15 11 12 13 12 
Beneficio: -14
d 2 d 4 26 25 24 18 17 16 6 7 9 6 10 12 13 21 20 19 23 22 20 
Beneficio: 35
d 2 d 4 26 25 26 24 18 17 16 6 9 8 7 6 10 14 15 19 20 21 22 23 
Beneficio: 27
d 2 d 4 26 24 17 16 6 9 8 7 6 10 12 11 15 19 20 21 
Beneficio: -87
d 2 d 4 26 16 10 12 13 21 20 19 
Beneficio: -19
d 2 d 25 26 24 18 17 16 6 7 8 9 6 10 14 15 19 23 22 20 19 
Beneficio: 6
d 2 d 25 26 24 18 17 16 6 9 7 8 9 6 10 12 13 21 22 20 21 20 19 23 22 
Beneficio: -22
d 2 d 25 26 24 18 17 16 10 14 15 11 12 13 21 22 20 19 
Beneficio: 8
d 2 d 25 26 24 18 17 16 6 9 8 7 6 10 12 10 14 15 19 23 22 20 21 22 20 
Beneficio: -14
d 2 d 25 26 24 18 17 16 6 7 8 9 6 10 12 11 15 19 23 22 20 19 
Beneficio: -40
d 2 d 25 26 24 18 17 16 6 10 14 15 19 23 22 20 
Beneficio: -20
d 2 d 25 26 24 18 17 16 10 12 13 12 10 6 7 9 8 7 9 6 
Beneficio: -23
d 2 d 25 26 24 17 16 6 9 8 9 6 10 14 15 19 23 22 20 19 15 11 
Beneficio: -11
d 2 d 25 26 24 17 16 6 7 8 9 6 10 12 11 15 19 23 
Beneficio: -26
d 2 d 25 26 24 17 16 6 7 8 9 6 10 12 13 21 20 22 23 19 15 
Beneficio: -17
d 2 d 25 26 24 17 16 6 9 7 6 10 12 13 12 10 14 15 19 23 22 20 19 
Beneficio: -10
d 2 d 25 26 24 18 17 16 6 7 9 6 10 14 15 11 12 13 
Beneficio: -56
d 2 d 25 26 24 18 17 16 6 10 14 15 19 20 21 22 23 
Beneficio: 4
d 2 d 25 26 16 17 18 24 26 4 16 6 9 8 7 6 10 12 13 21 20 
Beneficio: 14
d 2 d 25 26 16 6 7 9 8 9 6 10 12 13 12 11 15 19 20 22 21 20 
Beneficio: -16
d 2 d 25 26 16 6 9 7 8 9 6 10 12 13 21 20 22 23 19 15 14 10 
Beneficio: 12
d 2 d 25 26 25 24 18 17 16 6 7 9 8 9 6 10 12 13 21 20 22 23 
Beneficio: 0
d 2 d 25 26 25 24 17 16 6 7 8 9 6 10 12 13 21 20 19 23 22 
Beneficio: -3
d 2 d 25 26 25 24 17 16 6 9 8 7 6 10 12 11 15 19 
Beneficio: -36
d 2 d 25 26 25 24 18 17 16 6 9 7 8 9 6 10 12 13 12 11 15 19 20 22 
Beneficio: -30
d 2 d 25 26 25 24 18 17 16 6 9 7 6 10 14 15 19 20 21 13 
Beneficio: -24
d 2 d 25 26 25 24 17 16 6 9 7 8 9 6 7 
Beneficio: -37
d 2 d 25 26 4 5 4 16 6 9 8 7 9 6 10 14 15 19 23 22 20 
Beneficio: 23
d 2 d 25 26 4 16 6 7 8 9 6 10 12 13 12 11 15 19 20 21 22 23 19 15 
Beneficio: -27
d 2 d 25 26 24 18 17 16 10 14 15 19 23 22 21 20 19 15 11 12 
Beneficio: -34
d 2 d 25 26 24 17 16 10 14 15 19 23 22 21 20 22 
Beneficio: -48
d 2 d 25 26 4 16 6 10 14 15 19 20 22 21 20 19 15 
Beneficio: 1
d 2 d 25 24 26 25 24 18 17 16 6 9 7 6 10 12 13 12 11 15 19 20 21 22 23 19 20 
Beneficio: -12
d 2 d 25 24 26 25 24 18 17 16 6 9 8 7 9 6 10 12 13 12 11 15 19 20 22 23 19 15 14 
Beneficio: -32
d 2 d 25 24 26 25 24 18 17 16 10 12 11 15 19 20 22 23 19 
Beneficio: -1
d 2 d 25 24 26 25 24 18 17 16 6 7 8 9 6 10 12 11 15 19 20 21 20 22 23 19 
Beneficio: 31
d 2 d 25 24 26 25 24 17 16 6 7 8 9 6 10 12 11 15 19 23 22 21 20 19 15 14 
Beneficio: -17
d 2 d 25 24 26 25 24 17 16 6 7 8 9 6 10 12 13 21 20 22 23 19 20 
Beneficio: -56
d 2 d 25 24 26 25 24 17 16 6 7 8 9 6 10 12 13 12 11 15 19 20 
Beneficio: 12
d 2 d 25 24 26 25 24 17 16 6 9 7 8 9 7 6 10 12 13 12 11 15 19 23 22 20 19 
Beneficio: 6
d 2 d 25 24 26 25 24 18 17 16 6 7 8 9 6 10 14 15 19 20 22 21 20 
Beneficio: -19
d 2 d 25 24 26 25 26 16 6 9 8 7 9 6 10 12 11 15 19 20 22 23 19 15 14 
Beneficio: 2
d 2 d 25 24 26 16 17 18 24 25 26 16 6 7 9 6 10 12 13 12 11 15 19 20 21 
Beneficio: -1
d 2 d 25 24 26 16 6 7 8 9 6 10 12 10 14 15 19 23 22 21 20 22 23 
Beneficio: -17
d 2 d 25 24 26 16 6 7 8 9 6 10 14 15 19 20 22 
Beneficio: -66
d 2 d 25 24 26 4 5 4 16 10 12 13 21 20 19 23 22 
Beneficio: -73
d 2 d 25 24 26 4 16 10 12 10 14 15 19 23 22 20 21 
Beneficio: -1
d 2 d 25 24 18 17 16 26 25 24 26 4 5 
Beneficio: -27
d 2 d 25 24 18 17 16 6 9 8 7 9 6 10 12 11 15 19 20 22 21 20 22 23 
Beneficio: -9
d 2 d 25 24 18 17 16 10 12 11 15 19 20 21 22 23 19 15 14 10 6 9 8 7 
Beneficio: -9
d 2 d 25 24 18 17 16 6 7 8 9 6 10 12 10 14 15 19 23 22 20 19 
Beneficio: 4
d 2 d 25 24 18 17 16 6 9 8 7 6 10 12 10 14 15 19 20 22 21 20 
Beneficio: -19
d 2 d 25 24 18 17 16 6 9 8 7 6 10 14 15 19 23 22 21 20 19 
Beneficio: -63
d 2 d 25 24 18 17 16 6 9 8 9 6 10 12 13 21 20 22 23 19 
Beneficio: -9
d 2 d 25 24 17 16 6 7 6 9 8 9 6 10 12 13 12 11 15 19 20 22 23 19 15 
Beneficio: -46
d 2 d 25 24 17 16 10 12 13 21 20 22 23 19 15 14 10 6 9 8 
Beneficio: -73
d 2 d 25 24 17 16 6 9 7 8 9 6 10 12 13 12 11 15 19 20 22 21 
Beneficio: -35
d 2 d 25 24 17 16 6 9 8 9 7 6 10 12 13 12 11 
Beneficio: -51
d 2 d 25 24 17 16 10 12 11 15 19 20 21 22 23 
Beneficio: -36
d 2 d 25 24 18 17 16 6 9 7 6 10 12 13 12 11 15 19 23 22 20 19 15 
Beneficio: -55
d 2 d 25 24 18 17 16 10 12 11 15 19 20 21 22 23 
Beneficio: 37
d 2 d 25 24 26 25 24 18 17 16 6 9 8 7 6 10 12 11 15 19 20 21 22 20 19 15 
Beneficio: 3
d 2 d 25 24 26 25 24 18 17 16 6 7 9 6 10 12 13 21 20 22 23 19 
Beneficio: 17
d 2 d 25 24 26 25 24 18 17 16 6 7 9 6 10 12 10 14 15 19 20 22 21 20 22 23 19 
Beneficio: -56
d 2 d 25 24 26 25 24 18 17 16 6 10 12 10 14 15 19 20 
Beneficio: -12
d 2 d 25 24 26 25 24 17 16 10 12 13 12 10 14 15 19 20 21 20 22 23 19 15 11 
Beneficio: -10
d 2 d 25 24 26 25 24 17 16 6 7 6 9 8 7 9 6 10 12 13 21 22 
Beneficio: 2
d 2 d 25 24 26 25 24 18 17 16 10 12 13 21 20 19 23 22 
Beneficio: -21
d 2 d 25 24 26 25 26 4 5 4 16 6 9 7 6 10 14 15 19 23 22 20 21 
Beneficio: -43
d 2 d 25 24 26 16 17 16 10 12 13 12 10 14 15 19 23 22 21 20 19 
Beneficio: -8
d 2 d 25 24 26 4 5 4 16 17 16 6 9 8 7 6 10 12 10 14 15 19 23 22 20 
Beneficio: -59
d 2 d 25 24 26 4 16 6 9 7 8 9 6 10 14 15 19 23 22 20 19 15 
Beneficio: -35
d 2 d 25 24 18 17 16 6 7 9 8 7 6 10 12 11 15 14 
Beneficio: -32
d 2 d 25 24 18 17 16 6 9 7 6 10 12 13 21 20 21 22 23 19 15 
Beneficio: -13
d 2 d 25 24 18 17 16 6 7 9 8 7 9 6 10 12 13 12 10 14 15 19 23 22 20 19 15 
Beneficio: 8
d 2 d 25 24 18 17 16 6 7 9 8 7 9 6 10 12 10 14 15 19 20 21 
Beneficio: -26
d 2 d 25 24 18 17 16 6 9 8 7 9 6 10 14 15 19 20 21 22 23 
Beneficio: -26
d 2 d 25 24 17 16 6 7 9 6 10 12 11 15 19 23 22 20 21 22 20 
Beneficio: 25
d 2 d 25 24 17 16 6 7 8 9 6 10 12 13 21 20 19 15 14 10 
Beneficio: -1
d 2 d 25 24 17 16 6 7 8 9 6 10 12 13 21 20 19 15 
Beneficio: -49
d 2 d 25 24 17 16 10 6 7 8 9 7 8 
Beneficio: -3
d 2 d 25 24 18 17 16 6 7 8 9 7 6 10 12 13 12 10 14 15 19 20 22 23 
Beneficio: -23
d 2 d 25 26 24 18 17 16 6 9 8 7 9 6 10 14 15 19 20 21 22 20 19 
Beneficio: 14
d 2 d 25 26 24 18 17 16 6 7 8 9 6 10 14 15 19 23 22 21 20 19 15 
Beneficio: -24
d 2 d 25 26 24 17 16 6 9 7 6 10 12 13 21 22 20 19 15 14 
Beneficio: -2
d 2 d 25 26 24 18 17 16 6 9 7 6 10 12 13 21 20 19 15 14 
Beneficio: -62
d 2 d 25 26 4 5 4 16 17 24 26 16 10 12 11 15 19 23 22 20 19 15 14 
Beneficio: -56
d 2 d 25 26 4 16 10 12 13 21 20 19 15 14 10 12 
Beneficio: -49
d 2 d 4 5 4 16 17 18 24 25 26 16 10 12 11 15 19 20 22 
Beneficio: -30
d 2 d 4 5 4 16 17 24 26 25 24 18 17 16 6 9 7 8 9 6 10 12 13 
Beneficio: -19
d 2 d 4 5 4 16 17 18 24 26 25 24 17 16 6 9 7 8 9 6 10 14 15 19 20 22 23 19 15 
Beneficio: -31
d 2 d 4 5 4 16 17 24 26 25 24 18 17 16 6 9 7 6 10 12 13 12 
Beneficio: -16
d 2 d 4 5 4 16 26 25 24 18 17 16 6 9 7 6 10 14 15 19 20 22 23 19 
Beneficio: -19
d 2 d 4 5 4 16 26 24 18 17 16 6 7 9 8 9 6 10 12 13 
Beneficio: -51
d 2 d 4 5 4 16 6 7 9 6 10 14 15 19 20 21 
Beneficio: -33
d 2 d 4 5 4 26 25 24 18 17 16 10 14 15 11 12 13 21 20 19 23 
Beneficio: -75
d 2 d 4 5 4 26 24 18 17 16 6 7 9 6 10 12 13 12 11 
Beneficio: -104
d 2 d 4 5 4 26 25 24 18 17 16 10 14 15 19 23 
Beneficio: -5
d 2 d 4 16 17 18 24 26 25 24 18 17 16 6 9 7 6 10 14 15 19 20 21 
Beneficio: -16
d 2 d 4 16 17 18 24 25 26 24 17 16 6 7 9 6 10 12 11 15 19 20 22 
Beneficio: -36
d 2 d 4 16 17 24 26 25 24 18 17 16 6 9 7 6 9 8 7 
Beneficio: -52
d 2 d 4 16 17 24 25 26 24 18 17 16 10 14 15 19 23 22 
Beneficio: 15
d 2 d 4 16 17 16 6 9 8 7 6 10 14 15 19 23 22 20 21 13 12 10 12 
Beneficio: -51
d 2 d 4 16 17 24 26 25 24 18 17 16 6 10 12 13 12 11 15 19 20 22 23 19 15 14 
Beneficio: -38
d 2 d 4 16 26 25 24 17 16 6 9 7 8 9 6 10 14 15 
Beneficio: -33
d 2 d 4 16 6 7 9 6 10 12 10 14 15 19 20 22 23 19 
Beneficio: -35
d 2 d 4 26 25 24 18 17 16 10 12 13 21 20 22 23 19 15 14 
Beneficio: 15
d 2 d 4 26 25 24 17 16 6 7 9 8 7 9 6 
Beneficio: -2
d 2 d 4 26 24 18 17 16 6 9 8 7 6 10 14 15 19 23 22 20 21 20 
Beneficio: -33
d 2 d 4 26 25 24 18 17 16 10 6 7 8 9 7 
Beneficio: 6
d 25 26 24 25 d 2 d 4 5 4 16 17 16 6 7 8 9 6 10 12 13 21 20 22 
Beneficio: -3
d 25 26 24 25 d 2 d 4 5 4 16 6 9 8 7 6 10 12 13 21 22 20 19 15 
Beneficio: -20
d 25 26 24 25 d 2 d 4 16 17 16 10 12 13 12 11 15 19 20 21 20 22 
Beneficio: -10
d 25 26 24 25 d 2 d 4 16 10 12 10 14 15 19 20 22 23 19 15 
Beneficio: -41
d 25 26 24 25 d 2 d 4 16 6 10 12 11 15 19 20 21 20 22 
Beneficio: 7
d 25 26 24 25 d 4 5 4 16 6 7 8 9 6 10 12 11 15 19 23 22 20 
Beneficio: -41
d 25 26 24 25 d 4 5 4 16 10 14 15 19 20 21 20 22 23 19 15 11 12 13 
Beneficio: -19
d 25 26 24 25 d 4 16 6 7 8 9 6 10 12 13 12 11 15 19 20 21 22 
Beneficio: -58
d 25 26 24 25 d 4 16 6 9 7 8 9 6 10 12 11 15 19 20 
Beneficio: -14
d 25 26 24 25 d 4 5 4 16 6 9 8 7 6 10 14 15 19 23 22 20 
Beneficio: -6
d 25 26 24 18 17 16 6 7 8 9 6 10 14 15 19 20 22 23 
Beneficio: -9
d 25 26 24 18 17 16 6 7 6 9 8 9 6 10 12 11 15 19 23 22 20 19 
Beneficio: -4
d 25 26 24 18 17 16 6 9 8 7 6 10 12 13 12 11 15 19 23 22 20 21 
Beneficio: -54
d 25 26 24 18 17 16 6 10 12 11 15 19 20 21 13 
Beneficio: 11
d 25 26 24 18 17 16 6 9 8 7 6 10 12 11 15 19 20 22 23 
Beneficio: 1
d 25 26 24 18 17 16 6 7 8 9 6 10 12 13 12 10 14 15 19 20 21 22 
Beneficio: -16
d 25 26 24 18 17 16 6 9 8 7 6 10 12 10 14 15 19 23 22 20 19 15 11 
Beneficio: -29
d 25 26 24 18 17 16 6 9 8 7 6 10 12 11 15 19 23 22 20 19 
Beneficio: 33
d 25 26 24 18 17 16 6 9 8 7 6 10 12 13 21 20 19 15 14 10 16 4 d 2 
Beneficio: 14
d 25 26 24 18 17 16 6 9 7 8 9 7 6 10 12 13 12 10 14 15 19 20 22 21 20 
Beneficio: 50
d 25 26 24 18 17 16 6 9 8 7 6 10 12 11 15 19 23 22 20 21 
Beneficio: 7
d 25 26 24 18 17 16 6 9 8 7 6 10 12 13 21 20 22 23 19 20 
Beneficio: 11
d 25 26 24 25 d 2 d 4 5 4 16 6 7 8 9 6 10 14 15 19 23 22 21 20 22 
Beneficio: -7
d 25 26 24 25 d 2 d 4 16 17 16 6 9 7 6 10 12 13 12 11 15 19 20 22 23 19 15 14 
Beneficio: -23
d 25 26 24 25 d 2 d 4 16 6 9 7 8 9 6 10 14 15 19 20 22 23 19 
Beneficio: -12
d 25 26 24 25 d 4 5 4 16 17 16 10 14 15 19 20 21 22 23 19 
Beneficio: -51
d 25 26 24 25 d 4 5 4 16 10 14 15 19 20 21 13 12 11 
Beneficio: -21
d 25 26 24 25 d 4 16 6 7 9 6 10 12 10 14 15 19 23 22 21 20 
Beneficio: -12
d 25 26 24 25 d 4 5 4 16 17 16 6 7 8 9 6 10 12 13 21 20 22 
Beneficio: -14
d 25 26 24 17 16 6 7 8 9 6 10 12 13 12 11 15 19 20 22 23 19 
Beneficio: -28
d 25 26 24 17 16 6 9 8 7 6 10 12 13 21 22 20 19 23 22 
Beneficio: 20
d 25 26 24 17 16 6 9 7 8 9 7 6 10 12 13 12 10 14 15 19 23 22 20 19 23 
Beneficio: 35
d 25 26 24 17 16 6 7 8 9 6 10 12 13 21 20 22 23 19 20 
Beneficio: -4
d 25 26 24 17 16 6 7 9 8 9 6 10 12 13 21 20 19 15 14 
Beneficio: 2
d 25 26 24 17 16 10 12 13 21 20 19 15 14 10 6 7 9 8 9 6 
Beneficio: -1
d 25 26 24 17 16 6 7 9 8 9 6 10 12 11 15 19 20 22 23 19 15 
Beneficio: -40
d 25 26 24 17 16 6 10 12 10 14 15 19 20 21 20 
Beneficio: -12
d 25 26 24 17 16 6 9 8 7 6 10 12 10 14 15 19 20 21 22 20 
Beneficio: -39
d 25 26 24 18 17 16 6 7 8 9 6 10 14 15 19 23 22 20 21 
Beneficio: 4
d 25 26 24 18 17 16 10 14 15 19 20 21 22 23 19 15 11 12 13 12 10 6 7 8 
Beneficio: -28
d 25 26 24 18 17 16 10 12 13 12 10 14 15 19 23 22 20 21 20 19 
Beneficio: -64
d 25 26 24 18 17 16 10 14 15 19 23 22 21 13 12 
Beneficio: 15
d 25 26 16 17 18 24 26 4 16 6 7 8 9 6 10 12 13 21 20 19 23 22 20 
Beneficio: -46
d 25 26 16 17 18 24 25 d 2 d 4 16 10 14 15 11 12 13 21 22 20 19 23 22 
Beneficio: -42
d 25 26 16 17 18 24 25 d 4 16 10 14 15 19 23 22 20 21 13 
Beneficio: -31
d 25 26 16 17 24 26 4 16 10 12 13 12 10 14 15 19 20 21 22 
Beneficio: -24
d 25 26 16 17 16 6 9 8 9 7 6 10 14 15 19 23 
Beneficio: -64
d 25 26 16 6 7 9 6 10 14 15 19 23 22 21 13 
Beneficio: -4
d 25 26 16 6 9 8 7 6 10 12 10 14 15 19 20 21 
Beneficio: -58
d 25 26 16 6 9 7 6 10 14 15 19 20 22 
Beneficio: -37
d 25 26 25 24 18 17 16 6 9 8 7 9 6 10 12 10 14 15 19 20 22 21 
Beneficio: -1
d 25 26 25 24 18 17 16 6 7 9 8 7 6 10 14 15 19 23 22 20 21 13 12 13 
Beneficio: -19
d 25 26 25 24 18 17 16 6 9 8 9 7 6 10 12 13 12 11 15 19 23 22 
Beneficio: -21
d 25 26 25 24 18 17 16 6 9 8 7 6 10 12 10 14 15 19 20 
Beneficio: -34
d 25 26 25 24 17 16 10 12 13 21 22 23 
Beneficio: -28
d 25 26 25 24 17 16 6 7 8 9 6 10 14 15 19 20 22 23 
Beneficio: 1
d 25 26 25 24 18 17 16 6 9 8 7 9 6 10 14 15 19 20 21 13 12 10 12 11 
Beneficio: 26
d 25 26 25 24 18 17 16 6 7 8 9 7 6 10 12 13 12 11 15 19 20 21 20 22 23 19 
Beneficio: -62
d 25 26 25 24 18 17 16 10 12 13 21 20 22 23 19 15 
Beneficio: -37
d 25 26 25 24 18 17 16 6 7 9 6 10 12 11 15 19 20 22 21 13 
Beneficio: -14
d 25 26 25 24 17 16 6 7 8 9 6 10 12 13 21 22 20 19 15 
Beneficio: -6
d 25 26 25 24 17 16 6 9 7 8 9 7 6 10 12 10 14 15 19 20 22 23 19 
Beneficio: -34
d 25 26 25 24 18 17 16 6 9 8 7 9 6 10 12 11 15 19 20 22 23 19 15 
Beneficio: 34
d 25 26 4 5 4 16 17 24 26 16 6 7 8 9 6 10 12 13 12 11 15 19 20 21 20 22 23 19 
Beneficio: -42
d 25 26 4 5 4 16 6 7 8 9 6 10 12 10 14 15 19 23 22 20 19 23 
Beneficio: -50
d 25 26 4 5 4 16 10 12 11 15 19 20 21 13 
Beneficio: -7
d 25 26 4 16 17 16 6 9 8 7 6 10 12 13 21 20 19 
Beneficio: -46
d 25 26 4 16 6 9 8 7 9 6 10 12 13 21 22 20 19 23 
Beneficio: 20
d 25 26 24 18 17 16 6 9 8 7 6 10 12 13 12 10 14 15 19 20 21 22 23 
Beneficio: -21
d 25 26 24 18 17 16 6 7 9 6 10 12 10 14 15 19 20 22 23 
Beneficio: -32
d 25 26 24 17 16 6 7 8 9 6 10 12 13 12 10 14 15 19 20 
Beneficio: -16
d 25 26 24 18 17 16 6 9 7 8 9 6 10 12 13 12 11 15 19 23 22 20 21 
Beneficio: 21
d 25 26 16 17 16 6 7 8 9 6 10 12 11 15 19 20 22 21 20 
Beneficio: -31
d 25 26 4 5 4 16 17 16 6 9 7 6 10 12 13 21 22 20 19 23 22 
Beneficio: 30
d 25 24 26 25 24 18 17 16 6 7 8 9 6 10 12 11 15 19 20 21 22 23 19 15 14 
Beneficio: -4
d 25 24 26 25 24 18 17 16 6 9 8 7 9 6 10 12 11 15 19 20 21 20 22 23 19 15 
Beneficio: 23
d 25 24 26 25 24 18 17 16 6 9 8 9 7 6 10 14 15 11 12 13 21 20 19 23 
Beneficio: 44
d 25 24 26 25 24 18 17 16 6 7 9 8 7 9 6 10 14 15 19 20 21 
Beneficio: 5
d 25 24 26 25 24 18 17 16 6 7 8 9 6 10 14 15 19 23 22 20 21 13 12 10 12 11 
Beneficio: -61
d 25 24 26 25 24 18 17 16 6 10 12 13 12 10 14 15 19 23 22 20 19 
Beneficio: 29
d 25 24 26 25 24 18 17 16 6 7 8 9 6 10 14 15 19 20 
Beneficio: -32
d 25 24 26 25 24 18 17 16 6 9 7 6 10 12 13 21 22 20 19 15 14 
Beneficio: 17
d 25 24 26 25 24 18 17 16 6 7 8 9 6 10 12 13 21 22 20 21 20 19 23 22 
Beneficio: 5
d 25 24 26 25 24 18 17 16 6 9 8 7 6 10 12 11 15 19 20 22 21 20 
Beneficio: -22
d 25 24 26 25 24 17 16 6 9 8 7 9 6 10 12 13 12 11 15 19 20 22 21 
Beneficio: 28
d 25 24 26 25 24 17 16 6 9 8 7 6 10 12 13 21 20 22 23 19 20 
Beneficio: -5
d 25 24 26 25 24 17 16 6 9 7 8 9 6 10 12 13 21 20 19 15 14 10 
Beneficio: -18
d 25 24 26 25 24 17 16 6 9 7 8 9 6 10 12 11 15 19 23 22 21 20 22 
Beneficio: -4
d 25 24 26 25 24 17 16 6 9 8 7 6 10 12 13 12 11 15 19 23 22 20 
Beneficio: -26
d 25 24 26 25 24 17 16 6 7 6 10 14 15 19 20 22 23 19 15 
Beneficio: 31
d 25 24 26 25 24 18 17 16 6 7 9 8 7 9 6 10 12 13 12 10 14 15 19 23 22 21 20 19 
Beneficio: -64
d 25 24 26 25 24 18 17 16 10 14 15 11 12 13 21 22 20 19 
Beneficio: -7
d 25 24 26 25 24 18 17 16 6 9 8 7 6 16 10 12 10 14 
Beneficio: -15
d 25 24 26 25 d 2 d 4 5 4 16 17 16 6 9 8 7 6 10 12 13 12 11 15 
Beneficio: -34
d 25 24 26 25 d 2 d 4 5 4 16 6 10 12 13 21 20 22 23 19 15 11 
Beneficio: -40
d 25 24 26 25 d 2 d 4 16 6 7 8 9 6 10 12 10 14 15 19 20 
Beneficio: 22
d 25 24 26 25 d 2 d 4 16 6 9 8 7 6 10 12 13 12 11 15 19 20 21 22 20 19 
Beneficio: 7
d 25 24 26 25 d 4 5 4 16 17 16 6 7 9 6 10 12 10 14 15 19 20 22 21 20 
Beneficio: 14
d 25 24 26 25 d 4 5 4 16 6 9 8 7 6 10 12 13 12 10 14 15 19 23 22 20 21 22 
Beneficio: -24
d 25 24 26 25 d 4 5 4 16 6 9 7 8 9 6 10 12 13 21 20 22 
Beneficio: -38
d 25 24 26 25 d 4 16 6 7 9 6 10 12 13 12 11 15 19 23 22 20 
Beneficio: -34
d 25 24 26 25 d 4 16 10 12 10 6 9 8 7 6 7 9 
Beneficio: 20
d 25 24 26 25 d 4 16 17 16 6 7 8 9 6 10 12 13 21 22 20 21 
Beneficio: -37
d 25 24 26 25 26 16 6 7 8 9 6 10 14 15 19 23 
Beneficio: 22
d 25 24 26 25 26 4 5 4 16 6 7 8 9 6 10 12 13 12 10 14 15 19 23 22 20 21 
Beneficio: 3
d 25 24 26 16 17 18 24 25 26 4 5 4 16 6 7 8 9 6 10 14 15 19 20 22 23 19 15 11 12 
Beneficio: 19
d 25 24 26 16 17 18 24 25 d 2 d 4 5 4 16 6 7 8 9 6 
Beneficio: -36
d 25 24 26 16 17 18 24 25 26 4 16 10 12 11 15 19 23 22 21 20 19 15 14 
Beneficio: -40
d 25 24 26 16 17 16 10 14 15 19 20 22 21 13 12 
Beneficio: -19
d 25 24 26 16 6 9 8 7 6 10 14 15 19 20 21 20 22 
Beneficio: -64
d 25 24 26 16 10 12 13 12 11 15 19 20 21 22 23 19 
Beneficio: -6
d 25 24 26 4 5 4 16 17 16 6 9 8 7 9 6 10 12 13 12 10 14 15 19 20 22 21 20 22 23 
Beneficio: -74
d 25 24 26 4 5 4 16 6 9 8 7 9 6 10 12 13 21 22 23 
Beneficio: 2
d 25 24 26 4 16 17 16 6 7 8 9 6 10 12 11 15 19 20 22 23 
Beneficio: -32
d 25 24 26 4 16 6 9 8 7 6 10 14 15 19 23 22 20 21 13 12 10 
Beneficio: 21
d 25 24 26 16 17 16 6 9 8 7 6 10 12 13 12 10 14 15 19 23 22 20 21 
Beneficio: -30
d 25 24 26 4 5 4 16 17 16 10 12 11 15 19 20 22 21 20 22 23 19 15 14 
Beneficio: -30
d 25 24 18 17 16 6 7 8 9 6 16 10 14 15 19 23 22 21 13 12 
Beneficio: -15
d 25 24 18 17 16 6 7 6 9 8 7 9 6 10 12 13 21 22 23 19 20 
Beneficio: -44
d 25 24 18 17 16 6 9 7 8 9 6 10 12 10 14 15 19 23 22 20 19 23 
Beneficio: -27
d 25 24 18 17 16 6 7 8 9 6 10 14 15 11 12 13 21 20 22 23 19 
Beneficio: 3
d 25 24 18 17 16 6 7 6 9 8 9 6 10 12 13 21 20 22 23 19 15 14 
Beneficio: -28
d 25 24 18 17 16 6 7 9 6 10 14 15 19 23 22 21 20 19 15 11 12 
Beneficio: -38
d 25 24 18 17 16 6 9 8 7 9 6 10 12 13 12 11 15 19 20 21 22 23 19 
Beneficio: -28
d 25 24 18 17 16 6 9 8 9 7 6 10 12 13 21 20 22 
Beneficio: -28
d 25 24 18 17 16 6 7 6 9 8 7 9 6 10 12 13 12 11 15 19 20 22 
Beneficio: -15
d 25 24 18 17 16 6 9 7 8 9 6 10 12 10 14 15 19 23 22 20 21 22 20 19 15 
Beneficio: -46
d 25 24 18 17 16 6 9 7 8 9 6 10 12 13 21 20 22 23 19 
Beneficio: -15
d 25 24 18 17 16 6 9 8 7 6 10 14 15 19 20 21 22 23 19 15 11 12 13 
Beneficio: 20
d 25 24 17 16 4 d 2 d 25 26 24 18 17 16 6 7 9 8 9 6 10 12 11 15 19 20 21 22 
Beneficio: 0
d 25 24 17 16 17 18 24 26 25 d 4 5 4 16 6 9 8 9 7 6 10 14 15 19 20 22 23 19 15 
Beneficio: 1
d 25 24 17 16 6 7 9 8 7 9 6 10 14 15 19 20 21 22 20 
Beneficio: -26
d 25 24 17 16 6 9 8 9 6 10 12 13 12 10 14 15 19 20 22 23 19 
Beneficio: -22
d 25 24 17 16 6 9 7 8 9 6 10 14 15 11 12 13 21 20 19 23 22 20 21 
Beneficio: 21
d 25 24 17 16 6 9 8 7 6 10 14 15 19 20 21 22 23 19 20 
Beneficio: -21
d 25 24 17 16 6 9 8 7 6 10 12 13 12 10 14 15 19 20 22 21 
Beneficio: -44
d 25 24 17 16 10 12 11 15 19 20 22 23 19 
Beneficio: 16
d 25 24 17 16 6 9 8 7 6 10 12 13 12 11 15 19 20 21 22 20 19 
Beneficio: -35
d 25 24 17 16 10 12 13 21 20 22 23 19 20 21 
Beneficio: -26
d 25 24 17 16 6 9 7 8 9 6 10 12 11 15 19 20 21 22 23 19 15 14 
Beneficio: -39
d 25 24 18 17 16 6 7 6 9 8 7 9 6 10 12 13 21 22 
Beneficio: -8
d 25 24 18 17 16 10 14 15 19 23 22 21 20 19 15 11 12 10 6 7 
Beneficio: -56
d 25 24 18 17 16 10 14 15 19 23 22 21 20 22 
Beneficio: -55
d 25 24 18 17 16 6 7 9 6 10 12 13 21 22 23 19 
Beneficio: -38
d 25 24 26 16 6 9 7 8 9 7 6 10 14 15 19 20 22 23 
Beneficio: -20
d 25 24 26 25 24 18 17 16 6 7 8 9 6 10 12 10 14 15 19 20 22 23 19 15 
Beneficio: -38
d 25 24 26 25 24 18 17 16 6 9 7 8 9 6 10 14 15 19 23 22 20 21 13 12 
Beneficio: 28
d 25 24 26 25 24 18 17 16 10 14 15 19 23 22 20 21 22 20 19 15 11 12 13 12 10 6 9 8 7 6 
Beneficio: -39
d 25 24 26 25 24 18 17 16 6 7 9 6 10 12 13 12 10 14 15 19 23 22 20 19 
Beneficio: -44
d 25 24 26 25 24 18 17 16 10 12 13 21 22 23 19 20 21 22 20 19 
Beneficio: -22
d 25 24 26 25 24 18 17 16 6 9 7 8 9 6 10 14 15 19 20 22 23 19 
Beneficio: -41
d 25 24 26 25 24 18 17 16 6 9 7 8 9 6 10 12 11 15 19 23 
Beneficio: -28
d 25 24 26 25 24 17 16 6 7 8 9 6 10 12 11 15 19 20 22 21 13 
Beneficio: -4
d 25 24 26 25 24 17 16 6 9 8 7 6 10 12 10 14 15 19 20 22 21 
Beneficio: -12
d 25 24 26 25 24 17 16 6 9 7 6 10 14 15 19 20 22 21 
Beneficio: -64
d 25 24 26 25 24 17 16 10 12 13 12 11 15 19 23 22 20 21 
Beneficio: -9
d 25 24 26 25 24 17 16 6 9 7 8 9 6 10 14 15 19 23 22 21 20 
Beneficio: 21
d 25 24 26 25 24 18 17 16 6 7 8 9 6 10 12 13 21 22 23 19 20 22 
Beneficio: 4
d 25 24 26 25 24 18 17 16 6 7 8 9 6 10 12 13 21 20 21 22 23 19 
Beneficio: -11
d 25 24 26 25 24 18 17 16 6 9 8 7 9 6 10 12 13 21 20 22 
Beneficio: -55
d 25 24 26 25 d 2 d 4 5 4 16 6 10 14 15 19 23 22 20 21 22 20 
Beneficio: -25
d 25 24 26 25 d 2 d 4 16 6 9 7 8 9 6 10 12 11 15 19 20 22 23 19 15 14 
Beneficio: -68
d 25 24 26 25 d 2 d 4 16 10 12 10 14 15 19 20 22 
Beneficio: -27
d 25 24 26 25 d 4 5 4 16 6 9 7 8 9 6 10 14 15 19 23 22 20 21 13 12 
Beneficio: -58
d 25 24 26 25 d 4 16 17 16 6 10 12 13 12 11 15 19 20 22 23 19 
Beneficio: -32
d 25 24 26 25 d 4 16 6 10 12 13 21 20 22 21 
Beneficio: -41
d 25 24 26 25 d 4 16 6 9 7 6 10 14 15 19 20 22 
Beneficio: 6
d 25 24 26 25 26 4 5 4 16 6 7 8 9 6 10 12 13 21 20 22 23 19 15 
Beneficio: -31
d 25 24 26 16 17 18 24 25 26 4 5 4 16 6 10 12 13 21 20 19 15 14 
Beneficio: -13
d 25 24 26 16 17 16 6 9 8 7 6 10 12 13 12 11 15 19 20 22 
Beneficio: -32
d 25 24 26 16 6 7 9 6 10 12 11 15 19 20 21 13 
Beneficio: -40
d 25 24 26 16 10 12 13 21 20 22 23 19 
Beneficio: -2
d 25 24 26 4 5 4 16 6 9 8 7 9 6 10 12 13 21 20 22 23 19 20 
Beneficio: -60
d 25 24 26 4 16 17 16 10 14 15 11 12 13 21 22 23 19 20 21 
Beneficio: -53
d 25 24 26 4 16 6 9 8 7 9 6 10 14 15 19 20 22 23 19 15 
Beneficio: -54
d 25 24 26 4 5 4 16 10 12 10 14 15 19 20 21 22 20 19 23 
Beneficio: -46
d 25 24 18 17 16 6 7 8 9 6 10 14 15 19 20 22 21 13 12 
Beneficio: -36
d 25 24 18 17 16 6 9 7 8 9 6 10 12 10 14 15 19 20 22 
Beneficio: -64
d 25 24 18 17 16 6 10 12 13 12 11 15 19 20 21 20 22 
Beneficio: -10
d 25 24 18 17 16 6 9 8 7 6 10 12 13 21 20 19 
Beneficio: -56
d 25 24 18 17 16 6 9 8 9 7 6 10 12 13 12 11 15 19 20 21 
Beneficio: -48
d 25 24 18 17 16 6 7 6 10 12 13 12 11 15 19 20 22 21 20 
Beneficio: 19
d 25 24 18 17 16 6 9 8 7 6 10 12 13 12 10 14 15 19 20 22 21 20 22 
Beneficio: -101
d 25 24 18 17 16 10 14 15 19 20 21 13 
Beneficio: -63
d 25 24 18 17 16 6 9 7 8 9 6 10 14 15 19 20 22 23 19 15 11 
Beneficio: -22
d 25 24 17 16 17 18 24 26 25 d 2 d 4 16 10 14 15 19 20 21 13 12 10 12 11 
Beneficio: -62
d 25 24 17 16 6 7 9 6 10 12 13 21 22 23 19 15 
Beneficio: -30
d 25 24 17 16 6 9 8 7 6 10 12 13 21 20 19 23 
Beneficio: 28
d 25 24 17 16 10 14 15 19 23 22 20 21 13 12 10 6 7 8 9 6 
Beneficio: -62
d 25 24 17 16 6 7 6 10 12 11 15 19 23 22 20 21 
Beneficio: -57
d 25 24 17 16 6 9 8 7 6 10 12 11 15 19 20 22 
Beneficio: -53
d 25 24 17 16 6 9 8 9 6 10 12 13 21 22 20 19 
Beneficio: -73
d 25 24 17 16 6 9 7 8 9 6 10 12 13 12 11 15 19 23 22 20 
Beneficio: -25
d 25 24 18 17 16 6 9 7 6 10 12 13 21 20 19 15 
Beneficio: -73
d 25 24 18 17 16 6 9 7 6 10 12 10 14 15 19 23 22 
Beneficio: -34
d 25 24 18 17 16 6 9 8 7 6 10 14 15 19 20 22 
Beneficio: -103
d 25 24 26 16 10 14 15 19 23 22 
Beneficio: -14
d 25 26 24 18 17 16 6 9 8 7 9 6 10 12 13 21 22 20 19 23 22 20 21 
Beneficio: -34
d 25 26 24 18 17 16 6 7 9 8 7 9 6 10 12 13 21 22 23 
Beneficio: -30
d 25 26 24 18 17 16 6 9 8 9 6 10 12 13 21 22 23 19 20 21 
Beneficio: -39
d 25 26 24 18 17 16 6 9 8 7 6 10 12 13 12 11 15 14 
Beneficio: 6
d 25 26 24 17 16 10 12 13 21 20 19 15 14 10 6 9 8 7 6 9 
Beneficio: -27
d 25 26 24 17 16 6 7 8 9 6 10 12 13 21 20 19 15 
Beneficio: -26
d 25 26 24 18 17 16 6 9 8 7 9 6 10 12 11 15 19 23 22 20 19 15 
Beneficio: -69
d 25 26 16 17 18 24 26 4 5 4 16 6 9 7 8 
Beneficio: -53
d 25 26 16 6 10 12 13 21 22 20 21 
Beneficio: 0
d 25 26 4 16 17 16 6 7 8 9 6 10 14 15 19 23 22 20 21 13 12 10 
Beneficio: -19
d 25 26 24 17 16 6 7 8 9 6 10 14 15 19 23 22 21 20 22 
Beneficio: -5
d 4 5 4 16 17 18 24 26 25 24 17 16 6 7 9 8 7 9 6 10 14 15 19 20 22 21 
Beneficio: -21
d 4 5 4 16 17 18 24 26 25 24 17 16 10 12 10 14 15 19 20 21 22 23 19 
Beneficio: 25
d 4 5 4 16 17 18 24 26 25 24 17 16 6 9 8 7 6 10 12 11 15 19 20 21 
Beneficio: -23
d 4 5 4 16 17 18 24 26 16 6 7 8 9 6 10 12 10 14 15 19 20 21 
Beneficio: 0
d 4 5 4 16 17 18 24 25 26 24 17 16 6 7 9 6 10 14 15 19 20 22 21 20 22 23 
Beneficio: 17
d 4 5 4 16 17 18 24 25 26 24 17 16 6 9 7 8 9 7 6 10 12 
Beneficio: -36
d 4 5 4 16 17 18 24 25 26 16 6 9 7 6 10 12 13 21 22 23 
Beneficio: -32
d 4 5 4 16 17 18 24 25 26 24 17 16 6 7 9 6 10 12 13 21 20 22 23 19 20 
Beneficio: -30
d 4 5 4 16 17 18 24 25 26 16 6 7 9 6 10 12 13 21 22 20 19 
Beneficio: -27
d 4 5 4 16 17 18 24 26 25 24 17 16 6 9 8 7 9 6 10 12 11 15 19 23 22 20 19 
Beneficio: -41
d 4 5 4 16 17 18 24 25 26 16 10 12 13 12 10 14 15 19 20 22 23 19 15 11 
Beneficio: -20
d 4 5 4 16 17 24 26 25 24 18 17 16 6 9 7 6 10 12 13 21 20 22 21 
Beneficio: -29
d 4 5 4 16 17 24 26 25 24 17 16 6 10 12 13 12 11 15 19 23 22 21 20 22 
Beneficio: 1
d 4 5 4 16 17 24 26 25 24 18 17 16 10 12 13 21 20 22 23 19 15 14 10 6 9 8 7 
Beneficio: -34
d 4 5 4 16 17 24 26 25 26 16 10 12 13 21 22 20 21 20 
Beneficio: -13
d 4 5 4 16 17 24 25 26 24 18 17 16 6 7 9 6 10 14 15 19 23 22 20 21 13 12 
Beneficio: -12
d 4 5 4 16 17 24 25 26 24 18 17 16 6 9 7 6 10 12 13 12 10 14 15 19 23 22 20 19 
Beneficio: 3
d 4 5 4 16 17 24 25 26 16 6 7 9 8 7 9 6 10 14 15 19 20 22 23 
Beneficio: -17
d 4 5 4 16 17 24 25 26 24 18 17 16 6 7 8 9 6 10 12 13 21 22 23 19 15 
Beneficio: 42
d 4 5 4 16 17 24 25 26 24 17 16 6 9 8 7 6 10 12 13 12 11 15 19 20 21 
Beneficio: -14
d 4 5 4 16 17 24 25 26 16 10 12 13 12 11 15 19 20 21 20 22 23 
Beneficio: -16
d 4 5 4 16 17 18 24 26 25 24 17 16 10 14 15 19 23 22 21 20 19 15 11 12 13 
Beneficio: -14
d 4 5 4 16 17 18 24 25 26 24 17 16 6 7 9 6 10 12 13 21 20 22 23 
Beneficio: -54
d 4 5 4 16 17 18 24 25 26 16 6 10 12 13 12 10 14 15 19 23 22 20 19 
Beneficio: -18
d 4 5 4 16 17 18 24 25 26 16 6 9 8 7 6 10 12 11 15 19 20 
Beneficio: -31
d 4 5 4 16 17 16 6 7 8 9 6 10 12 13 21 22 23 19 20 
Beneficio: 10
d 4 5 4 16 17 16 6 7 8 9 6 10 12 13 21 20 22 23 
Beneficio: -5
d 4 5 4 16 17 24 26 25 24 18 17 16 10 12 13 21 20 19 15 14 
Beneficio: -23
d 4 5 4 16 17 24 25 26 24 18 17 16 6 7 8 9 6 10 14 15 19 20 22 23 19 
Beneficio: -36
d 4 5 4 16 17 24 25 26 24 18 17 16 6 9 7 6 10 12 13 12 11 15 
Beneficio: -46
d 4 5 4 16 17 18 24 26 25 24 17 16 6 9 8 7 6 10 12 13 12 10 14 
Beneficio: 2
d 4 5 4 16 17 18 24 25 26 24 17 16 6 7 9 8 7 9 6 10 12 13 
Beneficio: 3
d 4 5 4 16 17 24 25 26 24 18 17 16 6 9 7 8 9 7 6 10 14 15 19 20 22 21 20 
Beneficio: 13
d 4 5 4 16 26 25 24 18 17 16 6 9 8 7 6 10 12 13 21 20 19 23 22 20 
Beneficio: -25
d 4 5 4 16 26 25 24 18 17 16 6 9 7 6 10 12 13 21 20 
Beneficio: 24
d 4 5 4 16 26 25 24 17 16 6 9 8 7 6 10 14 15 19 20 22 21 20 19 23 
Beneficio: -21
d 4 5 4 16 26 25 24 18 17 16 10 12 10 6 7 9 8 7 6 
Beneficio: 37
d 4 5 4 16 26 25 24 18 17 16 6 7 8 9 6 10 12 10 14 15 19 20 21 20 22 23 19 
Beneficio: -34
d 4 5 4 16 26 25 24 17 16 6 7 9 6 10 12 13 12 10 14 15 19 20 
Beneficio: 0
d 4 5 4 16 26 25 26 24 17 16 6 9 8 7 6 10 12 13 21 20 
Beneficio: -44
d 4 5 4 16 26 24 25 26 24 18 17 16 10 12 13 12 11 15 19 20 22 23 19 15 14 
Beneficio: 15
d 4 5 4 16 26 24 18 17 16 10 12 13 21 20 19 15 14 10 6 7 8 9 7 
Beneficio: -21
d 4 5 4 16 26 24 17 16 6 9 8 7 6 10 12 10 14 15 19 20 21 22 23 
Beneficio: -20
d 4 5 4 16 6 7 9 8 7 6 10 12 13 21 20 19 15 14 
Beneficio: -54
d 4 5 4 16 6 9 7 8 9 6 10 12 11 15 19 20 22 21 20 
Beneficio: -17
d 4 5 4 16 26 25 24 18 17 16 6 9 7 8 9 7 6 10 12 13 
Beneficio: -56
d 4 5 4 16 26 25 24 17 16 6 7 6 10 12 11 15 19 
Beneficio: -81
d 4 5 4 16 6 9 7 8 9 6 10 12 11 15 19 20 
Beneficio: 7
d 4 5 4 26 25 24 18 17 16 6 7 8 9 6 10 12 13 21 20 22 23 
Beneficio: 5
d 4 5 4 26 25 24 18 17 16 6 7 8 9 6 10 12 11 15 19 20 22 21 20 
Beneficio: 36
d 4 5 4 26 25 24 18 17 16 6 9 8 7 6 10 14 15 19 20 21 
Beneficio: -36
d 4 5 4 26 25 24 17 16 6 7 6 10 12 13 
Beneficio: -5
d 4 5 4 26 25 24 18 17 16 6 9 7 6 10 14 15 19 20 21 22 20 
Beneficio: -41
d 4 5 4 26 25 24 26 16 10 12 13 12 11 15 19 20 22 23 19 15 14 
Beneficio: -37
d 4 5 4 26 25 24 18 17 16 6 9 8 7 9 6 10 12 10 14 15 19 20 22 23 
Beneficio: 18
d 4 5 4 26 25 24 17 16 6 9 8 7 6 10 12 13 12 11 15 19 20 21 20 19 
Beneficio: -13
d 4 5 4 26 25 24 18 17 16 6 9 8 7 6 10 14 15 19 20 22 23 19 
Beneficio: -1
d 4 5 4 26 25 26 24 17 16 6 9 8 7 6 10 12 13 21 20 22 23 19 20 
Beneficio: -12
d 4 5 4 26 24 25 26 16 6 9 7 8 9 6 10 12 10 14 15 19 20 21 22 23 19 15 
Beneficio: 1
d 4 5 4 26 24 25 26 24 18 17 16 6 7 8 9 6 10 12 13 21 22 20 19 
Beneficio: -28
d 4 5 4 26 24 18 17 16 6 9 8 9 6 10 14 15 19 20 21 22 23 19 15 11 
Beneficio: -83
d 4 5 4 26 24 18 17 16 10 12 13 12 10 14 15 19 23 22 21 20 
Beneficio: -19
d 4 5 4 26 24 25 26 16 17 16 6 9 8 7 6 10 12 13 21 20 
Beneficio: 4
d 4 5 4 26 24 17 16 6 9 8 7 6 10 12 13 21 20 19 23 22 
Beneficio: -55
d 4 5 4 26 24 17 16 10 12 13 21 20 19 23 22 
Beneficio: -37
d 4 5 4 26 16 17 18 24 26 25 24 17 16 10 12 13 21 22 20 19 23 22 20 
Beneficio: -45
d 4 5 4 26 16 17 18 24 26 25 24 17 16 6 7 9 6 10 14 15 19 
Beneficio: -27
d 4 5 4 26 25 24 18 17 16 6 9 8 7 6 10 12 10 14 15 19 20 22 23 19 15 
Beneficio: -7
d 4 5 4 26 25 24 18 17 16 6 7 8 9 6 10 12 10 14 15 19 20 22 23 19 
Beneficio: -49
d 4 5 4 26 24 18 17 16 10 12 13 21 20 22 23 19 
Beneficio: -33
d 4 5 4 26 25 24 18 17 16 10 12 13 21 22 20 21 20 19 15 
Beneficio: -16
d 4 5 4 26 25 24 18 17 16 6 9 8 7 6 10 12 13 21 20 22 
Beneficio: 22
d 4 5 4 26 24 25 26 25 24 18 17 16 6 7 8 9 6 10 12 13 12 11 15 19 23 22 20 21 
Beneficio: -74
d 4 5 4 26 24 17 16 10 12 11 15 19 23 22 20 19 
Beneficio: -27
d 4 5 4 26 25 24 17 16 6 9 7 6 9 7 8 9 
Beneficio: -56
d 4 5 4 16 26 24 18 17 16 10 12 10 6 9 7 8 9 6 
Beneficio: -59
d 4 16 17 18 24 26 25 24 17 16 10 12 13 21 22 20 19 15 11 
Beneficio: -3
d 4 16 17 18 24 26 25 24 17 16 6 7 8 9 6 10 12 13 21 20 22 
Beneficio: -2
d 4 16 17 18 24 26 25 24 18 17 16 6 7 9 6 10 12 13 21 20 22 23 19 
Beneficio: -54
d 4 16 17 18 24 26 16 6 9 7 8 9 6 10 12 13 12 11 15 19 
Beneficio: 7
d 4 16 17 18 24 25 26 24 17 16 6 9 8 7 9 6 10 12 13 12 11 15 19 20 22 21 20 19 15 14 
Beneficio: -41
d 4 16 17 18 24 25 26 24 17 16 10 12 13 12 10 14 15 
Beneficio: -25
d 4 16 17 18 24 25 26 16 6 9 8 9 6 10 12 13 21 20 22 23 19 15 
Beneficio: -41
d 4 16 17 18 24 25 26 16 6 7 9 6 10 12 11 15 19 
Beneficio: -25
d 4 16 17 18 24 25 26 24 17 16 10 12 13 21 20 21 22 23 19 15 
Beneficio: -10
d 4 16 17 18 24 25 26 16 6 9 8 7 6 10 14 15 19 20 22 21 13 12 
Beneficio: -13
d 4 16 17 18 24 25 26 24 17 16 6 9 8 7 6 10 12 13 12 
Beneficio: -65
d 4 16 17 18 24 25 26 16 6 10 12 13 21 22 23 19 15 14 
Beneficio: -26
d 4 16 17 24 26 25 24 18 17 16 6 9 8 7 9 6 10 14 15 19 20 22 23 
Beneficio: -24
d 4 16 17 24 26 25 24 18 17 16 6 9 7 6 10 12 11 15 19 23 22 20 19 15 
Beneficio: -57
d 4 16 17 24 26 25 24 18 17 16 10 14 15 19 23 22 21 13 12 
Beneficio: -8
d 4 16 17 24 26 25 26 16 6 9 7 8 9 6 10 12 11 15 19 23 22 20 21 22 
Beneficio: 21
d 4 16 17 24 25 26 24 18 17 16 6 7 8 9 6 10 12 11 15 19 23 22 20 21 22 
Beneficio: 29
d 4 16 17 24 25 26 24 18 17 16 6 7 8 9 7 6 10 12 13 21 20 19 15 
Beneficio: -37
d 4 16 17 24 25 26 24 18 17 16 10 14 15 11 12 13 21 20 19 23 22 20 
Beneficio: 5
d 4 16 17 24 25 26 16 6 9 8 7 6 10 14 15 19 23 
Beneficio: -8
d 4 16 17 24 25 26 24 18 17 16 10 12 10 14 15 19 23 22 20 21 20 22 
Beneficio: 20
d 4 16 17 24 25 26 16 6 7 8 9 6 10 14 15 19 23 22 21 20 
Beneficio: -29
d 4 16 17 18 24 26 25 24 17 16 6 9 8 7 6 10 14 15 19 20 21 22 
Beneficio: -22
d 4 16 17 18 24 26 25 24 17 16 6 9 8 7 6 10 14 15 19 20 22 23 19 
Beneficio: 3
d 4 16 17 18 24 25 26 24 17 16 6 7 9 8 7 9 6 10 12 13 12 10 14 15 19 
Beneficio: -43
d 4 16 17 18 24 25 26 16 6 9 8 9 6 10 12 13 21 20 
Beneficio: 32
d 4 16 17 18 24 25 26 16 6 7 8 9 6 10 14 15 19 20 21 
Beneficio: -57
d 4 16 17 18 24 25 26 16 6 10 12 11 15 19 23 22 20 19 15 
Beneficio: -36
d 4 16 17 16 6 9 7 6 10 14 15 19 23 22 20 21 22 20 
Beneficio: -34
d 4 16 17 24 26 25 24 18 17 16 10 12 13 12 11 15 19 20 21 22 23 
Beneficio: -14
d 4 16 17 24 26 25 24 18 17 16 6 9 7 8 9 6 10 12 13 21 20 22 23 19 
Beneficio: -15
d 4 16 17 24 25 26 24 17 16 6 7 9 8 9 6 10 12 11 
Beneficio: -37
d 4 16 17 24 25 26 24 18 17 16 6 9 7 6 10 12 13 12 10 14 15 19 
Beneficio: -49
d 4 16 17 18 24 26 25 24 17 16 10 12 13 12 10 14 15 19 23 22 21 20 19 15 
Beneficio: -40
d 4 16 17 18 24 25 26 16 6 9 7 8 9 6 10 12 13 12 10 14 15 
Beneficio: -31
d 4 16 17 24 26 25 24 18 17 16 6 9 8 7 6 10 14 15 19 20 
Beneficio: -21
d 4 16 26 25 24 18 17 16 6 7 9 6 10 12 13 21 22 20 19 23 22 
Beneficio: -7
d 4 16 26 25 24 18 17 16 6 7 8 9 6 10 12 11 15 19 23 22 20 21 22 
Beneficio: 32
d 4 16 26 25 24 18 17 16 6 7 8 9 6 10 12 13 21 20 19 23 22 20 
Beneficio: 14
d 4 16 26 25 24 17 16 6 7 9 8 9 6 10 12 13 21 20 19 23 22 20 
Beneficio: 14
d 4 16 26 25 24 18 17 16 6 7 8 9 6 10 14 15 19 20 22 21 20 22 23 
Beneficio: -6
d 4 16 26 25 24 18 17 16 6 9 7 6 10 14 15 19 23 22 20 21 13 12 10 
Beneficio: -7
d 4 16 26 25 24 17 16 6 7 8 9 6 10 12 13 21 20 22 23 19 15 14 10 
Beneficio: 32
d 4 16 26 25 26 24 17 16 6 9 8 7 6 10 14 15 19 23 22 21 20 19 15 
Beneficio: -1
d 4 16 26 24 25 26 24 18 17 16 6 9 7 8 9 6 10 12 11 15 19 20 21 22 23 19 
Beneficio: -25
d 4 16 26 24 18 17 16 6 9 7 6 10 12 13 12 10 14 15 19 23 22 20 21 20 
Beneficio: -58
d 4 16 26 24 18 17 16 10 12 13 21 20 22 23 19 15 11 
Beneficio: -50
d 4 16 6 7 8 9 6 10 12 11 15 19 23 22 20 21 
Beneficio: 15
d 4 16 6 9 8 7 6 10 12 13 12 11 15 19 23 22 20 21 20 19 15 14 10 
Beneficio: -23
d 4 16 6 9 8 7 6 10 12 13 12 11 15 19 23 22 20 21 
Beneficio: 38
d 4 16 26 25 24 17 16 6 7 8 9 6 10 12 13 21 20 22 23 19 20 22 
Beneficio: -40
d 4 16 26 24 25 26 25 24 18 17 16 10 12 13 12 11 15 19 23 22 20 21 22 23 
Beneficio: -76
d 4 16 6 9 7 6 10 14 15 19 23 22 21 13 12 11 
Beneficio: -16
d 4 26 25 24 18 17 16 6 7 8 9 6 10 14 15 19 20 21 
Beneficio: -35
d 4 26 25 24 18 17 16 6 7 9 6 10 14 15 19 20 22 21 
Beneficio: -2
d 4 26 25 24 18 17 16 6 9 7 6 10 14 15 19 23 22 20 21 13 12 10 12 
Beneficio: -4
d 4 26 25 24 17 16 6 9 8 7 9 6 10 12 13 21 20 22 23 19 15 
Beneficio: 17
d 4 26 25 24 17 16 6 9 8 7 6 10 14 15 19 23 22 20 21 
Beneficio: -67
d 4 26 25 24 18 17 16 10 12 13 12 11 15 19 20 22 23 
Beneficio: -32
d 4 26 25 24 18 17 16 6 9 7 8 9 6 10 12 13 21 22 20 19 15 14 
Beneficio: -34
d 4 26 25 24 18 17 16 6 7 9 6 10 12 13 12 10 14 15 19 20 
Beneficio: -34
d 4 26 25 24 17 16 10 12 11 15 19 20 21 20 22 23 
Beneficio: -43
d 4 26 25 24 18 17 16 10 12 13 21 22 20 21 20 
Beneficio: 3
d 4 26 25 26 24 17 16 6 7 8 9 6 10 12 11 15 19 20 21 22 
Beneficio: -61
d 4 26 24 25 26 16 17 16 10 12 13 21 20 22 
Beneficio: -16
d 4 26 24 25 26 25 24 17 16 6 9 7 6 10 12 13 21 22 20 19 23 22 
Beneficio: -44
d 4 26 24 25 26 16 10 12 13 12 10 6 9 8 7 9 
Beneficio: -40
d 4 26 24 18 17 16 10 12 11 15 19 20 22 21 20 22 23 19 15 14 10 6 9 
Beneficio: -27
d 4 26 24 18 17 16 6 9 7 6 10 12 11 15 19 23 22 20 21 22 
Beneficio: -79
d 4 26 24 25 26 16 10 12 13 12 10 6 9 7 
Beneficio: -37
d 4 26 24 17 16 6 10 12 11 15 19 23 22 21 20 19 15 14 
Beneficio: -33
d 4 26 24 17 16 10 12 13 21 20 22 23 19 15 14 10 6 9 8 
Beneficio: -32
d 4 26 16 17 18 24 26 25 24 17 16 10 12 13 21 20 22 21 
Beneficio: 4
d 4 26 16 17 24 25 26 24 18 17 16 6 9 8 7 6 10 12 11 15 19 20 22 23 
Beneficio: -18
d 4 26 16 6 9 8 7 6 10 12 11 15 19 23 22 21 20 19 15 
Beneficio: -56
d 4 26 25 24 17 16 6 9 7 6 10 12 13 21 22 23 
Beneficio: -48
d 4 26 25 24 17 16 6 9 8 7 6 10 12 11 15 19 20 22 
Beneficio: -23
d 4 26 24 18 17 16 6 7 8 9 6 10 14 15 19 20 22 23 19 
Beneficio: -37
d 4 26 25 24 18 17 16 6 9 7 8 9 6 10 12 13 12 10 14 15 
Beneficio: 2
d 4 26 25 24 18 17 16 6 9 8 7 6 10 12 13 12 10 14 15 19 23 22 20 19 
Beneficio: -47
d 4 26 24 25 26 25 24 18 17 16 10 14 15 19 20 22 21 
Beneficio: 5
d 4 26 24 17 16 6 7 8 9 6 10 12 13 21 20 19 23 22 
Beneficio: -66
d 4 26 25 24 18 17 16 6 7 9 6 10 12 13 
Beneficio: -70
d 4 16 17 18 24 26 25 24 17 16 10 14 15 19 
Beneficio: -23
d 25 26 24 25 d 2 d 4 5 4 16 6 7 8 9 7 6 10 14 15 19 
Beneficio: -26
d 25 26 24 25 d 2 d 4 16 17 16 6 9 7 8 9 6 10 12 11 15 19 20 
Beneficio: -39
d 25 26 24 25 d 2 d 4 5 4 16 10 14 15 19 20 22 21 20 19 15 11 12 
Beneficio: -27
d 25 26 24 25 d 4 5 4 16 6 9 8 7 6 10 14 15 11 12 13 21 
Beneficio: 5
d 25 26 24 25 d 4 16 17 16 6 9 7 8 9 6 10 12 10 14 15 19 20 21 22 
Beneficio: -54
d 25 26 24 25 d 4 16 10 12 10 6 9 8 7 6 9 
Beneficio: 79
d 25 26 24 18 17 16 6 7 8 9 6 10 12 13 21 20 19 23 22 20 
Beneficio: 16
d 25 26 24 18 17 16 6 9 8 7 6 10 12 13 21 20 19 15 14 
Beneficio: 3
d 25 26 24 18 17 16 6 9 8 9 7 6 10 12 13 12 10 14 15 19 20 22 23 19 
Beneficio: -17
d 25 26 24 18 17 16 6 7 9 6 10 12 13 12 11 15 19 20 21 
Beneficio: -20
d 25 26 24 18 17 16 6 7 6 9 8 9 6 10 12 10 14 15 
Beneficio: 1
d 25 26 24 18 17 16 10 14 15 19 23 22 20 21 13 12 10 6 9 7 8 9 
Beneficio: -26
d 25 26 24 18 17 16 6 9 8 7 9 6 10 12 13 21 22 20 19 15 
Beneficio: 19
d 25 26 24 18 17 16 10 12 13 21 20 22 23 19 15 14 10 6 9 8 7 6 
Beneficio: 11
d 25 26 24 18 17 16 6 9 8 7 6 10 12 13 12 11 15 19 20 21 22 23 19 15 
Beneficio: -47
d 25 26 24 25 d 2 d 4 5 4 16 6 10 14 15 19 20 22 21 20 
Beneficio: 1
d 25 26 24 25 d 2 d 4 5 4 16 17 16 6 7 8 9 6 10 12 13 21 20 19 
Beneficio: -38
d 25 26 24 25 d 4 5 4 16 6 9 8 7 6 10 14 15 19 23 22 20 19 15 11 12 
Beneficio: -33
d 25 26 24 25 d 4 16 6 9 7 8 9 6 10 12 11 15 19 23 
Beneficio: -9
d 25 26 24 17 16 6 7 8 9 6 10 12 11 15 19 23 22 20 
Beneficio: -37
d 25 26 24 17 16 6 9 8 9 6 10 12 13 12 10 14 15 19 23 22 20 
Beneficio: -13
d 25 26 24 17 16 10 12 13 12 11 15 19 23 22 21 20 22 
Beneficio: 6
d 25 26 24 17 16 6 7 8 9 6 10 12 11 15 19 20 21 22 23 
Beneficio: -23
d 25 26 24 17 16 6 9 7 6 10 12 13 21 20 19 
Beneficio: -10
d 25 26 24 17 16 6 9 7 6 10 12 13 12 10 14 15 19 
Beneficio: -70
d 25 26 24 17 16 6 10 14 15 19 23 22 20 19 15 11 12 13 21 
Beneficio: -8
d 25 26 24 18 17 16 6 9 8 7 6 10 14 15 19 20 22 21 20 
Beneficio: -1
d 25 26 24 18 17 16 6 7 9 8 7 9 6 10 14 15 19 20 22 23 19 15 
Beneficio: -19
d 25 26 16 17 18 24 26 4 5 4 16 10 14 15 19 20 21 22 23 19 
Beneficio: -80
d 25 26 16 17 18 24 25 d 4 5 4 16 10 12 11 15 19 23 22 20 21 
Beneficio: 22
d 25 26 16 17 24 25 d 2 d 4 5 4 16 6 7 8 9 6 10 12 13 12 10 14 15 19 20 
Beneficio: -19
d 25 26 16 17 16 6 9 7 6 10 12 13 12 10 14 15 19 20 22 23 
Beneficio: -44
d 25 26 16 6 9 7 8 9 6 10 12 13 21 22 20 19 15 
Beneficio: 38
d 25 26 25 24 18 17 16 6 9 8 7 6 10 12 10 14 15 19 20 22 21 20 22 23 
Beneficio: -48
d 25 26 25 24 18 17 16 6 7 6 10 14 15 19 23 22 20 
Beneficio: -26
d 25 26 25 24 18 17 16 6 9 7 6 10 14 15 19 23 22 20 19 15 
Beneficio: 4
d 25 26 25 24 17 16 10 12 13 21 20 19 15 14 10 6 7 8 9 6 
Beneficio: -27
d 25 26 25 24 17 16 6 9 7 6 10 12 13 21 20 
Beneficio: 2
d 25 26 25 24 18 17 16 6 7 6 9 8 7 9 6 10 12 10 14 15 
Beneficio: -28
d 25 26 25 24 18 17 16 6 7 9 8 7 9 6 10 12 13 12 10 
Beneficio: -27
d 25 26 25 24 17 16 6 9 8 7 9 6 10 12 13 21 20 19 
Beneficio: -7
d 25 26 25 24 18 17 16 6 7 9 6 10 12 13 12 10 14 15 19 20 21 
Beneficio: -12
d 25 26 4 5 4 16 17 16 6 9 7 8 9 6 10 14 15 19 23 22 20 21 
Beneficio: -34
d 25 26 4 16 17 18 24 26 16 6 7 9 6 10 12 11 15 
Beneficio: -48
d 25 26 4 16 6 7 6 10 12 13 12 11 15 19 23 22 20 19 
Beneficio: -4
d 25 26 24 18 17 16 6 9 8 7 6 10 14 15 19 20 22 23 19 15 11 12 
Beneficio: 13
d 25 26 24 17 16 6 9 8 7 6 10 12 13 21 20 22 23 19 15 
Beneficio: -17
d 25 26 16 17 18 24 25 d 2 d 4 5 4 16 6 9 7 8 9 6 10 12 11 15 19 20 22 23 
Beneficio: -27
d 25 26 4 5 4 16 6 9 7 8 9 6 10 12 10 14 15 19 20 22 23 
Beneficio: 6
d 25 24 26 25 24 18 17 16 6 7 9 8 9 6 10 12 13 12 10 14 15 19 20 22 23 19 
Beneficio: -3
d 25 24 26 25 24 18 17 16 6 9 8 9 7 6 10 14 15 19 20 22 23 19 15 11 12 13 
Beneficio: 8
d 25 24 26 25 24 18 17 16 6 9 7 8 9 7 6 10 12 13 21 22 23 19 20 22 23 
Beneficio: -3
d 25 24 26 25 24 18 17 16 6 9 7 8 9 8 7 6 10 12 11 15 19 20 22 
Beneficio: 19
d 25 24 26 25 24 18 17 16 6 9 8 7 6 16 10 12 13 21 20 19 23 22 
Beneficio: -16
d 25 24 26 25 24 18 17 16 6 9 8 7 9 6 10 14 15 19 23 22 20 19 
Beneficio: -31
d 25 24 26 25 24 17 16 6 7 8 9 6 10 12 13 21 22 23 19 20 
Beneficio: -35
d 25 24 26 25 24 17 16 6 9 8 7 6 10 12 13 12 10 14 15 19 
Beneficio: 30
d 25 24 26 25 24 17 16 6 7 8 9 6 10 12 10 14 15 19 20 22 21 20 22 23 19 15 
Beneficio: 33
d 25 24 26 25 24 17 16 6 7 8 9 6 10 14 15 19 20 22 21 20 19 23 
Beneficio: 6
d 25 24 26 25 24 17 16 6 9 7 8 9 6 10 12 13 12 11 15 19 23 22 20 21 
Beneficio: 6
d 25 24 26 25 24 18 17 16 6 9 8 7 9 6 10 14 15 19 20 21 13 12 10 
Beneficio: 3
d 25 24 26 25 24 18 17 16 6 9 8 7 6 10 12 13 21 22 23 19 20 
Beneficio: -30
d 25 24 26 25 d 2 d 4 5 4 16 6 9 7 8 9 6 10 12 13 12 11 15 19 20 22 23 19 15 
Beneficio: -5
d 25 24 26 25 d 2 d 4 16 6 9 8 7 6 10 12 13 21 
Beneficio: -19
d 25 24 26 25 d 2 d 4 16 10 12 10 6 7 9 8 7 
Beneficio: -44
d 25 24 26 25 d 4 5 4 16 6 9 8 7 9 6 10 12 11 15 19 23 22 
Beneficio: -2
d 25 24 26 25 d 4 16 6 7 8 9 6 10 12 13 21 
Beneficio: -48
d 25 24 26 25 d 4 16 6 9 8 7 9 6 10 14 15 19 23 22 20 
Beneficio: -25
d 25 24 26 25 26 16 6 7 9 6 10 14 15 19 20 21 22 23 19 
Beneficio: 26
d 25 24 26 25 26 16 17 16 6 7 8 9 6 10 12 13 21 20 19 23 22 20 
Beneficio: -32
d 25 24 26 16 17 24 25 26 16 6 9 7 6 10 12 11 15 
Beneficio: -10
d 25 24 26 16 6 7 8 9 6 10 12 13 12 10 14 15 19 23 22 20 19 
Beneficio: -50
d 25 24 26 16 6 9 7 8 9 6 10 12 13 12 11 15 19 20 22 23 19 15 
Beneficio: -50
d 25 24 26 4 5 4 16 17 16 10 12 13 12 10 6 9 7 8 9 
Beneficio: 0
d 25 24 26 4 16 17 18 24 25 26 16 6 9 8 7 6 10 12 13 21 22 20 19 23 
Beneficio: -11
d 25 24 26 4 16 6 9 8 7 6 10 12 13 21 20 22 23 19 15 
Beneficio: -54
d 25 24 26 16 10 12 11 15 19 20 22 21 20 
Beneficio: 5
d 25 24 18 17 16 6 7 9 8 9 6 10 12 11 15 19 20 22 21 20 19 15 
Beneficio: -58
d 25 24 18 17 16 6 9 7 6 10 12 10 14 15 19 20 22 23 
Beneficio: -35
d 25 24 18 17 16 6 10 12 13 12 10 14 15 19 20 21 20 22 23 
Beneficio: -28
d 25 24 18 17 16 6 9 8 7 6 10 14 15 19 23 22 21 20 19 15 11 12 
Beneficio: -39
d 25 24 18 17 16 6 9 7 8 9 6 10 14 15 19 23 22 20 21 13 12 11 
Beneficio: 0
d 25 24 18 17 16 6 7 8 9 6 10 12 10 14 15 19 23 22 21 20 22 23 
Beneficio: 2
d 25 24 18 17 16 6 9 8 7 6 10 12 13 21 22 20 21 20 
Beneficio: -23
d 25 24 18 17 16 6 9 8 7 6 10 14 15 19 23 22 20 21 
Beneficio: -31
d 25 24 18 17 16 6 9 8 7 9 6 10 12 13 21 20 22 23 
Beneficio: -10
d 25 24 17 16 6 7 8 9 6 10 12 13 12 11 15 19 23 22 20 21 20 19 
Beneficio: -15
d 25 24 17 16 6 9 7 6 10 14 15 19 20 22 23 
Beneficio: -46
d 25 24 17 16 10 14 15 11 12 13 21 20 22 
Beneficio: -49
d 25 24 17 16 6 7 9 6 10 14 15 19 23 22 21 20 19 15 11 12 13 
Beneficio: -62
d 25 24 17 16 6 9 8 7 6 10 12 13 12 10 14 15 19 20 22 
Beneficio: -38
d 25 24 17 16 6 9 8 7 6 10 12 11 15 19 23 22 21 20 22 
Beneficio: -66
d 25 24 17 16 10 14 15 19 20 
Beneficio: -55
d 25 24 18 17 16 6 10 14 15 19 20 22 21 20 19 23 22 
Beneficio: -17
d 25 24 18 17 16 6 7 8 9 6 10 12 13 21 20 19 23 22 20 
Beneficio: -26
d 25 24 26 16 6 7 8 9 7 6 10 14 15 19 23 22 20 21 
Beneficio: 4
d 25 24 26 25 24 18 17 16 6 7 9 8 7 6 10 12 11 15 19 20 22 23 19 15 
Beneficio: -34
d 25 24 26 25 24 18 17 16 6 10 12 13 12 10 14 15 19 23 22 20 21 22 23 
Beneficio: -1
d 25 24 26 25 24 18 17 16 6 9 8 7 9 6 10 12 13 21 20 19 23 22 20 
Beneficio: 7
d 25 24 26 25 24 18 17 16 6 9 8 7 6 10 12 13 21 20 22 23 19 15 14 
Beneficio: -15
d 25 24 26 25 24 18 17 16 6 7 6 9 8 7 9 6 10 12 13 12 10 14 15 19 20 
Beneficio: -1
d 25 24 26 25 24 17 16 6 9 8 9 6 10 14 15 19 20 21 
Beneficio: -62
d 25 24 26 25 24 17 16 6 10 12 13 21 22 23 19 20 22 
Beneficio: 35
d 25 24 26 25 24 17 16 6 9 8 7 6 10 12 13 21 20 19 23 22 20 
Beneficio: -14
d 25 24 26 25 24 18 17 16 6 7 9 6 10 12 13 21 20 21 22 23 
Beneficio: -51
d 25 24 26 25 24 18 17 16 10 14 15 19 20 22 23 19 15 11 12 13 
Beneficio: -2
d 25 24 26 25 d 2 d 4 16 17 16 6 9 8 7 9 6 10 14 15 19 23 22 20 21 13 12 11 
Beneficio: -2
d 25 24 26 25 d 2 d 4 16 6 9 8 7 6 10 12 13 21 22 20 19 15 
Beneficio: -35
d 25 24 26 25 d 4 5 4 16 10 14 15 11 12 13 21 20 19 23 22 20 
Beneficio: -29
d 25 24 26 25 d 4 16 10 12 13 12 11 15 19 20 22 21 20 19 15 14 
Beneficio: 2
d 25 24 26 25 26 16 6 9 8 7 6 10 12 11 15 19 20 21 20 22 
Beneficio: -7
d 25 24 26 16 17 18 24 25 26 16 6 7 8 9 6 10 14 
Beneficio: -48
d 25 24 26 16 6 7 9 6 10 12 10 14 15 19 23 22 21 
Beneficio: -66
d 25 24 26 16 6 9 7 8 9 6 10 12 11 15 19 23 22 21 
Beneficio: -54
d 25 24 26 4 16 17 16 6 9 8 7 6 10 12 13 21 22 
Beneficio: -65
d 25 24 26 16 6 9 8 7 9 6 10 12 11 15 19 20 22 23 19 15 
Beneficio: -16
d 25 24 18 17 16 6 7 9 6 10 14 15 19 20 21 22 23 19 15 
Beneficio: -25
d 25 24 18 17 16 6 9 8 7 6 16 10 12 13 21 22 
Beneficio: -22
d 25 24 18 17 16 6 7 8 9 6 10 12 13 21 22 20 19 15 14 
Beneficio: -39
d 25 24 18 17 16 6 9 7 8 9 8 7 6 10 12 11 15 19 23 22 20 19 
Beneficio: 20
d 25 24 18 17 16 6 7 8 9 6 10 12 13 21 20 19 23 22 
Beneficio: -58
d 25 24 18 17 16 10 12 13 21 20 19 15 14 
Beneficio: -47
d 25 24 18 17 16 6 9 8 7 6 10 12 10 14 15 19 20 22 
Beneficio: -7
d 25 24 17 16 6 7 8 9 6 10 12 10 14 15 19 20 21 22 20 
Beneficio: 2
d 25 24 17 16 6 9 7 8 9 7 6 10 12 10 14 15 19 23 22 20 21 22 
Beneficio: -53
d 25 24 17 16 6 7 9 6 10 14 15 19 23 22 20 21 13 12 
Beneficio: -17
d 25 24 17 16 6 7 9 6 10 12 13 21 20 22 23 
Beneficio: -27
d 25 24 17 16 6 9 8 7 6 10 12 13 12 11 15 19 20 22 23 19 15 
Beneficio: -51
d 25 24 18 17 16 10 14 15 19 20 21 20 22 23 19 15 11 12 13 12 
Beneficio: -48
d 25 24 18 17 16 6 9 8 9 6 10 12 
Beneficio: 2
d 25 26 24 18 17 16 6 9 8 7 6 10 12 11 15 19 20 
Beneficio: -31
d 25 26 24 18 17 16 6 9 8 7 9 6 10 12 13 21 22 20 21 20 19 
Beneficio: -73
d 25 26 24 18 17 16 6 10 12 11 15 19 20 22 23 19 15 
Beneficio: -46
d 25 26 24 17 16 10 12 13 12 11 15 19 23 22 21 20 
Beneficio: -70
d 25 26 24 17 16 6 9 7 6 10 12 11 15 19 20 22 
Beneficio: -58
d 25 26 16 17 16 6 9 7 6 10 14 15 19 20 21 
Beneficio: -53
d 25 26 4 16 17 18 24 26 16 6 9 8 9 7 
Beneficio: -75
d 25 26 16 10 14 15 19 23 22 20 21 13 12 11 
Beneficio: -75
d 4 5 4 16 17 18 24 26 16 10 12 13 21 22 23 19 15 14 
Beneficio: -5
d 4 5 4 16 17 18 24 25 26 16 6 9 8 7 9 6 10 12 13 21 20 22 23 19 20 
Beneficio: -30
d 4 5 4 16 17 24 26 25 24 18 17 16 10 12 10 6 9 7 6 9 
Beneficio: -26
d 4 5 4 16 17 24 25 26 25 24 18 17 16 10 12 11 15 19 20 21 20 22 
Beneficio: 21
d 4 5 4 16 17 18 24 25 26 16 6 7 8 9 6 10 14 15 19 20 21 13 12 13 
Beneficio: -42
d 4 5 4 16 17 24 26 25 24 18 17 16 10 12 11 15 19 23 22 20 19 15 
Beneficio: 11
d 4 5 4 16 17 24 25 26 24 18 17 16 6 7 8 9 6 10 12 13 21 20 22 23 19 20 
Beneficio: -31
d 4 5 4 16 26 25 24 18 17 16 10 14 15 19 23 22 21 20 19 
Beneficio: -80
d 4 5 4 16 26 24 18 17 16 10 12 13 12 11 15 19 20 
Beneficio: -37
d 4 5 4 16 26 25 24 17 16 10 12 13 12 10 14 15 19 20 22 
Beneficio: 11
d 4 5 4 26 25 24 18 17 16 6 7 8 9 6 10 12 10 14 15 19 20 21 22 20 
Beneficio: 2
d 4 5 4 26 25 24 17 16 6 9 8 7 6 10 14 15 19 20 21 13 12 
Beneficio: -41
d 4 5 4 26 24 18 17 16 6 9 7 6 10 12 11 15 19 23 22 20 19 
Beneficio: -80
d 4 5 4 26 24 18 17 16 6 9 8 7 9 6 10 14 
Beneficio: -64
d 4 5 4 26 25 24 18 17 16 10 12 10 14 15 19 23 22 
Beneficio: -28
d 4 16 17 18 24 26 25 24 17 16 6 9 7 6 10 12 10 14 15 19 20 21 
Beneficio: -9
d 4 16 17 18 24 25 26 24 17 16 6 9 8 9 7 6 10 14 15 19 23 22 20 19 
Beneficio: -28
d 4 16 17 18 24 25 26 16 6 10 12 13 21 20 19 23 22 
Beneficio: -10
d 4 16 17 24 26 25 24 18 17 16 6 7 8 9 6 10 12 10 14 15 19 20 22 
Beneficio: -25
d 4 16 17 24 25 26 24 18 17 16 10 12 10 14 15 19 20 21 22 20 19 
Beneficio: -38
d 4 16 17 18 24 26 25 24 17 16 10 12 13 12 10 6 7 6 
Beneficio: -34
d 4 16 17 16 6 9 8 7 6 10 12 13 21 22 20 19 23 
Beneficio: -41
d 4 16 17 24 25 26 16 10 12 13 12 10 6 7 9 
Beneficio: -33
d 4 16 26 25 24 18 17 16 6 7 9 6 10 12 13 21 20 19 15 14 
Beneficio: -35
d 4 16 26 25 24 17 16 6 10 14 15 19 20 21 22 20 19 23 
Beneficio: -49
d 4 16 26 24 17 16 6 7 9 6 10 14 15 19 20 22 23 
Beneficio: 20
d 4 16 26 25 24 17 16 6 9 8 7 6 10 12 13 12 10 14 15 19 20 21 22 
Beneficio: -80
d 4 26 25 24 18 17 16 10 12 11 15 19 23 22 21 13 
Beneficio: -42
d 4 26 25 24 18 17 16 10 12 13 12 11 15 19 23 22 21 20 19 15 
Beneficio: -42
d 4 26 24 25 26 16 10 12 13 12 11 15 19 23 22 20 21 22 
Beneficio: -75
d 4 26 24 25 26 16 10 14 15 19 23 22 21 13 12 
Beneficio: -68
d 4 26 16 10 12 11 15 19 20 21 20 22 23 19 
Beneficio: -16
d 4 26 25 26 24 18 17 16 6 9 7 6 7 8 9 7 
Mejor solucion encontrada!
Beneficio: 43
d 2 d 4 5 4 16 6 7 8 9 6 10 12 13 21 20 19 15 14 10 16 17 18 24 26 25 d 
Time taken: 5525.57s
