Evaluando ./Instances\CHRISTOFIDES\P17NoRPP
Solucion inicial: ./Instances\CHRISTOFIDES\P17NoRPP-salida.txt

Beneficio: 26
d 2 4 3 2 d 19 14 15 16 11 12 10 11 10 9 7 9 8 5 6 7 
Beneficio: 19
d 2 4 3 2 4 17 18 19 14 6 7 8 9 10 11 10 12 17 
Beneficio: 16
d 2 4 3 2 4 17 12 10 11 10 9 7 6 14 15 14 16 
Beneficio: 33
d 2 4 3 2 4 17 14 6 5 8 9 7 6 3 14 13 15 14 19 18 17 
Beneficio: 16
d 2 4 3 2 4 14 13 15 14 6 7 8 9 10 11 12 17 
Beneficio: 22
d 2 4 3 2 4 14 19 18 17 14 16 11 10 12 9 7 8 5 6 3 14 13 
Beneficio: 14
d 2 4 3 2 4 14 19 18 17 12 10 11 10 9 7 8 5 6 
Beneficio: 15
d 2 4 3 2 d 19 14 16 11 12 10 9 7 6 5 8 5 6 
Beneficio: 14
d 2 4 3 2 4 17 12 11 10 9 8 7 6 5 14 19 18 17 14 
Beneficio: 31
d 2 4 3 2 4 14 15 13 14 16 11 10 9 7 6 5 8 9 12 10 11 
Beneficio: 21
d 2 4 3 2 4 14 6 7 9 8 5 6 14 15 13 
Nueva solucion parcial! a los 121.185s
Imprimiendo solucion: 
Beneficio: 39
1  * 6
2  * 5
4  * 8
3  * -1
14  * 7
15  * -4
14  * 4
13  * -6
8  * 8
5  * 1
6  * 8
7  * 1
9  * 2
8  * 0
7  * -1
9  * -3
10  * 4
11  * -2
16  * 2
14  * -2
19  * 1
18  * 5
17  * -1
3  * 0
2  * -3
1
Beneficio: 25
d 2 4 3 14 15 14 13 8 5 6 3 17 18 
Nueva solucion parcial! a los 123.807s
Imprimiendo solucion: 
Beneficio: 41
1  * 6
2  * 5
4  * 8
3  * -1
14  * 7
15  * -4
14  * 2
16  * -2
11  * 4
10  * 1
12  * -2
17  * 5
18  * 1
19  * -2
14  * 4
13  * -5
5  * 8
8  * 2
9  * 1
7  * 8
6  * 1
5  * -3
3  * 0
2  * -3
1
Beneficio: 36
d 2 4 3 14 15 13 14 16 12 11 10 12 17 3 5 6 7 9 8 5 
Beneficio: 29
d 2 4 3 14 15 13 5 8 7 6 3 17 12 11 10 
Beneficio: 14
d 2 4 3 14 15 16 14 4 17 12 10 11 12 9 7 8 9 
Beneficio: 33
d 2 4 3 14 13 15 14 19 18 17 3 6 7 8 9 7 8 
Beneficio: 18
d 2 4 3 14 13 8 9 7 9 10 11 16 14 17 18 
Nueva solucion parcial! a los 179.271s
Imprimiendo solucion: 
Beneficio: 42
1  * 6
2  * 5
4  * 8
3  * -1
14  * 2
16  * -2
11  * 4
10  * 1
12  * -2
17  * 5
18  * 1
19  * -2
14  * 7
15  * -4
13  * 4
14  * -4
6  * 8
7  * 1
9  * 2
8  * 8
5  * 1
6  * -3
3  * 0
2  * -3
1
Beneficio: 25
d 2 4 3 14 16 11 10 9 7 8 5 6 3 17 14 15 13 14 19 
Beneficio: 24
d 2 4 3 14 16 15 14 19 18 17 3 6 5 8 7 9 12 11 16 
Beneficio: 20
d 2 4 3 14 19 18 17 14 16 11 12 10 9 8 7 6 
Beneficio: 16
d 2 4 3 14 17 9 8 5 6 7 9 10 12 11 
Beneficio: 15
d 2 4 3 14 5 6 7 8 9 7 9 16 11 10 
Beneficio: 29
d 2 4 3 17 18 19 14 13 5 6 7 8 9 10 11 12 10 
Beneficio: 26
d 2 4 3 17 18 19 14 6 5 8 7 6 5 8 9 7 9 16 
Beneficio: 17
d 2 4 3 17 12 10 11 12 10 9 7 9 8 5 3 14 4 
Beneficio: 20
d 2 4 3 17 12 11 10 11 16 14 13 15 14 6 
Beneficio: 25
d 2 4 3 17 14 15 13 14 5 6 7 9 8 7 9 10 12 17 
Beneficio: 31
d 2 4 3 17 14 16 15 14 5 6 7 8 5 8 9 10 11 12 
Beneficio: 31
d 2 4 3 17 9 10 11 16 14 13 5 6 7 9 8 5 6 
Beneficio: 20
d 2 4 3 5 8 7 9 8 13 14 16 15 14 
Beneficio: 18
d 2 4 3 5 6 7 9 8 13 14 16 11 10 
Beneficio: 29
d 2 4 3 5 6 7 9 8 5 6 14 15 14 3 17 12 10 11 
Beneficio: 25
d 2 4 3 6 7 8 5 3 14 19 18 17 12 11 10 9 7 
Beneficio: 23
d 2 4 3 6 5 8 9 12 10 11 16 14 13 15 
Beneficio: 29
d 2 4 3 6 14 15 14 16 9 7 6 5 8 7 9 8 
Beneficio: 28
d 2 4 3 14 13 15 14 6 5 8 9 10 11 12 
Beneficio: 30
d 2 4 3 17 14 16 11 10 9 8 5 6 7 9 17 18 
Beneficio: 27
d 2 4 17 18 19 14 13 15 14 16 11 10 12 9 8 5 8 
Beneficio: 12
d 2 4 17 18 19 14 3 5 6 7 9 10 11 12 17 3 6 
Beneficio: 16
d 2 4 17 18 19 14 6 7 9 7 8 5 6 3 17 12 11 
Beneficio: 21
d 2 4 17 3 4 17 14 13 8 7 6 5 8 9 7 
Beneficio: 15
d 2 4 17 3 14 6 7 9 7 8 9 12 11 10 12 17 14 15 
Beneficio: 10
d 2 4 17 3 14 16 11 12 10 9 8 7 9 7 6 
Beneficio: 3
d 2 4 17 12 10 9 8 7 9 7 6 3 14 5 
Beneficio: 15
d 2 4 17 12 9 8 5 3 4 3 14 19 18 17 3 
Beneficio: 18
d 2 4 17 14 16 11 10 9 8 7 9 7 6 5 13 14 19 18 17 3 2 
Beneficio: 22
d 2 4 17 14 6 7 8 5 14 4 3 14 16 11 10 12 11 
Beneficio: 22
d 2 4 14 15 14 13 8 5 6 7 8 9 
Beneficio: 24
d 2 4 14 15 16 11 10 9 7 6 5 8 9 16 14 17 3 2 
Beneficio: 32
d 2 4 14 13 8 5 6 7 9 10 11 12 17 4 3 17 14 15 
Beneficio: 29
d 2 4 14 16 15 14 17 9 7 6 5 8 9 10 11 12 17 18 
Beneficio: 12
d 2 4 14 3 17 18 19 14 6 5 8 9 7 9 10 12 17 
Beneficio: 26
d 2 4 14 19 18 17 12 10 9 8 7 6 5 3 4 17 3 14 15 
Beneficio: 16
d 2 4 14 17 12 10 11 16 14 6 5 8 7 9 7 6 5 8 
Beneficio: 0
d 2 4 14 6 7 9 12 11 10 
Beneficio: 18
d 2 4 3 17 18 19 14 3 5 6 7 9 8 7 9 10 11 16 14 15 
Beneficio: 17
d 2 4 3 6 5 8 9 10 11 12 17 14 13 15 14 3 2 
Beneficio: 4
d 2 4 2 3 14 13 5 8 9 12 10 
Beneficio: 20
d 2 4 2 3 6 7 8 9 7 8 5 3 14 4 3 
Beneficio: 7
d 2 4 2 3 5 6 7 9 12 
Beneficio: 5
d 2 4 14 17 12 11 10 9 7 6 5 8 7 
Beneficio: 17
d 2 4 19 18 17 9 7 8 5 6 7 9 8 13 
Beneficio: 24
d 2 3 4 2 3 14 15 9 7 9 8 7 6 14 13 
Beneficio: 20
d 2 3 4 2 3 14 16 11 10 12 9 7 6 5 8 13 
Beneficio: 27
d 2 3 4 2 3 14 17 18 19 14 15 16 11 10 12 17 9 8 7 6 
Beneficio: 29
d 2 3 4 2 3 17 18 19 14 15 13 14 3 6 5 8 7 9 
Beneficio: 20
d 2 3 4 2 3 17 18 19 14 6 7 8 9 12 10 11 12 17 4 
Beneficio: 35
d 2 3 4 2 3 17 14 15 14 19 18 17 12 10 11 12 9 7 6 5 8 7 
Beneficio: 16
d 2 3 4 2 3 17 9 7 8 5 6 7 6 14 19 
Beneficio: 21
d 2 3 4 2 3 5 6 7 8 9 7 9 12 10 11 12 17 14 13 5 
Beneficio: 23
d 2 3 4 2 3 6 7 8 9 12 10 11 12 17 3 5 8 
Beneficio: 25
d 2 3 4 2 3 4 17 14 16 11 10 11 12 9 8 7 9 7 6 5 8 
Beneficio: 32
d 2 3 4 2 d 19 18 17 12 10 11 16 14 3 6 7 9 8 5 6 
Beneficio: 18
d 2 3 4 17 18 19 14 15 16 14 3 6 5 8 7 9 10 12 
Beneficio: 16
d 2 3 4 17 18 19 14 16 11 12 10 11 10 9 8 5 
Beneficio: 23
d 2 3 4 17 3 14 15 13 14 6 5 8 7 9 10 11 12 
Beneficio: 15
d 2 3 4 17 3 5 6 7 8 9 10 12 17 18 19 14 16 
Beneficio: 25
d 2 3 4 17 12 10 11 16 14 5 8 7 6 5 3 17 18 19 14 13 
Beneficio: 19
d 2 3 4 17 12 9 8 5 6 3 14 15 14 17 18 19 
Beneficio: 19
d 2 3 4 17 14 16 15 14 19 18 17 3 5 8 9 7 8 5 
Beneficio: 22
d 2 3 4 17 9 7 6 14 19 18 17 12 10 9 8 5 
Beneficio: 26
d 2 3 4 14 15 16 14 19 18 17 4 2 3 17 12 9 8 5 6 
Beneficio: 30
d 2 3 4 14 16 11 10 12 17 18 19 14 13 5 6 7 9 8 5 6 3 
Beneficio: 23
d 2 3 4 14 3 2 4 17 12 11 10 9 8 7 6 5 8 7 9 
Beneficio: 23
d 2 3 4 14 19 18 17 14 13 15 14 3 6 7 9 8 7 9 10 
Beneficio: 14
d 2 3 4 14 6 5 8 9 17 3 14 16 15 14 17 
Beneficio: 21
d 2 3 4 3 14 15 16 14 5 6 7 9 8 5 
Beneficio: 27
d 2 3 4 3 17 12 10 11 16 14 13 8 7 6 5 8 9 7 
Beneficio: 27
d 2 3 4 3 6 5 8 7 6 14 15 13 14 17 18 
Beneficio: 16
d 2 3 4 14 16 11 12 9 7 6 5 8 7 9 10 12 
Beneficio: 23
d 2 3 4 19 18 17 3 2 4 14 6 5 8 9 7 6 
Beneficio: 21
d 2 3 14 15 14 4 3 5 6 7 9 10 11 12 17 18 19 
Beneficio: 12
d 2 3 14 15 13 8 5 6 7 9 8 7 9 12 11 16 
Beneficio: 6
d 2 3 14 15 16 14 19 18 17 3 2 4 17 12 11 10 9 7 
Beneficio: 19
d 2 3 14 15 16 14 4 2 3 4 17 3 5 6 7 8 9 
Beneficio: 2
d 2 3 14 13 15 16 11 10 12 9 8 7 9 7 6 5 
Beneficio: 24
d 2 3 14 13 5 8 7 9 10 12 11 10 11 16 14 19 18 17 4 2 3 4 
Beneficio: 14
d 2 3 14 13 8 5 8 7 6 5 3 17 4 2 3 
Beneficio: 19
d 2 3 14 16 11 10 12 9 7 8 5 6 3 4 17 3 2 4 14 13 
Beneficio: 11
d 2 3 14 16 11 12 10 9 7 6 5 3 4 2 3 17 18 
Beneficio: 18
d 2 3 14 16 15 14 4 2 3 4 17 12 9 7 6 
Beneficio: 17
d 2 3 14 16 12 11 10 9 7 9 8 5 6 3 2 4 17 18 19 
Beneficio: 18
d 2 3 14 19 18 17 3 6 7 9 8 7 9 12 10 11 16 14 17 4 3 2 
Beneficio: 26
d 2 3 14 19 18 17 12 10 9 8 7 6 5 3 4 14 13 15 14 16 
Beneficio: 19
d 2 3 14 19 18 17 9 7 6 5 8 9 10 12 11 10 
Beneficio: 14
d 2 3 14 17 18 19 14 4 3 5 8 7 9 12 11 10 
Beneficio: 22
d 2 3 14 17 9 7 6 5 13 14 19 18 17 4 3 5 8 7 
Beneficio: 18
d 2 3 14 4 3 5 8 7 9 7 6 14 16 11 10 12 17 14 19 
Beneficio: 6
d 2 3 14 4 2 3 17 12 10 11 12 9 8 7 6 5 
Beneficio: 10
d 2 3 14 6 5 8 7 9 10 12 11 16 14 13 15 14 15 
Beneficio: 19
d 2 3 14 5 8 9 7 6 5 3 17 14 15 13 14 16 11 
Beneficio: 19
d 2 3 17 18 19 14 15 16 11 12 9 8 7 6 5 8 5 
Beneficio: 17
d 2 3 17 18 19 14 16 11 10 9 8 5 8 9 7 6 3 
Beneficio: 15
d 2 3 17 18 19 14 3 4 17 14 5 6 7 9 8 7 9 10 12 11 
Beneficio: 15
d 2 3 17 18 19 14 17 12 9 7 6 5 3 4 2 3 14 6 
Beneficio: 26
d 2 3 17 18 19 14 5 8 7 6 5 13 14 3 4 2 3 6 
Beneficio: 28
d 2 3 17 18 19 14 6 5 8 9 10 11 16 14 15 13 14 3 4 
Beneficio: 27
d 2 3 17 4 3 14 16 15 14 19 18 17 9 7 6 5 8 7 9 8 
Beneficio: 6
d 2 3 17 4 3 6 5 8 7 9 15 14 16 
Beneficio: 19
d 2 3 17 4 2 3 14 16 9 7 6 5 8 9 10 12 17 18 19 14 
Beneficio: 10
d 2 3 17 4 14 13 8 5 6 7 9 8 7 9 10 12 11 16 
Beneficio: 28
d 2 3 17 12 10 11 16 14 3 2 4 17 18 19 14 13 8 7 9 8 5 6 7 9 
Beneficio: 11
d 2 3 17 12 10 9 7 6 5 8 7 9 17 14 4 3 
Beneficio: 23
d 2 3 17 12 11 10 9 7 8 5 3 4 17 18 19 14 6 7 9 8 
Beneficio: 13
d 2 3 17 12 9 7 6 5 8 7 9 10 11 
Beneficio: 15
d 2 3 17 14 13 15 14 3 4 2 3 5 6 7 8 9 7 
Beneficio: 9
d 2 3 17 14 16 11 12 9 7 8 9 7 6 5 3 4 14 19 
Beneficio: 22
d 2 3 17 14 4 3 14 16 9 7 6 5 8 9 
Beneficio: 15
d 2 3 17 9 7 6 5 3 2 4 14 17 18 19 14 3 4 17 
Beneficio: 27
d 2 3 5 8 9 7 6 5 3 14 19 18 17 3 4 17 14 16 11 10 12 
Beneficio: 9
d 2 3 5 8 9 7 6 14 15 16 11 10 12 11 
Beneficio: 21
d 2 3 5 8 7 6 3 2 4 17 18 19 14 15 16 14 13 
Beneficio: 20
d 2 3 5 8 7 9 12 10 11 16 14 3 4 14 13 15 14 
Beneficio: 26
d 2 3 5 8 13 15 14 3 4 2 3 6 7 8 9 7 9 
Beneficio: 26
d 2 3 5 6 7 9 7 8 9 17 18 19 14 3 4 14 15 13 14 16 
Beneficio: 8
d 2 3 5 6 7 8 9 7 9 10 12 11 16 14 15 14 19 18 
Beneficio: 5
d 2 3 5 6 7 9 10 11 10 12 17 14 19 18 17 3 14 
Beneficio: 8
d 2 3 5 6 7 8 9 7 9 10 11 16 14 3 2 4 17 3 6 
Beneficio: 12
d 2 3 6 7 9 8 5 3 4 14 16 11 12 10 
Beneficio: 15
d 2 3 6 7 9 7 8 9 16 14 15 14 17 4 3 14 19 18 
Beneficio: 19
d 2 3 6 7 8 5 3 14 4 2 3 4 17 12 10 9 8 
Beneficio: 20
d 2 3 6 7 8 9 16 14 17 18 19 14 13 15 14 3 17 12 10 11 
Beneficio: 28
d 2 3 6 7 8 9 12 10 11 16 14 13 15 14 4 3 17 18 19 
Beneficio: 1
d 2 3 6 5 8 9 10 12 11 16 14 3 2 4 17 
Beneficio: 21
d 2 3 6 5 8 7 9 12 10 11 16 14 3 2 4 17 18 19 
Beneficio: 28
d 2 3 6 5 8 9 7 6 14 19 18 17 12 10 11 16 14 17 3 4 
Beneficio: 33
d 2 3 4 2 3 14 13 15 14 19 18 17 12 11 10 9 7 8 9 7 6 5 8 
Beneficio: 2
d 2 3 4 17 18 19 14 13 8 7 9 10 11 
Beneficio: 7
d 2 3 14 13 8 5 14 16 11 10 12 
Beneficio: 11
d 2 3 17 18 19 14 4 3 14 5 6 7 9 8 7 
Beneficio: 4
d 2 3 5 8 7 9 10 12 11 16 14 15 14 19 
Beneficio: 28
d 2 3 4 2 3 14 15 16 11 10 9 8 7 6 5 14 19 18 17 
Beneficio: 33
d 2 3 4 2 3 14 19 18 17 3 6 5 8 7 9 10 11 16 14 15 13 14 
Beneficio: 30
d 2 3 4 2 3 17 18 19 14 13 15 14 17 12 10 9 8 7 9 7 6 
Beneficio: 18
d 2 3 4 2 3 17 12 9 8 5 13 14 16 11 
Beneficio: 29
d 2 3 4 2 3 5 8 5 6 7 8 9 16 14 15 13 
Beneficio: 27
d 2 3 4 2 3 6 5 8 7 6 14 16 11 10 9 7 9 
Beneficio: 20
d 2 3 4 2 4 17 12 10 9 7 6 5 8 9 10 11 
Beneficio: 20
d 2 3 4 17 18 19 14 6 7 6 5 8 7 9 10 12 11 
Beneficio: 17
d 2 3 4 17 3 5 8 7 9 12 10 11 12 17 18 19 
Beneficio: 15
d 2 3 4 17 12 11 16 14 19 18 17 3 6 7 9 7 8 9 10 12 
Beneficio: 8
d 2 3 4 17 14 16 11 12 10 11 10 9 7 8 5 6 
Beneficio: 21
d 2 3 4 14 13 15 14 3 5 6 7 9 8 7 9 16 11 10 
Beneficio: 22
d 2 3 4 14 3 17 12 10 11 10 9 7 6 5 8 9 7 8 
Beneficio: 25
d 2 3 4 14 6 7 9 8 5 6 3 2 4 17 12 11 10 12 
Beneficio: 12
d 2 3 4 3 17 18 19 14 16 11 10 9 8 7 6 3 14 
Beneficio: 22
d 2 3 4 14 15 13 14 19 18 17 3 6 7 9 8 
Beneficio: 19
d 2 3 14 15 14 19 18 17 12 9 7 6 5 8 7 9 
Beneficio: 2
d 2 3 14 15 13 14 17 12 10 11 10 9 8 7 
Beneficio: 24
d 2 3 14 13 15 14 16 11 12 10 11 10 9 8 5 6 7 9 17 
Beneficio: 6
d 2 3 14 13 5 6 7 9 12 11 16 14 19 
Beneficio: 15
d 2 3 14 16 11 10 12 9 7 9 8 5 14 4 2 3 17 18 19 
Beneficio: 23
d 2 3 14 16 15 14 17 3 4 17 12 10 9 7 9 8 5 6 7 
Beneficio: 25
d 2 3 14 19 18 17 3 2 4 3 6 7 6 5 8 7 9 
Beneficio: 13
d 2 3 14 19 18 17 14 15 16 11 12 10 9 7 9 8 5 
Beneficio: 3
d 2 3 14 17 4 3 17 12 11 10 12 9 7 8 
Beneficio: 5
d 2 3 14 4 3 5 6 7 9 10 12 11 16 14 19 
Beneficio: 20
d 2 3 14 6 5 8 7 9 8 7 6 3 2 4 3 4 17 
Beneficio: 18
d 2 3 17 18 19 14 15 13 14 5 8 9 17 4 2 
Beneficio: 16
d 2 3 17 18 19 14 16 15 14 3 5 8 7 9 10 11 
Beneficio: 29
d 2 3 17 18 19 14 4 2 3 4 17 12 11 10 9 7 8 5 6 7 9 
Beneficio: 28
d 2 3 17 4 3 2 4 14 16 11 10 12 9 7 8 9 7 6 5 8 
Beneficio: 16
d 2 3 17 4 3 6 5 8 9 12 11 16 14 17 18 19 14 13 
Beneficio: 16
d 2 3 17 4 14 13 15 14 16 11 10 9 7 9 8 7 6 
Beneficio: 27
d 2 3 17 12 10 9 7 8 5 6 3 4 2 3 14 15 16 14 19 18 17 
Beneficio: 24
d 2 3 17 12 9 7 6 5 8 9 17 18 19 14 3 4 2 
Beneficio: 21
d 2 3 17 14 16 11 10 12 17 18 19 14 3 2 4 3 5 6 7 9 10 
Beneficio: 11
d 2 3 17 14 5 6 7 9 8 5 6 3 14 13 15 
Beneficio: 11
d 2 3 5 8 9 7 8 5 6 3 4 14 16 11 12 10 11 
Beneficio: 32
d 2 3 5 8 7 6 3 2 4 3 14 15 13 14 19 18 17 
Beneficio: 20
d 2 3 5 6 7 9 8 5 6 3 14 13 15 14 16 11 12 10 9 
Beneficio: 17
d 2 3 5 6 7 8 9 7 9 10 11 16 15 14 3 6 5 8 
Beneficio: 9
d 2 3 5 6 7 9 7 8 5 14 16 11 10 11 12 
Beneficio: 26
d 2 3 6 7 9 7 8 5 3 2 4 3 14 15 16 11 12 10 
Beneficio: 17
d 2 3 6 7 8 9 7 9 12 11 16 14 3 4 2 3 17 12 10 11 10 
Beneficio: 6
d 2 3 6 5 8 9 7 8 5 3 14 16 11 12 17 4 2 
Beneficio: 13
d 2 3 6 5 8 7 9 16 14 17 18 19 14 4 3 5 
Beneficio: 16
d 2 3 4 2 3 14 16 11 10 11 12 9 8 7 6 5 8 5 
Beneficio: -2
d 2 3 14 13 8 9 7 8 5 6 
Beneficio: 3
d 2 3 5 8 7 9 12 10 11 12 17 4 
Beneficio: 23
d 2 4 3 17 18 19 14 16 11 12 10 9 7 8 5 6 7 8 9 
Beneficio: 3
d 2 4 17 14 13 15 14 3 17 12 10 11 10 
Beneficio: 17
d 2 4 3 14 13 5 8 7 6 5 14 17 12 10 
Beneficio: 6
d 2 4 3 14 5 6 7 9 8 7 9 10 12 11 16 15 
Beneficio: 12
d 2 4 3 17 14 13 15 14 3 5 8 13 
Beneficio: 16
d 2 4 3 6 7 9 7 8 9 12 10 11 16 14 3 17 18 
Beneficio: -2
d 2 4 17 18 19 14 3 17 12 10 11 10 9 8 5 
Beneficio: 13
d 2 4 17 14 13 15 14 6 5 8 9 7 9 12 10 11 
Beneficio: 10
d 2 4 14 19 18 17 3 14 13 5 8 9 12 10 11 
Beneficio: 10
d 2 4 14 15 16 14 19 18 17 9 8 5 
Beneficio: 22
d 2 3 4 2 3 17 18 19 14 13 8 7 9 8 5 6 14 16 11 10 
Beneficio: -1
d 2 3 4 2 3 6 14 16 11 12 10 9 7 8 9 7 
Beneficio: 14
d 2 3 4 17 12 11 10 11 16 14 5 8 7 9 7 6 5 
Beneficio: 15
d 2 3 4 14 19 18 17 12 10 9 7 8 9 7 6 14 15 
Beneficio: 3
d 2 3 14 15 14 5 6 7 8 9 12 11 10 12 
Beneficio: 19
d 2 3 14 16 11 10 12 17 4 3 6 5 8 7 6 5 14 15 
Beneficio: 10
d 2 3 14 19 18 17 14 16 9 7 8 5 6 3 4 2 
Beneficio: 5
d 2 3 14 6 7 9 7 8 9 10 11 16 14 15 
Beneficio: 17
d 2 3 17 4 3 14 13 8 5 6 7 8 9 12 17 18 
Beneficio: -1
d 2 3 17 12 11 16 9 8 5 6 7 9 8 
Beneficio: 22
d 2 3 5 8 9 7 6 3 17 18 19 14 15 13 14 16 11 10 
Beneficio: -4
d 2 3 5 6 14 16 11 10 9 7 8 5 6 
Beneficio: 4
d 2 3 6 5 8 9 10 12 11 16 14 3 4 17 
Beneficio: 5
d 2 3 6 7 9 8 5 14 19 18 17 4 
Beneficio: 1
d 2 3 4 2 3 6 5 14 15 16 
Beneficio: 15
d 2 3 4 14 19 18 17 3 14 13 15 14 5 6 7 9 
Beneficio: -2
d 2 3 14 16 11 10 12 17 3 5 8 
Beneficio: -6
d 2 3 14 5 6 7 8 9 7 9 12 10 
Beneficio: 0
d 2 3 17 12 11 10 9 8 5 3 2 4 17 14 
Beneficio: 14
d 2 3 5 6 7 9 8 5 3 2 4 3 17 12 10 
Beneficio: 14
d 2 3 5 8 9 10 11 12 17 3 4 2 3 14 15 
Beneficio: 25
d 19 18 17 12 10 11 16 14 13 15 14 3 6 7 9 8 5 6 
Beneficio: 14
d 19 18 17 3 4 2 3 5 6 7 9 7 8 9 12 11 10 
Beneficio: 3
d 19 18 17 14 5 6 7 8 9 12 10 11 12 
Mejor solucion encontrada!
Beneficio: 42
d 2 4 3 14 16 11 10 12 17 18 19 14 15 13 14 6 7 9 8 5 6 3 2 d 
Time taken: 2354.33s
