Evaluando ./Instances\CHRISTOFIDES\P18NoRPP
Solucion inicial: ./Instances\CHRISTOFIDES\P18NoRPP-salida.txt

Beneficio: 8
d 2 d 23 22 19 18 6 5 7 19 17 18 6 5 4 12 10 11 10 12 13 
Beneficio: 2
d 2 d 23 22 19 18 6 5 7 3 4 8 9 10 11 12 16 17 20 21 
Beneficio: 4
d 2 d 23 22 19 17 18 19 17 20 21 22 7 3 4 5 7 3 
Beneficio: -11
d 2 d 23 22 19 17 18 6 5 7 3 4 5 4 12 10 11 12 10 9 
Beneficio: 16
d 2 d 23 22 19 17 16 18 6 5 4 3 7 19 18 17 20 21 22 2 
Beneficio: 6
d 2 d 23 22 19 7 5 4 5 6 18 19 17 18 16 12 10 9 
Beneficio: -6
d 2 d 23 22 19 7 5 6 18 17 16 18 6 5 4 8 9 10 12 11 
Beneficio: -3
d 2 d 23 22 19 17 16 18 19 7 3 4 5 7 3 4 8 9 10 11 10 12 13 
Beneficio: 4
d 2 d 23 22 19 7 3 4 5 6 18 16 17 19 18 6 5 4 8 9 10 12 11 
Beneficio: 5
d 2 d 23 22 21 20 17 18 19 7 3 4 5 6 5 4 8 9 10 12 11 10 12 
Beneficio: 13
d 2 d 23 22 21 20 17 18 16 17 19 18 6 5 4 8 9 10 11 10 12 13 15 14 
Beneficio: 5
d 2 d 23 22 21 20 17 16 18 6 5 6 18 17 19 7 3 4 5 4 8 9 10 11 10 12 13 
Beneficio: -8
d 2 d 23 22 21 20 17 19 18 6 5 4 3 7 19 17 12 10 11 
Beneficio: -7
d 2 d 23 22 21 20 17 19 18 17 19 7 3 4 8 9 10 12 13 
Beneficio: 17
d 2 d 23 22 21 20 17 16 18 17 19 18 6 5 7 3 4 8 9 10 12 11 10 12 13 
Beneficio: 4
d 2 d 23 22 21 20 17 18 6 5 4 3 7 19 18 16 17 19 22 2 
Beneficio: 12
d 2 d 23 22 21 20 17 16 18 17 19 18 6 5 4 3 7 5 4 8 9 10 12 11 10 12 
Beneficio: 8
d 2 d 23 22 21 20 17 19 18 6 5 7 19 17 18 6 5 4 8 9 10 11 12 13 
Beneficio: 1
d 2 d 23 22 21 20 17 18 19 7 3 4 8 9 10 12 11 10 12 11 
Beneficio: 15
d 2 d 23 22 21 20 17 18 6 5 6 18 19 7 5 4 8 9 10 11 10 12 11 12 13 
Beneficio: -3
d 2 d 23 22 21 20 17 16 18 17 19 7 3 4 5 4 8 9 10 11 12 13 
Beneficio: -7
d 2 d 23 22 21 20 17 19 7 3 4 5 6 18 17 16 12 11 10 9 
Beneficio: 26
d 2 d 23 22 21 20 17 18 16 17 19 18 6 5 4 3 7 5 4 8 9 10 11 12 
Beneficio: 3
d 2 d 23 22 21 20 17 19 7 5 6 18 17 16 18 6 5 4 8 9 10 11 
Beneficio: -1
d 2 d 23 22 7 5 4 5 6 18 17 19 7 3 4 8 9 10 12 11 10 12 13 
Beneficio: 6
d 2 d 23 22 7 19 17 16 18 6 5 7 19 18 6 5 4 8 9 
Beneficio: 17
d 2 d 23 22 19 18 17 16 18 6 5 7 3 4 8 9 10 12 11 10 12 11 
Beneficio: 2
d 2 d 23 22 19 18 16 17 12 11 10 9 8 4 5 7 3 4 
Beneficio: -8
d 2 d 23 22 19 17 16 18 6 5 4 3 7 5 4 8 9 10 12 11 10 12 13 
Beneficio: 7
d 2 d 23 22 19 17 16 18 19 7 5 4 8 9 10 11 10 12 13 
Beneficio: -2
d 2 d 23 22 21 20 17 18 6 5 4 8 9 10 12 11 12 13 
Beneficio: 5
d 2 d 23 22 21 20 17 19 7 5 6 18 16 17 18 6 5 4 8 9 10 11 12 11 
Beneficio: -13
d 2 d 23 22 21 20 17 18 6 5 4 3 7 19 17 16 12 10 
Beneficio: 8
d 2 d 23 22 21 20 17 18 16 17 19 18 6 5 4 5 7 19 
Beneficio: 4
d 2 d 23 22 21 20 17 19 7 3 4 5 6 18 19 7 5 6 18 17 
Beneficio: -9
d 2 d 23 22 7 5 4 3 7 19 17 18 6 5 6 18 
Beneficio: -5
d 2 d 23 22 19 18 17 19 18 6 5 4 8 9 10 11 12 
Beneficio: 13
d 2 d 23 22 19 18 6 5 6 18 17 19 7 5 4 8 9 10 12 11 10 11 12 
Beneficio: 13
d 2 d 23 22 19 17 18 19 18 6 5 7 3 4 8 9 10 12 11 10 11 12 
Beneficio: 8
d 2 d 23 22 19 17 16 18 19 18 6 5 7 3 4 8 9 10 12 11 10 11 
Beneficio: 2
d 2 d 23 22 19 7 5 6 18 16 17 18 6 5 4 8 9 10 12 11 10 12 13 
Beneficio: 3
d 2 d 23 22 19 17 18 6 5 7 19 17 16 12 10 9 8 
Beneficio: 14
d 2 d 23 22 19 7 5 6 18 16 17 19 18 6 5 4 8 9 10 12 11 10 
Beneficio: 2
d 2 d 23 22 21 20 17 18 19 7 3 4 5 4 8 9 10 11 12 
Beneficio: 12
d 2 d 23 22 21 20 17 16 18 19 17 18 6 5 7 3 4 8 9 10 11 12 13 
Beneficio: 6
d 2 d 23 22 21 20 17 19 18 6 5 7 3 4 5 4 8 9 10 12 11 10 12 13 15 
Beneficio: 4
d 2 d 23 22 21 20 17 19 7 5 6 18 19 7 3 4 8 9 10 12 11 12 
Beneficio: 21
d 2 d 23 22 21 20 17 18 19 17 16 18 6 5 4 8 9 10 11 12 10 
Beneficio: 11
d 2 d 23 22 21 20 17 16 18 6 5 4 3 7 19 17 18 19 2 22 
Beneficio: 14
d 2 d 23 22 21 20 17 19 18 17 16 18 6 5 4 5 7 3 4 8 9 10 11 12 11 
Beneficio: 3
d 2 d 23 22 21 20 17 18 6 5 4 3 7 22 19 18 6 5 7 19 2 
Beneficio: -4
d 2 d 23 22 21 20 17 19 18 6 5 7 3 4 8 9 10 12 11 12 13 
Beneficio: 7
d 2 d 23 22 21 20 17 18 6 5 4 3 7 5 4 8 9 10 11 12 13 15 14 
Beneficio: 6
d 2 d 23 22 21 20 17 19 18 6 5 4 8 9 10 11 10 12 13 
Beneficio: -3
d 2 d 23 22 7 3 4 5 7 19 17 16 18 17 20 21 
Beneficio: 8
d 2 d 23 22 19 18 17 16 18 6 5 7 3 4 5 4 8 9 10 11 12 13 
Beneficio: -11
d 2 d 23 22 19 17 18 6 5 7 3 4 12 10 11 12 11 
Beneficio: 0
d 2 d 23 22 19 17 18 6 5 4 3 7 5 6 18 19 2 22 21 
Beneficio: -2
d 2 d 23 22 21 20 17 16 18 19 18 6 5 4 8 9 10 11 
Beneficio: 10
d 2 d 23 22 21 20 17 18 19 17 16 18 6 5 6 18 
Beneficio: 11
d 2 d 23 22 21 20 17 18 19 17 16 18 6 5 7 3 4 8 9 10 11 12 
Beneficio: 10
d 2 d 23 22 21 20 17 19 18 16 17 18 6 5 4 8 9 10 12 11 12 
Beneficio: 16
d 2 d 23 22 19 18 17 19 7 3 4 5 6 18 16 17 12 10 11 12 11 10 9 8 
Beneficio: 12
d 2 d 23 22 19 18 6 5 7 3 4 8 9 10 12 11 10 12 17 18 16 17 
Beneficio: 5
d 2 d 23 22 19 18 16 17 20 21 22 2 19 7 5 4 8 9 10 11 12 10 
Beneficio: -3
d 2 d 23 22 19 17 18 6 5 4 3 7 5 4 8 9 10 12 11 10 12 11 14 
Beneficio: 19
d 2 d 23 22 19 17 16 18 19 17 18 6 5 4 5 7 3 4 8 9 10 12 11 12 13 15 14 15 
Beneficio: 7
d 2 d 23 22 19 17 16 12 11 10 9 8 4 5 6 18 19 
Beneficio: 4
d 2 d 23 22 19 7 3 4 5 7 3 4 8 9 10 11 12 16 17 18 6 
Beneficio: -2
d 2 d 23 22 19 17 18 6 5 4 3 7 5 4 12 11 10 11 12 13 
Beneficio: -2
d 2 d 23 22 19 17 16 18 6 5 4 3 7 5 4 8 9 10 11 12 13 
Beneficio: 8
d 2 d 23 22 19 7 3 4 5 6 18 17 16 18 19 17 12 11 10 12 13 
Beneficio: 17
d 2 d 23 22 21 20 17 18 6 5 4 5 7 19 18 19 17 16 
Beneficio: 25
d 2 d 23 22 21 20 17 16 18 19 17 18 6 5 7 3 4 8 9 10 11 10 12 
Beneficio: -4
d 2 d 23 22 21 20 17 16 18 17 19 7 5 4 8 9 10 11 12 10 
Beneficio: -7
d 2 d 23 22 21 20 17 19 18 16 17 19 22 7 5 4 8 9 
Beneficio: 4
d 2 d 23 22 21 20 17 19 7 3 4 5 6 18 19 7 5 4 8 9 10 11 
Beneficio: -2
d 2 d 23 22 21 20 17 19 18 6 5 4 3 7 19 
Beneficio: 10
d 2 d 23 22 21 20 17 18 16 17 19 18 6 5 7 3 4 8 9 10 12 11 12 13 
Beneficio: 18
d 2 d 23 22 21 20 17 16 18 17 19 18 6 5 7 3 4 8 9 10 12 11 10 12 13 15 14 
Beneficio: 8
d 2 d 23 22 21 20 17 19 7 3 4 5 6 18 17 16 18 19 22 7 5 
Beneficio: -4
d 2 d 23 22 21 20 17 19 18 6 5 7 22 21 20 
Beneficio: 15
d 2 d 23 22 21 20 17 18 16 17 19 18 6 5 7 3 4 8 9 10 12 11 10 12 13 
Beneficio: 6
d 2 d 23 22 21 20 17 19 18 6 5 4 8 9 10 12 16 17 18 6 
Beneficio: -6
d 2 d 23 22 21 20 17 19 18 6 5 6 18 16 17 19 7 3 
Beneficio: -7
d 2 d 23 22 21 20 17 16 18 6 5 4 8 9 10 11 14 
Beneficio: 8
d 2 d 23 22 21 20 17 18 16 17 19 18 6 5 4 8 9 10 
Beneficio: 1
d 2 d 23 22 7 3 4 5 6 18 19 17 18 6 5 4 3 
Beneficio: 1
d 2 d 23 22 19 18 6 5 4 3 7 5 4 8 9 10 12 11 
Beneficio: 6
d 2 d 23 22 19 18 6 5 4 3 7 5 6 18 17 20 21 22 2 19 
Beneficio: 4
d 2 d 23 22 19 17 18 6 5 4 8 9 10 12 11 10 
Beneficio: 3
d 2 d 23 22 19 7 3 4 5 6 18 19 17 16 12 11 10 12 
Beneficio: -7
d 2 d 23 22 19 7 3 4 5 6 18 17 16 18 6 
Beneficio: -4
d 2 d 23 22 21 20 17 16 18 17 19 18 6 5 4 3 7 5 4 8 9 
Beneficio: 3
d 2 d 23 22 21 20 17 18 19 7 5 4 8 9 10 12 11 10 12 
Beneficio: 20
d 2 d 23 22 21 20 17 16 18 17 19 18 6 5 7 3 4 5 4 8 9 10 11 12 10 11 
Beneficio: 11
d 2 d 23 22 21 20 17 18 16 17 19 18 6 5 7 3 4 8 9 10 12 11 10 12 11 
Beneficio: 9
d 2 d 23 22 21 20 17 16 18 19 17 18 6 5 4 3 7 19 22 2 
Beneficio: -1
d 2 d 23 22 19 18 17 19 7 3 4 5 4 8 9 8 
Beneficio: 7
d 2 d 23 22 19 18 6 5 4 3 7 19 17 16 18 17 12 11 12 10 9 
Beneficio: -1
d 2 d 23 22 19 18 16 17 20 21 22 2 7 5 4 8 9 10 12 
Beneficio: 17
d 2 d 23 22 19 17 18 6 5 7 19 18 16 17 19 7 3 4 8 9 10 12 11 10 
Beneficio: -2
d 2 d 23 22 19 17 16 18 6 5 4 5 7 3 4 8 9 10 11 12 10 
Beneficio: -18
d 2 d 23 22 19 7 3 4 5 6 18 16 12 10 11 12 13 
Beneficio: 9
d 2 d 23 22 19 17 16 18 19 7 3 4 5 6 5 4 8 9 10 11 10 12 11 
Beneficio: -13
d 2 d 23 22 19 7 3 4 5 4 8 9 10 12 11 12 17 16 
Beneficio: 14
d 2 d 23 22 21 20 17 18 6 5 7 19 17 16 18 19 7 3 4 8 9 10 12 11 10 
Beneficio: -20
d 2 d 23 22 21 20 17 16 18 6 5 4 12 10 11 12 
Beneficio: 4
d 2 d 23 22 21 20 17 19 7 5 6 18 17 16 12 10 11 12 10 9 8 4 3 
Beneficio: 8
d 2 d 23 22 21 20 17 18 16 17 19 18 6 5 4 8 9 10 11 12 13 
Beneficio: -7
d 2 d 23 22 21 20 17 18 6 5 4 3 7 5 4 8 9 10 12 13 15 14 
Beneficio: 13
d 2 d 23 22 21 20 17 19 18 17 16 18 6 5 4 3 7 5 4 8 9 10 11 12 10 11 
Beneficio: -3
d 2 d 23 22 21 20 17 18 6 5 4 3 7 5 4 8 9 10 11 12 10 
Beneficio: 13
d 2 d 23 22 21 20 17 16 18 19 17 18 6 5 4 3 7 5 4 8 9 10 12 11 12 13 
Beneficio: 14
d 2 d 23 22 21 20 17 19 18 6 5 7 3 4 5 6 18 17 16 12 11 10 11 
Beneficio: 7
d 2 d 23 22 21 20 17 16 18 17 19 7 5 6 5 4 
Beneficio: -5
d 2 d 23 22 7 5 6 18 16 17 19 7 3 4 8 9 10 11 10 12 
Beneficio: 3
d 2 d 23 22 7 19 17 18 6 5 7 3 4 8 9 10 12 11 12 13 
Beneficio: 2
d 2 d 23 22 19 18 6 5 7 3 4 8 9 10 12 11 10 12 17 19 
Beneficio: -3
d 2 d 23 22 19 17 16 18 6 5 4 8 9 10 11 12 10 
Beneficio: 0
d 2 d 23 22 19 7 3 4 5 6 18 19 17 18 6 5 7 22 
Beneficio: -2
d 2 d 23 22 21 20 17 19 18 6 5 7 3 4 5 4 8 9 10 11 10 12 11 
Beneficio: -3
d 2 d 23 22 21 20 17 16 18 6 5 7 3 4 8 9 10 12 11 10 
Beneficio: -7
d 2 d 23 22 21 20 17 19 18 6 5 4 8 9 10 11 12 10 
Beneficio: 2
d 2 d 23 22 7 19 18 17 19 7 3 4 5 4 8 9 10 11 
Beneficio: 9
d 2 22 19 18 17 19 18 6 5 4 5 7 3 4 8 9 10 12 16 
Beneficio: -1
d 2 22 19 18 6 5 4 3 7 19 2 d 23 22 21 20 17 16 12 10 11 10 
Beneficio: 7
d 2 22 19 18 6 5 4 3 7 5 6 18 17 12 10 11 10 9 8 
Beneficio: 12
d 2 22 19 18 16 17 19 7 3 4 8 9 10 11 12 10 
Beneficio: 3
d 2 22 19 17 18 19 17 16 18 6 5 4 8 9 10 11 12 10 
Beneficio: 1
d 2 22 19 17 18 6 5 6 18 19 7 5 4 3 7 2 d 23 
Beneficio: -2
d 2 22 19 17 18 16 17 20 21 22 23 d 2 19 7 5 6 5 4 
Beneficio: 19
d 2 22 19 17 16 18 17 19 18 6 5 4 3 7 5 4 8 9 10 11 12 
Beneficio: 10
d 2 22 19 17 16 18 6 5 7 19 18 6 5 4 8 9 10 12 11 10 12 
Beneficio: 16
d 2 22 19 7 5 6 18 16 17 18 19 17 20 21 22 7 3 4 8 9 10 11 12 11 
Beneficio: 0
d 2 22 19 7 3 4 5 6 18 17 19 7 3 4 8 9 10 11 12 10 11 
Beneficio: 11
d 2 22 19 17 18 19 17 16 18 6 5 7 3 4 8 9 10 12 11 10 12 
Beneficio: 6
d 2 22 19 17 18 16 17 20 21 22 23 d 2 19 18 6 5 7 19 
Beneficio: 0
d 2 22 19 17 16 18 6 5 6 18 19 7 3 4 8 9 10 12 11 
Beneficio: 5
d 2 22 19 7 3 4 5 6 18 19 17 16 18 6 5 4 8 9 10 11 10 12 13 
Beneficio: -6
d 2 22 19 18 6 5 4 8 9 10 12 16 17 
Beneficio: -2
d 2 22 21 20 17 18 6 5 4 3 7 5 4 8 9 10 11 14 
Beneficio: 21
d 2 22 21 20 17 18 16 17 19 18 6 5 7 3 4 8 9 10 12 11 10 
Beneficio: 18
d 2 22 21 20 17 16 18 17 19 18 6 5 7 3 4 8 9 10 11 10 12 11 12 13 
Beneficio: -1
d 2 22 21 20 17 16 18 19 2 22 7 5 6 5 4 3 7 
Beneficio: 13
d 2 22 21 20 17 19 18 6 5 7 19 17 18 16 17 12 10 11 12 
Beneficio: -14
d 2 22 21 20 17 19 7 3 4 8 9 10 12 11 10 11 
Beneficio: 7
d 2 22 21 20 17 19 7 5 6 18 16 17 18 6 5 4 8 9 10 12 11 10 11 
Beneficio: -3
d 2 22 21 20 17 16 18 19 7 5 4 8 9 10 12 11 10 
Beneficio: 8
d 2 22 21 20 17 18 19 22 7 5 4 8 9 10 11 12 13 15 
Beneficio: 0
d 2 22 21 20 17 18 6 5 4 3 7 5 6 18 16 17 19 22 2 d 
Beneficio: 18
d 2 22 21 20 17 16 18 17 19 7 5 6 18 19 7 3 4 5 4 8 9 10 11 12 11 10 
Beneficio: 10
d 2 22 21 20 17 16 12 10 11 12 10 9 8 4 5 6 18 19 17 
Beneficio: 13
d 2 22 21 20 17 19 7 3 4 5 6 18 17 16 18 19 7 5 4 8 9 8 
Beneficio: -10
d 2 22 21 20 17 19 18 6 5 4 8 9 10 12 11 10 11 
Beneficio: -2
d 2 22 21 20 17 19 18 6 5 4 5 7 3 4 12 11 10 12 
Beneficio: 4
d 2 22 21 20 17 18 6 5 6 18 19 7 5 4 8 9 10 12 13 
Beneficio: 19
d 2 22 21 20 17 16 18 6 5 7 19 18 17 19 7 3 4 8 9 10 12 11 10 
Beneficio: 0
d 2 22 21 20 17 19 18 16 17 12 10 11 12 10 9 8 4 5 
Beneficio: 3
d 2 22 21 20 17 18 6 5 7 3 4 5 4 8 9 10 12 11 10 12 13 
Beneficio: 3
d 2 22 21 20 17 18 6 5 4 5 6 18 19 7 3 4 8 9 10 12 11 
Beneficio: -11
d 2 22 21 20 17 16 18 6 5 7 3 4 5 4 8 9 10 12 13 
Beneficio: -12
d 2 22 21 20 17 19 18 6 5 4 3 7 5 4 8 9 10 12 11 10 
Beneficio: -1
d 2 22 7 5 6 18 17 20 21 22 19 7 3 4 8 9 10 12 11 10 12 
Beneficio: 3
d 2 22 7 3 4 5 6 18 17 20 21 22 23 d 2 19 18 6 5 
Beneficio: -7
d 2 22 7 19 18 6 5 4 8 9 10 12 11 10 11 12 13 
Beneficio: -1
d 2 22 19 18 16 17 19 7 3 4 5 6 
Beneficio: 0
d 2 22 19 18 17 16 18 6 5 4 5 7 19 2 d 23 22 
Beneficio: 1
d 2 22 19 18 6 5 4 3 7 5 4 12 10 11 12 11 
Beneficio: 17
d 2 22 19 18 16 17 18 19 7 5 4 8 9 10 12 11 10 
Beneficio: 10
d 2 22 19 17 18 6 5 4 3 7 19 18 6 5 4 8 9 10 12 11 10 11 12 13 
Beneficio: 4
d 2 22 19 17 16 18 19 7 5 6 18 17 12 11 10 12 11 
Beneficio: 4
d 2 22 19 7 5 6 18 17 19 7 3 4 5 4 8 9 10 11 12 11 10 
Beneficio: -9
d 2 22 19 7 3 4 8 9 10 11 12 16 18 17 20 21 
Beneficio: 14
d 2 22 19 17 16 18 17 19 18 6 5 4 5 7 3 4 8 9 10 12 11 10 12 13 
Beneficio: 3
d 2 22 19 7 3 4 5 6 18 17 16 8 9 10 11 10 12 13 
Beneficio: -14
d 2 22 21 20 17 18 6 5 7 3 4 5 4 8 9 10 12 13 15 
Beneficio: 6
d 2 22 21 20 17 16 18 17 19 7 3 4 5 6 18 19 2 
Beneficio: -7
d 2 22 21 20 17 19 18 6 5 4 5 6 18 16 12 11 10 
Beneficio: -10
d 2 22 21 20 17 19 18 16 12 10 11 12 11 
Beneficio: -2
d 2 22 21 20 17 18 19 22 2 7 5 6 
Beneficio: 9
d 2 22 21 20 17 16 18 19 7 5 4 5 6 18 17 19 22 2 d 23 
Beneficio: 6
d 2 22 21 20 17 19 18 16 17 18 6 5 4 3 7 2 d 23 22 
Beneficio: -6
d 2 22 21 20 17 19 18 6 5 7 3 4 12 11 10 
Beneficio: 7
d 2 22 21 20 17 16 18 17 19 18 6 5 4 3 7 19 22 21 
Beneficio: 10
d 2 22 21 20 17 19 18 16 17 18 6 5 4 8 9 10 11 10 12 
Beneficio: 9
d 2 22 21 20 17 16 18 19 17 18 6 5 7 19 2 d 23 22 
Beneficio: -1
d 2 22 21 20 17 19 18 6 5 4 3 7 5 4 8 9 10 12 11 10 12 13 
Beneficio: -4
d 2 22 7 3 4 5 6 5 7 19 17 16 18 19 17 
Beneficio: 15
d 2 19 18 17 16 18 6 5 4 3 7 19 22 
Beneficio: 6
d 2 19 18 6 5 7 19 17 16 12 11 10 12 13 
Beneficio: 11
d 2 19 18 6 5 4 3 7 5 4 8 9 10 12 11 10 12 13 15 14 
Beneficio: -9
d 2 19 18 19 22 7 5 4 8 9 
Beneficio: -1
d 2 19 17 18 6 5 4 3 7 19 18 16 17 19 22 21 20 
Beneficio: 11
d 2 19 17 16 18 19 22 21 20 17 18 6 5 4 8 9 10 12 
Beneficio: 10
d 2 19 17 16 18 17 19 18 6 5 7 3 4 8 9 10 12 11 10 12 
Beneficio: 16
d 2 19 22 21 20 17 18 16 17 19 18 6 5 4 3 7 5 4 8 9 10 11 10 
Beneficio: 16
d 2 19 22 21 20 17 16 18 19 17 18 6 5 7 3 4 5 4 8 9 10 11 12 13 
Beneficio: 12
d 2 19 22 21 20 17 18 6 5 6 18 19 7 5 4 3 
Beneficio: 4
d 2 19 7 5 4 5 6 18 19 22 7 3 4 8 9 10 12 11 
Beneficio: -26
d 2 19 7 3 4 8 9 10 12 13 15 14 15 
Beneficio: 9
d 2 19 17 18 16 17 20 21 22 19 18 6 5 4 5 7 
Beneficio: 6
d 2 19 7 5 6 18 17 12 10 11 12 10 9 8 
Beneficio: -3
d 2 19 7 5 6 18 17 16 18 19 7 3 
Beneficio: -6
d 2 19 22 21 20 17 18 6 5 4 5 7 22 23 
Beneficio: 0
d 2 7 19 18 6 5 4 3 7 5 6 18 16 17 19 22 23 
Beneficio: 19
d 2 d 23 22 19 18 17 16 18 6 5 4 8 9 10 12 11 12 13 15 14 
Beneficio: 5
d 2 d 23 22 19 18 6 5 4 3 7 19 17 18 16 12 11 10 12 
Beneficio: 12
d 2 d 23 22 19 18 16 17 18 6 5 4 3 7 19 17 12 10 11 12 13 
Beneficio: 19
d 2 d 23 22 19 17 18 19 18 6 5 4 3 7 5 4 8 9 10 11 10 12 13 
Beneficio: 14
d 2 d 23 22 19 17 18 16 17 19 7 5 4 5 6 18 19 7 3 4 8 9 10 11 
Beneficio: 9
d 2 d 23 22 19 17 16 18 17 19 18 6 5 7 3 4 8 9 10 12 13 
Beneficio: 2
d 2 d 23 22 19 7 5 6 18 16 17 18 19 17 20 21 22 7 5 4 
Beneficio: 17
d 2 d 23 22 19 17 18 19 2 22 21 20 17 16 18 6 5 4 8 9 10 11 10 12 11 
Beneficio: 19
d 2 d 23 22 19 17 16 18 6 5 4 3 7 19 18 17 19 7 5 4 8 9 10 12 11 10 12 
Beneficio: 1
d 2 d 23 22 19 7 3 4 5 6 18 19 2 22 21 20 17 18 6 5 4 8 
Beneficio: 12
d 2 d 23 22 21 20 17 18 6 5 7 3 4 5 6 18 19 17 16 12 
Beneficio: -8
d 2 d 23 22 21 20 17 18 16 12 10 9 8 4 5 7 19 
Beneficio: -14
d 2 d 23 22 21 20 17 16 18 6 5 7 3 4 8 9 10 11 12 11 
Beneficio: 0
d 2 d 23 22 21 20 17 19 18 6 5 4 8 9 10 11 12 13 15 
Beneficio: 16
d 2 d 23 22 21 20 17 19 18 16 17 18 6 5 4 8 9 10 12 13 15 
Beneficio: 7
d 2 d 23 22 21 20 17 19 18 6 5 7 3 4 5 4 8 9 10 11 10 12 11 
Beneficio: -2
d 2 d 23 22 21 20 17 18 6 5 4 5 7 3 4 8 9 10 11 12 13 15 14 
Beneficio: 14
d 2 d 23 22 21 20 17 16 18 6 5 4 5 7 19 18 17 12 10 11 12 10 
Beneficio: -11
d 2 d 23 22 21 20 17 19 7 5 4 8 9 10 12 11 10 11 14 15 
Beneficio: 20
d 2 d 23 22 21 20 17 16 18 17 19 18 6 5 7 3 4 5 4 8 9 10 12 11 10 11 12 
Beneficio: 5
d 2 d 23 22 21 20 17 18 6 5 7 19 18 6 5 4 8 9 10 11 12 
Beneficio: 4
d 2 d 23 22 21 20 17 19 18 17 19 22 7 5 4 8 9 10 11 12 
Beneficio: 5
d 2 d 23 22 21 20 17 18 16 17 19 7 3 4 5 6 18 19 2 
Beneficio: 9
d 2 d 23 22 21 20 17 16 18 19 17 18 6 5 7 3 4 8 9 10 11 12 11 
Beneficio: 8
d 2 d 23 22 21 20 17 19 7 5 6 18 16 17 18 6 5 4 8 9 10 12 11 10 12 
Beneficio: 8
d 2 d 23 22 7 3 4 5 6 18 17 20 21 22 19 18 6 5 4 8 9 10 12 13 
Beneficio: 17
d 2 d 23 22 7 19 17 18 19 17 16 18 6 5 4 8 9 10 11 12 
Beneficio: 3
d 2 d 23 22 19 18 17 20 21 22 2 19 7 5 4 8 9 10 11 12 10 
Beneficio: 7
d 2 d 23 22 19 17 18 19 2 22 21 20 17 16 18 6 5 7 3 4 5 4 8 
Beneficio: 14
d 2 d 23 22 19 7 5 6 18 19 17 18 6 5 4 8 9 10 11 10 12 13 
Beneficio: 5
d 2 d 23 22 19 7 5 6 18 19 17 16 18 6 5 4 8 9 10 11 
Beneficio: 11
d 2 d 23 22 21 20 17 16 18 19 17 18 6 5 7 3 4 8 9 10 11 10 12 13 
Beneficio: 1
d 2 d 23 22 21 20 17 19 18 6 5 7 3 4 8 9 10 12 11 14 15 14 
Beneficio: 8
d 2 d 23 22 21 20 17 16 18 17 19 18 6 5 4 8 9 10 11 12 13 
Beneficio: -5
d 2 d 23 22 21 20 17 18 6 5 7 3 4 5 4 8 9 10 11 12 13 
Beneficio: 3
d 2 d 23 22 21 20 17 18 6 5 4 3 7 5 6 18 19 2 
Beneficio: -3
d 2 d 23 22 7 19 18 17 20 21 22 19 7 3 4 5 6 18 
Beneficio: 10
d 2 d 23 22 19 18 6 5 7 3 4 5 4 8 9 10 12 11 12 13 15 14 15 
Beneficio: 19
d 2 d 23 22 19 18 16 17 18 6 5 4 5 7 3 4 8 9 10 11 10 12 13 
Beneficio: 2
d 2 d 23 22 19 17 18 6 5 6 18 19 7 3 4 8 9 10 12 13 
Beneficio: 6
d 2 d 23 22 19 17 16 18 6 5 4 3 7 19 18 6 5 7 3 
Beneficio: 5
d 2 d 23 22 19 7 3 4 5 6 18 17 20 21 22 2 19 7 5 4 8 9 10 11 12 13 
Beneficio: 1
d 2 d 23 22 19 17 18 6 5 4 3 7 5 6 18 19 7 22 21 
Beneficio: -7
d 2 d 23 22 19 7 3 4 5 6 18 19 17 16 18 6 5 4 
Beneficio: 12
d 2 d 23 22 21 20 17 18 6 5 6 18 19 7 3 4 5 7 3 4 8 9 10 12 11 10 11 
Beneficio: 21
d 2 d 23 22 21 20 17 16 18 17 19 18 6 5 7 3 4 8 9 10 11 10 12 11 12 13 
Beneficio: 8
d 2 d 23 22 21 20 17 19 18 6 5 7 19 17 18 6 5 4 8 9 10 12 11 10 11 
Beneficio: -3
d 2 d 23 22 21 20 17 18 19 7 3 4 5 4 8 9 10 11 12 13 
Beneficio: 8
d 2 d 23 22 21 20 17 18 6 5 6 18 19 7 3 4 5 4 8 9 10 11 12 10 
Beneficio: 2
d 2 d 23 22 21 20 17 16 18 17 19 18 19 7 3 4 5 7 
Beneficio: 8
d 2 d 23 22 21 20 17 19 7 3 4 5 6 18 19 17 18 6 5 4 8 9 10 12 11 
Beneficio: -11
d 2 d 23 22 21 20 17 18 6 5 4 3 7 5 4 8 9 10 12 11 
Beneficio: -18
d 2 d 23 22 21 20 17 19 7 3 4 8 9 10 12 11 
Beneficio: 10
d 2 d 23 22 21 20 17 18 16 17 19 18 6 5 4 8 9 10 11 12 10 
Beneficio: 2
d 2 d 23 22 21 20 17 19 18 6 5 4 5 7 3 4 8 9 10 11 12 13 
Beneficio: -7
d 2 d 23 22 7 19 17 18 6 5 7 3 4 8 9 10 11 12 11 
Beneficio: 6
d 2 d 23 22 19 18 6 5 4 3 7 5 4 8 9 10 11 12 10 
Beneficio: 16
d 2 d 23 22 19 17 16 18 19 17 18 6 5 7 3 4 8 9 10 11 10 12 
Beneficio: 7
d 2 d 23 22 19 7 5 6 18 19 17 16 18 6 5 4 8 9 10 12 11 
Beneficio: 2
d 2 d 23 22 21 20 17 16 18 6 5 4 3 7 5 6 18 19 22 23 
Beneficio: 3
d 2 d 23 22 21 20 17 18 16 17 19 18 6 5 4 3 7 19 2 22 
Beneficio: 8
d 2 d 23 22 21 20 17 16 18 17 19 18 6 5 7 3 4 5 4 8 9 10 
Beneficio: 0
d 2 d 23 22 7 5 4 5 6 18 17 19 7 3 4 8 9 10 11 10 
Beneficio: 16
d 2 d 23 22 19 18 17 20 21 22 7 5 6 5 4 8 9 10 11 12 10 
Beneficio: 10
d 2 d 23 22 19 18 6 5 7 19 17 16 18 17 12 11 12 10 
Beneficio: 3
d 2 d 23 22 19 18 16 17 19 7 5 6 5 7 3 4 8 9 10 12 13 
Beneficio: -1
d 2 d 23 22 19 17 18 6 5 4 3 7 5 4 8 9 10 11 10 12 13 15 14 
Beneficio: 4
d 2 d 23 22 19 17 16 18 17 20 21 22 2 19 7 5 6 5 4 8 9 10 12 13 
Beneficio: 9
d 2 d 23 22 19 7 5 6 18 19 17 18 6 5 4 12 10 11 12 13 
Beneficio: 17
d 2 d 23 22 19 7 3 4 5 6 18 19 17 18 16 17 12 11 10 9 8 9 
Beneficio: 1
d 2 d 23 22 19 17 18 6 5 4 3 7 5 4 8 9 10 12 13 15 
Beneficio: 14
d 2 d 23 22 19 7 5 6 18 16 17 19 18 6 5 4 8 9 10 11 12 13 15 14 
Beneficio: 2
d 2 d 23 22 19 18 6 5 4 3 7 5 6 18 17 16 12 11 10 11 12 
Beneficio: 15
d 2 d 23 22 21 20 17 18 6 5 7 3 4 8 9 10 12 11 10 12 17 19 18 
Beneficio: 6
d 2 d 23 22 21 20 17 16 18 19 18 6 5 4 8 9 10 11 12 
Beneficio: 14
d 2 d 23 22 21 20 17 16 12 10 11 12 10 9 8 4 5 4 3 7 5 6 18 19 17 18 
Beneficio: 0
d 2 d 23 22 21 20 17 19 7 3 4 5 6 18 17 16 12 11 10 12 13 15 14 
Beneficio: 19
d 2 d 23 22 21 20 17 18 19 17 16 18 6 5 4 3 7 5 4 8 9 10 11 10 12 11 
Beneficio: 11
d 2 d 23 22 21 20 17 18 19 7 5 6 5 4 8 9 10 11 12 13 15 14 
Beneficio: 19
d 2 d 23 22 21 20 17 18 16 17 19 18 6 5 7 3 4 5 4 8 9 10 11 12 10 
Beneficio: -15
d 2 d 23 22 21 20 17 16 12 10 11 12 13 
Beneficio: 0
d 2 d 23 22 21 20 17 19 18 6 5 6 18 17 12 13 
Beneficio: 8
d 2 d 23 22 21 20 17 18 19 17 16 18 6 5 7 3 4 12 11 10 12 13 
Beneficio: 9
d 2 d 23 22 21 20 17 16 18 17 19 18 6 5 4 8 9 10 11 12 13 
Beneficio: -3
d 2 d 23 22 21 20 17 19 7 3 4 5 6 18 17 16 12 10 11 10 
Beneficio: 3
d 2 d 23 22 21 20 17 18 19 7 3 4 5 6 18 16 12 10 11 12 13 
Beneficio: -3
d 2 d 23 22 21 20 17 16 12 10 9 8 4 5 4 3 7 5 6 18 17 
Beneficio: 7
d 2 d 23 22 7 5 6 18 19 22 21 20 17 16 18 6 5 4 8 9 10 12 13 
Beneficio: 0
d 2 d 23 22 7 3 4 5 7 19 18 6 5 4 8 9 10 11 12 13 
Beneficio: -2
d 2 d 23 22 19 7 3 4 5 6 18 16 17 18 19 17 20 21 
Beneficio: 13
d 2 d 23 22 19 18 6 5 7 3 4 8 9 10 11 12 16 17 18 
Beneficio: -5
d 2 d 23 22 19 17 18 6 5 7 3 4 8 9 10 12 11 10 11 12 13 15 14 
Beneficio: -17
d 2 d 23 22 19 7 3 4 12 11 10 
Beneficio: 10
d 2 d 23 22 21 20 17 18 19 17 16 18 6 5 7 3 4 8 9 10 11 12 11 
Beneficio: 7
d 2 d 23 22 21 20 17 16 18 17 19 7 3 4 5 6 18 19 2 22 
Beneficio: -10
d 2 d 23 22 21 20 17 19 7 5 4 8 9 10 12 11 10 11 12 13 
Beneficio: 26
d 2 d 23 22 21 20 17 19 18 16 17 18 6 5 7 3 4 5 4 8 9 10 11 12 13 
Beneficio: 17
d 2 d 23 22 21 20 17 16 18 19 17 18 6 5 7 3 4 8 9 10 11 10 12 11 12 13 
Beneficio: 12
d 2 d 23 22 21 20 17 19 18 16 17 18 6 5 4 3 7 5 4 8 9 10 12 11 10 12 
Beneficio: 7
d 2 d 23 22 19 18 17 16 18 6 5 4 3 7 22 21 20 
Beneficio: 0
d 2 d 23 22 19 18 6 5 7 3 4 8 9 10 12 13 15 
Beneficio: 0
d 2 d 23 22 19 18 19 17 18 6 5 7 19 2 22 
Beneficio: 5
d 2 d 23 22 19 17 18 6 5 4 3 7 19 18 16 17 12 11 10 12 13 
Beneficio: 3
d 2 d 23 22 19 17 16 12 11 12 10 9 8 4 5 7 3 4 5 6 18 17 
Beneficio: 1
d 2 d 23 22 19 7 3 4 5 6 18 19 7 3 4 8 9 10 12 11 10 12 13 
Beneficio: -2
d 2 d 23 22 19 17 16 18 6 5 4 3 7 19 18 6 5 4 8 9 
Beneficio: -17
d 2 d 23 22 19 18 6 5 4 3 7 5 4 8 9 10 12 13 
Beneficio: 14
d 2 d 23 22 21 20 17 18 16 17 19 18 6 5 4 5 7 3 4 12 10 11 12 11 
Beneficio: 13
d 2 d 23 22 21 20 17 16 18 17 19 18 6 5 7 3 4 8 9 10 11 12 13 
Beneficio: -2
d 2 d 23 22 21 20 17 19 7 3 4 5 6 18 19 7 3 4 8 9 10 12 
Beneficio: 8
d 2 d 23 22 21 20 17 19 18 6 5 7 3 4 5 6 18 17 16 12 11 
Beneficio: -4
d 2 d 23 22 21 20 17 18 16 12 10 11 12 10 9 8 4 5 7 3 
Beneficio: 0
d 2 d 23 22 21 20 17 19 18 6 5 4 5 7 3 4 12 10 9 8 9 
Beneficio: 7
d 2 d 23 22 21 20 17 19 18 6 5 7 3 4 8 9 10 12 11 10 12 13 
Beneficio: -7
d 2 d 23 22 21 20 17 16 18 6 5 4 5 7 3 4 8 9 10 12 13 
Beneficio: -13
d 2 d 23 22 21 20 17 18 6 5 7 3 4 8 9 10 12 11 10 12 
Beneficio: 0
d 2 d 23 22 21 20 17 16 12 10 9 8 4 5 6 18 17 19 
Beneficio: 3
d 2 d 23 22 7 5 4 8 9 10 11 12 16 17 18 6 5 
Beneficio: 7
d 2 d 23 22 19 17 18 6 5 7 3 4 5 6 18 19 2 22 
Beneficio: 5
d 2 d 23 22 19 18 16 17 18 6 5 4 3 7 2 
Beneficio: -2
d 2 d 23 22 19 7 5 4 5 6 18 17 
Beneficio: 9
d 2 d 23 22 21 20 17 18 6 5 7 3 4 5 4 8 9 10 11 12 10 
Beneficio: 9
d 2 d 23 22 21 20 17 19 18 6 5 7 3 4 5 4 8 9 10 12 11 10 12 
Beneficio: 18
d 2 d 23 22 21 20 17 19 18 16 17 18 6 5 4 8 9 10 11 12 11 
Beneficio: 9
d 2 d 23 22 21 20 17 16 18 17 19 7 5 6 18 19 22 
Beneficio: 15
d 2 22 19 18 17 16 18 6 5 7 3 4 5 4 8 9 10 11 10 12 11 12 13 15 14 15 
Beneficio: -2
d 2 22 19 18 17 20 21 22 23 d 2 19 7 5 4 8 
Beneficio: 5
d 2 22 19 18 6 5 4 3 7 5 6 18 17 19 22 2 d 
Beneficio: -5
d 2 22 19 18 6 5 4 3 7 19 17 12 10 11 
Beneficio: 1
d 2 22 19 18 16 17 19 7 3 4 8 9 10 11 12 10 
Beneficio: 3
d 2 22 19 17 18 19 2 d 23 22 21 20 17 16 18 6 5 7 3 4 8 
Beneficio: 7
d 2 22 19 17 18 6 5 7 3 4 5 6 18 19 7 3 4 8 9 10 12 11 10 11 
Beneficio: 17
d 2 22 19 17 18 16 17 19 18 6 5 4 3 7 5 4 8 9 10 12 
Beneficio: 0
d 2 22 19 17 16 18 6 5 4 3 7 5 4 8 9 10 12 11 10 11 12 13 15 14 
Beneficio: 15
d 2 22 19 17 16 12 10 11 10 9 8 4 3 7 5 6 18 17 19 18 16 
Beneficio: 9
d 2 22 19 7 5 4 5 6 18 19 17 18 16 17 20 21 22 23 
Beneficio: 10
d 2 22 19 7 3 4 5 6 18 19 17 16 18 6 5 7 3 4 8 9 10 11 10 12 11 12 13 
Beneficio: 11
d 2 22 19 17 18 19 7 3 4 5 6 18 16 17 20 21 22 23 d 
Beneficio: 6
d 2 22 19 17 16 18 19 17 18 6 5 7 3 4 5 4 8 9 
Beneficio: -4
d 2 22 19 7 5 6 18 19 7 3 4 12 11 10 
Beneficio: 2
d 2 22 19 7 3 4 5 6 18 17 16 18 19 17 20 21 22 
Beneficio: 3
d 2 22 21 20 17 18 19 17 16 18 6 5 7 3 4 8 9 10 12 
Beneficio: 9
d 2 22 21 20 17 18 6 5 6 18 19 22 7 5 4 3 7 
Beneficio: 8
d 2 22 21 20 17 18 16 17 19 18 6 5 4 12 13 
Beneficio: 0
d 2 22 21 20 17 16 18 17 19 18 6 5 4 3 7 5 4 8 9 10 12 
Beneficio: -4
d 2 22 21 20 17 16 18 6 5 4 3 7 5 4 8 9 10 12 13 15 14 
Beneficio: 11
d 2 22 21 20 17 19 18 6 5 7 19 17 18 16 
Beneficio: -5
d 2 22 21 20 17 19 7 3 4 5 6 18 17 16 18 6 5 7 3 
Beneficio: -1
d 2 22 21 20 17 19 7 3 4 5 6 18 16 17 19 18 6 5 4 
Beneficio: 6
d 2 22 21 20 17 16 18 19 7 5 6 5 4 8 9 10 12 13 
Beneficio: 19
d 2 22 21 20 17 18 19 7 5 6 18 16 17 19 7 3 4 5 4 8 9 10 11 12 10 11 
Beneficio: 12
d 2 22 21 20 17 18 16 17 19 18 6 5 4 3 7 5 
Beneficio: 16
d 2 22 21 20 17 16 18 6 5 7 19 18 17 19 7 3 4 8 9 10 11 10 
Beneficio: 23
d 2 22 21 20 17 19 18 17 16 18 6 5 7 3 4 5 4 8 9 10 11 12 11 
Beneficio: 7
d 2 22 21 20 17 19 7 3 4 5 6 18 19 17 18 6 5 4 8 9 10 12 
Beneficio: -1
d 2 22 21 20 17 18 6 5 7 3 4 8 9 10 12 11 
Beneficio: 2
d 2 22 21 20 17 18 19 22 7 3 4 5 4 8 9 10 12 11 10 12 13 
Beneficio: 7
d 2 22 21 20 17 18 16 17 19 18 6 5 4 5 7 19 22 
Beneficio: 14
d 2 22 21 20 17 16 18 17 19 18 6 5 4 5 7 19 22 23 d 2 
Beneficio: -17
d 2 22 21 20 17 19 7 3 4 8 9 10 11 10 12 13 15 14 
Beneficio: 11
d 2 22 21 20 17 16 18 17 19 18 6 5 7 3 4 8 9 10 12 11 10 11 
Beneficio: -8
d 2 22 21 20 17 18 6 5 4 5 7 19 17 12 
Beneficio: 10
d 2 22 21 20 17 16 18 6 5 7 19 17 18 19 7 3 4 5 4 
Beneficio: 18
d 2 22 21 20 17 19 18 16 17 18 6 5 4 3 7 5 4 8 9 10 11 12 10 
Beneficio: -8
d 2 22 7 5 6 18 17 19 7 3 4 5 4 8 9 10 12 13 
Beneficio: 2
d 2 22 7 3 4 5 6 18 16 17 18 6 5 7 3 4 8 9 10 12 11 
Beneficio: 14
d 2 22 7 19 17 16 18 19 22 21 20 17 18 6 5 4 8 9 10 11 12 
Beneficio: 0
d 2 22 19 7 5 6 18 17 19 7 3 4 8 9 10 12 11 10 11 
Beneficio: 6
d 2 22 19 18 17 19 2 d 23 22 7 3 4 8 9 10 11 12 10 
Beneficio: -3
d 2 22 19 18 6 5 7 3 4 8 9 10 12 11 10 12 13 15 14 
Beneficio: 10
d 2 22 19 18 16 17 18 6 5 7 3 4 5 4 8 9 10 12 11 12 13 
Beneficio: 19
d 2 22 19 17 18 6 5 7 3 4 5 6 18 19 7 3 4 8 9 10 11 12 13 
Beneficio: 6
d 2 22 19 17 16 18 17 12 10 11 12 10 9 8 4 3 7 5 6 18 
Beneficio: -5
d 2 22 19 7 5 6 5 7 3 4 8 9 10 12 11 10 11 12 
Beneficio: 2
d 2 22 19 17 18 19 17 16 18 6 5 4 8 9 10 12 11 10 12 13 
Beneficio: 8
d 2 22 19 17 16 18 6 5 7 19 18 6 5 4 8 9 
Beneficio: 5
d 2 22 19 18 17 16 18 6 5 4 8 9 10 12 13 
Beneficio: 7
d 2 22 21 20 17 18 6 5 4 3 7 19 17 16 18 19 2 d 23 
Beneficio: -13
d 2 22 21 20 17 16 18 6 5 7 3 4 8 9 10 12 11 10 12 11 
Beneficio: 4
d 2 22 21 20 17 19 18 16 17 18 6 5 4 3 7 5 4 8 9 10 12 11 10 12 
Beneficio: 6
d 2 22 21 20 17 18 19 17 16 18 6 5 4 8 9 10 12 11 
Beneficio: 1
d 2 22 21 20 17 18 6 5 7 19 18 6 5 4 3 7 19 22 21 20 
Beneficio: 8
d 2 22 21 20 17 16 18 6 5 4 3 7 19 18 6 5 4 8 9 10 12 11 10 12 13 
Beneficio: -16
d 2 22 21 20 17 19 7 5 6 5 4 8 9 10 
Beneficio: 5
d 2 22 21 20 17 18 19 22 7 3 4 5 4 8 9 10 12 11 
Beneficio: 9
d 2 22 21 20 17 16 18 19 17 18 6 5 4 3 7 19 
Beneficio: -2
d 2 22 21 20 17 18 16 17 19 18 6 5 4 3 7 19 
Beneficio: 22
d 2 22 21 20 17 16 18 19 17 18 6 5 4 5 7 3 4 8 9 10 11 12 
Beneficio: 4
d 2 22 7 5 6 18 19 2 d 23 22 21 20 17 18 6 5 4 3 
Beneficio: -2
d 2 22 7 19 17 18 16 17 19 7 5 6 5 4 3 
Beneficio: 7
d 2 19 18 17 16 18 6 5 4 8 9 10 11 12 13 
Beneficio: 7
d 2 19 18 6 5 4 8 9 10 11 10 12 11 12 16 17 20 21 22 23 
Beneficio: 10
d 2 19 18 6 5 7 19 17 18 6 5 4 8 9 10 11 10 12 
Beneficio: 13
d 2 19 17 18 19 22 21 20 17 16 18 6 5 7 3 4 8 9 10 11 12 10 11 
Beneficio: -3
d 2 19 17 18 6 5 4 5 7 3 4 8 9 10 11 12 11 14 
Beneficio: -1
d 2 19 17 16 18 17 20 21 22 19 7 5 6 5 4 8 9 10 11 12 10 
Beneficio: -3
d 2 19 17 16 12 10 9 8 4 5 6 18 17 20 21 22 23 
Beneficio: -5
d 2 19 22 21 20 17 16 18 6 5 4 8 9 10 11 12 13 
Beneficio: 13
d 2 19 22 21 20 17 16 18 17 19 18 6 5 7 3 4 5 4 8 9 10 11 12 13 
Beneficio: -7
d 2 19 22 21 20 17 16 18 17 19 7 3 4 8 9 10 12 11 
Beneficio: 9
d 2 19 7 5 6 18 17 16 18 19 7 3 4 8 9 10 12 11 12 
Beneficio: 7
d 2 19 17 18 19 22 21 20 17 16 18 6 5 4 8 9 10 11 12 13 
Beneficio: 8
d 2 19 17 16 18 19 7 3 4 5 6 18 17 12 10 11 10 12 13 
Beneficio: -5
d 2 19 7 5 4 5 6 18 17 19 7 3 4 8 9 10 11 12 10 
Beneficio: -10
d 2 19 22 21 20 17 16 18 19 7 5 4 3 
Beneficio: 7
d 2 19 17 18 6 5 7 19 18 16 17 20 21 22 2 
Beneficio: -1
d 2 7 22 19 17 18 6 5 4 8 9 10 11 12 
Beneficio: 0
d 23 22 2 19 18 6 5 4 3 7 19 17 20 21 22 2 d 
Beneficio: 3
d 23 22 2 19 17 18 6 5 7 3 4 5 4 8 9 10 11 12 10 11 
Beneficio: 12
d 23 22 2 19 7 3 4 5 6 18 17 19 18 6 5 4 8 9 10 12 11 
Beneficio: 6
d 23 22 2 19 18 16 17 18 6 5 7 19 17 20 21 22 2 d 
Beneficio: 14
d 23 22 19 18 17 19 7 3 4 5 6 18 16 17 20 21 22 23 
Beneficio: 3
d 23 22 19 18 6 5 7 3 4 5 6 18 19 2 
Beneficio: 8
d 23 22 19 18 6 5 7 19 17 18 16 17 20 21 22 23 
Beneficio: 10
d 23 22 19 18 16 17 18 6 5 4 8 9 10 12 13 15 14 15 
Beneficio: 9
d 23 22 19 17 18 19 17 20 21 22 7 5 4 8 9 10 12 11 10 12 
Beneficio: -4
d 23 22 19 17 18 6 5 4 3 7 19 2 22 21 20 
Beneficio: 17
d 23 22 19 17 18 16 17 20 21 22 2 d 2 19 18 6 5 4 5 7 3 4 8 9 10 12 11 12 13 
Beneficio: 12
d 23 22 19 17 16 18 17 20 21 22 2 19 18 6 5 4 8 9 10 11 10 12 13 
Beneficio: 9
d 23 22 19 17 16 18 17 19 7 5 6 18 19 2 d 2 22 21 
Beneficio: -4
d 23 22 19 7 5 6 18 17 19 7 3 4 8 9 10 11 12 10 
Beneficio: 8
d 23 22 19 7 3 4 5 6 18 17 19 18 6 5 7 22 2 d 23 
Beneficio: 0
d 23 22 19 17 18 19 7 3 4 8 9 10 11 12 11 
Beneficio: 20
d 23 22 19 17 16 18 19 2 22 21 20 17 18 6 5 7 3 4 5 4 8 9 10 11 12 11 
Beneficio: 13
d 23 22 19 7 5 6 18 19 2 d 2 22 21 20 17 18 6 5 4 8 9 10 11 12 10 
Beneficio: 3
d 23 22 19 7 3 4 5 6 18 16 17 18 19 2 d 2 22 21 20 
Beneficio: 0
d 23 22 21 20 17 18 19 18 6 5 7 3 4 8 9 10 11 12 
Beneficio: 22
d 23 22 21 20 17 18 16 17 19 18 6 5 7 3 4 5 
Beneficio: 0
d 23 22 21 20 17 16 18 17 19 18 6 5 4 12 10 
Beneficio: 18
d 23 22 21 20 17 16 12 10 11 12 10 9 8 4 5 6 18 17 19 18 6 5 7 
Beneficio: 4
d 23 22 21 20 17 19 7 5 6 18 16 17 18 6 5 4 8 9 10 12 11 12 13 
Beneficio: -21
d 23 22 21 20 17 19 7 3 4 8 9 10 12 11 10 12 13 
Beneficio: -5
d 23 22 21 20 17 19 18 6 5 7 3 4 8 9 10 12 11 12 13 
Beneficio: 4
d 23 22 21 20 17 18 6 5 6 18 19 7 3 4 5 7 22 2 
Beneficio: 8
d 23 22 21 20 17 16 18 19 18 6 5 4 3 7 5 6 18 17 19 2 
Beneficio: 19
d 23 22 21 20 17 19 18 17 16 18 6 5 4 8 9 10 12 11 10 12 13 
Beneficio: 14
d 23 22 21 20 17 19 18 17 16 18 6 5 7 3 4 8 9 10 12 13 15 14 
Beneficio: 0
d 23 22 21 20 17 16 18 6 5 4 3 7 5 6 18 17 19 22 2 d 
Beneficio: -8
d 23 22 2 19 17 18 6 5 7 19 17 20 21 
Beneficio: 5
d 23 22 2 7 3 4 5 6 18 16 17 19 18 17 20 21 22 
Beneficio: 15
d 23 22 21 20 17 18 16 17 19 18 6 5 4 3 7 5 4 8 9 10 11 10 12 13 
Beneficio: 10
d 23 22 21 20 17 19 18 17 16 18 6 5 7 3 4 8 9 10 11 12 10 
Beneficio: -10
d 23 22 21 20 17 19 7 5 6 18 17 19 7 3 4 5 
Beneficio: -11
d 23 22 21 20 17 18 6 5 7 3 4 8 9 10 12 11 12 13 
Beneficio: 14
d 23 22 21 20 17 19 18 17 16 18 6 5 4 8 9 10 12 11 10 12 13 
Beneficio: 0
d 23 22 21 20 17 19 18 6 5 4 3 7 5 4 8 9 10 11 12 11 
Beneficio: 11
d 23 22 7 3 4 5 6 18 17 16 18 19 2 d 2 22 21 
Beneficio: -4
d 23 22 7 19 18 6 5 6 18 16 17 19 22 2 
Beneficio: -7
d 23 22 19 17 18 6 5 4 5 7 3 4 
Beneficio: 9
d 23 22 2 19 17 16 18 19 17 18 6 5 4 3 7 5 4 8 9 
Beneficio: 2
d 23 22 19 18 17 20 21 22 2 d 2 19 7 3 4 8 9 10 11 12 13 
Beneficio: 12
d 23 22 19 18 16 17 18 6 5 4 8 9 10 11 12 16 
Beneficio: -4
d 23 22 19 17 18 6 5 4 5 7 3 4 12 11 10 11 
Beneficio: 2
d 23 22 19 7 5 6 18 19 2 d 2 22 21 20 17 16 12 10 11 12 13 
Beneficio: 17
d 23 22 19 17 18 16 17 19 18 6 5 4 3 7 5 4 8 9 10 12 11 12 
Beneficio: 6
d 23 22 21 20 17 18 19 7 3 4 5 4 8 9 10 11 10 
Beneficio: 0
d 23 22 21 20 17 16 18 6 5 7 3 4 8 9 10 12 
Beneficio: -4
d 23 22 21 20 17 19 7 5 6 18 19 17 18 6 5 4 8 
Beneficio: 10
d 23 22 21 20 17 16 18 19 17 18 6 5 4 5 7 22 2 d 2 
Beneficio: 4
d 23 22 21 20 17 18 16 17 19 18 6 5 4 3 7 19 22 2 d 2 
Beneficio: -13
d 23 22 21 20 17 18 6 5 4 12 11 10 12 13 
Beneficio: 7
d 23 22 21 20 17 18 19 2 22 7 5 6 18 16 17 
Beneficio: -6
d 23 22 7 5 4 5 6 18 17 16 12 10 11 12 13 
Beneficio: 1
d 23 22 2 19 18 6 5 7 3 4 5 6 18 16 17 19 22 23 d 2 d 
Beneficio: 20
d 23 22 2 19 17 16 18 19 17 18 6 5 4 3 7 5 4 8 9 10 12 11 10 12 13 
Beneficio: -22
d 23 22 2 19 7 3 4 8 9 10 12 13 15 
Beneficio: 4
d 23 22 19 18 17 20 21 22 2 d 2 19 7 3 4 8 9 10 11 12 13 
Beneficio: 5
d 23 22 19 18 6 5 6 18 17 19 7 3 4 8 9 10 12 11 
Beneficio: 9
d 23 22 19 18 16 17 18 6 5 7 3 4 8 9 10 12 11 12 13 
Beneficio: 13
d 23 22 19 17 18 19 2 d 2 22 21 20 17 16 12 10 11 12 10 9 8 4 5 7 
Beneficio: 6
d 23 22 19 17 18 6 5 4 3 7 19 18 16 17 20 21 22 2 d 2 
Beneficio: 16
d 23 22 19 17 16 18 17 20 21 22 2 d 2 19 18 6 5 7 3 4 8 9 10 11 12 13 
Beneficio: 7
d 23 22 19 7 5 6 18 19 17 16 18 6 5 4 8 9 10 11 10 
Beneficio: 1
d 23 22 19 7 3 4 5 6 18 19 17 16 12 11 12 10 11 10 9 
Beneficio: 5
d 23 22 19 17 18 6 5 6 18 19 7 3 4 8 9 10 11 10 12 11 12 13 
Beneficio: -8
d 23 22 19 17 12 11 10 9 8 4 3 7 5 4 5 6 18 
Beneficio: 2
d 23 22 19 7 3 4 5 6 18 17 19 7 5 6 18 19 17 
Beneficio: 15
d 23 22 21 20 17 18 6 5 7 3 4 5 6 18 19 7 3 4 8 9 10 11 12 13 
Beneficio: 15
d 23 22 21 20 17 16 18 17 19 18 6 5 4 5 7 3 4 8 9 10 11 10 12 13 
Beneficio: 5
d 23 22 21 20 17 19 18 17 16 18 6 5 7 3 4 5 4 8 9 
Beneficio: 18
d 23 22 21 20 17 19 18 6 5 7 3 4 5 6 18 17 16 12 11 10 12 13 
Beneficio: -4
d 23 22 21 20 17 19 18 6 5 4 5 7 3 4 8 9 10 12 13 
Beneficio: 3
d 23 22 21 20 17 18 6 5 4 3 7 19 18 6 5 4 8 9 10 11 12 10 
Beneficio: 3
d 23 22 21 20 17 16 18 6 5 7 3 4 5 6 18 19 22 2 
Beneficio: -4
d 23 22 21 20 17 19 18 6 5 4 3 7 22 2 d 2 19 
Beneficio: 7
d 23 22 2 19 18 6 5 7 19 17 16 18 17 19 22 23 d 2 d 
Beneficio: 15
d 23 22 21 20 17 18 19 17 16 18 6 5 7 3 4 8 9 10 11 10 12 11 12 13 
Beneficio: 3
d 23 22 21 20 17 16 18 17 19 7 5 4 8 9 10 11 12 13 
Beneficio: -4
d 23 22 21 20 17 19 18 6 5 7 3 4 8 9 10 12 11 10 12 
Beneficio: 0
d 23 22 21 20 17 18 16 17 19 22 7 5 4 8 9 
Beneficio: 10
d 23 22 21 20 17 19 7 3 4 5 6 18 17 16 18 19 7 5 6 
Beneficio: 11
d 23 22 7 3 4 5 7 19 18 16 17 18 6 5 4 8 9 10 12 11 
Beneficio: 7
d 23 22 19 18 6 5 7 3 4 8 9 10 12 11 12 13 
Beneficio: -2
d 23 22 2 19 17 16 18 6 5 7 3 4 5 4 8 9 10 11 10 12 11 
Beneficio: -1
d 23 22 19 18 6 5 6 18 17 12 10 9 
Beneficio: 8
d 23 22 19 17 18 6 5 7 3 4 5 4 8 9 10 12 11 10 11 
Beneficio: 4
d 23 22 19 7 3 4 5 6 18 19 2 d 2 22 21 20 17 18 6 5 7 
Beneficio: 2
d 23 22 19 18 16 17 18 6 5 4 8 9 10 11 10 12 
Beneficio: 11
d 23 22 21 20 17 19 18 17 16 18 6 5 7 3 4 5 4 8 9 10 12 11 12 13 
Beneficio: 6
d 23 22 21 20 17 18 6 5 7 22 19 18 16 17 19 2 d 2 22 
Beneficio: 6
d 23 22 2 19 18 17 16 18 6 5 7 19 17 20 21 22 23 
Beneficio: 4
d 23 22 21 20 17 19 7 3 4 5 6 18 17 16 18 19 2 22 21 
Beneficio: 4
d 23 22 7 3 4 5 6 18 19 17 18 16 17 20 21 22 2 d 
Mejor solucion encontrada!
Beneficio: 21
d 2 22 19 18 17 16 18 6 5 7 19 2 d 
Time taken: 3339.05s
