Evaluando ./Instances\CHRISTOFIDES\P20NoRPP
Solucion inicial: ./Instances\CHRISTOFIDES\P20NoRPP-salida.txt

Beneficio: 142
d 2 3 4 5 6 7 d 4 5 15 8 9 14 15 16 14 13 12 11 10 13 36 37 38 35 33 34 35 36 40 41 42 39 40 39 17 18 19 21 20 17 16 24 23 22 23 27 26 32 31 26 27 28 29 30 31 30 29 28 27 23 20 24 12 
Beneficio: 144
d 2 3 4 5 6 7 d 4 5 15 8 9 14 15 16 14 13 12 11 10 13 36 37 38 35 33 34 35 36 40 41 42 39 40 39 17 18 19 21 20 17 16 24 23 22 23 27 26 32 31 26 32 31 30 29 30 31 28 29 28 27 23 20 24 12 
Beneficio: 182
d 2 3 4 5 6 7 d 4 5 15 8 9 14 15 16 14 13 12 11 10 13 36 37 38 35 33 34 35 36 40 41 42 39 40 39 17 18 19 21 20 17 16 24 23 22 23 27 28 29 30 31 26 27 28 31 32 
Beneficio: 116
d 2 3 4 5 6 7 d 4 5 15 8 9 14 15 16 14 13 12 11 10 13 36 37 38 35 33 34 35 36 40 41 42 39 40 39 17 18 19 21 20 17 16 24 23 22 23 27 28 29 30 31 32 31 28 27 26 31 26 33 12 11 10 9 8 
Beneficio: 161
d 2 3 4 5 6 7 d 4 5 15 8 9 14 15 16 14 13 12 11 10 13 36 37 38 35 33 34 35 36 40 41 42 39 40 39 17 18 19 21 20 17 16 24 23 22 23 27 26 31 28 29 30 31 26 27 23 20 24 12 
Beneficio: 140
d 2 3 4 5 6 7 d 4 5 15 8 9 14 15 16 14 13 12 11 10 13 36 37 38 35 33 34 35 36 40 41 42 39 40 39 17 18 19 21 20 17 16 24 23 22 23 27 26 32 31 26 31 30 29 28 27 23 24 12 11 
Beneficio: 123
d 2 3 4 5 6 7 d 4 5 15 8 9 14 15 16 14 13 12 11 10 13 36 37 38 35 33 34 35 36 40 41 42 39 40 39 17 18 19 21 20 17 16 24 23 22 23 27 26 32 31 28 31 30 29 28 27 23 20 24 12 11 10 
Beneficio: 135
d 2 3 4 5 6 7 d 4 5 15 8 9 14 15 16 14 13 12 11 10 13 36 37 38 35 33 34 35 36 40 41 42 39 40 39 17 18 19 21 20 17 16 24 23 22 23 27 28 29 30 31 28 31 32 26 31 26 27 23 20 24 12 33 34 
Beneficio: 129
d 2 3 4 5 6 7 d 4 5 15 8 9 14 15 16 14 13 12 11 10 13 36 37 38 35 33 34 35 36 40 41 42 39 40 39 17 18 19 21 20 17 16 24 23 22 23 27 28 29 30 31 28 31 32 31 26 27 23 20 24 12 33 34 
Beneficio: 140
d 2 3 4 5 6 7 d 4 5 15 8 9 14 15 16 14 13 12 11 10 13 36 37 38 35 33 34 35 36 40 41 42 39 40 39 17 18 19 21 20 17 16 24 23 27 26 31 28 29 30 31 32 26 27 28 27 23 22 21 20 24 12 11 10 9 8 
Beneficio: 135
d 2 3 4 5 6 7 d 4 5 15 8 9 14 15 16 14 13 12 11 10 13 36 37 38 35 33 34 35 36 40 41 42 39 40 39 17 18 19 21 20 17 16 24 23 27 26 31 32 31 30 29 30 31 26 27 28 31 28 27 23 22 21 19 18 
Beneficio: 128
d 2 3 4 5 6 7 d 4 5 15 8 9 14 15 16 14 13 12 11 10 13 36 37 38 35 33 34 35 36 40 41 42 39 40 39 17 18 19 21 20 17 16 24 23 27 26 31 28 29 30 31 26 32 31 28 27 23 22 21 20 23 24 12 33 
Beneficio: 140
d 2 3 4 5 6 7 d 4 5 15 8 9 14 15 16 14 13 12 11 10 13 36 37 38 35 33 34 35 36 40 41 42 39 40 39 17 18 19 21 20 17 16 24 23 27 26 32 31 30 29 28 27 28 31 26 33 
Beneficio: 164
d 2 3 4 5 6 7 d 4 5 15 8 9 14 15 16 14 13 12 11 10 13 36 37 38 35 33 34 35 36 40 41 42 39 40 39 17 18 19 21 20 17 16 24 23 27 26 27 28 31 26 32 31 30 29 28 27 23 20 21 22 23 22 
Beneficio: 122
d 2 3 4 5 6 7 d 4 5 15 8 9 14 15 16 14 13 12 11 10 13 36 37 38 35 33 34 35 36 40 41 42 39 40 39 17 18 19 21 20 17 16 24 23 27 26 27 28 29 30 31 26 32 31 28 27 23 22 21 20 23 24 12 33 
Beneficio: 131
d 2 3 4 5 6 7 d 4 5 15 8 9 14 15 16 14 13 12 11 10 13 36 37 38 35 33 34 35 36 40 41 42 39 40 39 17 18 19 21 20 17 16 24 23 27 26 32 31 28 29 30 31 28 27 23 22 21 20 24 12 11 10 9 8 
Beneficio: 136
d 2 3 4 5 6 7 d 4 5 15 8 9 14 15 16 14 13 12 11 10 13 36 37 38 35 33 34 35 36 40 41 42 39 40 39 17 18 19 21 20 17 16 24 23 27 28 31 26 31 30 31 32 26 27 23 20 21 22 23 24 12 11 10 
Beneficio: 154
d 2 3 4 5 6 7 d 4 5 15 8 9 14 15 16 14 13 12 11 10 13 36 37 38 35 33 34 35 36 40 41 42 39 40 39 17 18 19 21 20 17 16 24 23 27 28 31 30 29 28 31 32 26 31 32 26 27 23 20 24 12 
Beneficio: 134
d 2 3 4 5 6 7 d 4 5 15 8 9 14 15 16 14 13 12 11 10 13 36 37 38 35 33 34 35 36 40 41 42 39 40 39 17 18 19 21 20 17 16 24 23 27 28 29 30 31 32 26 31 26 27 23 22 21 20 24 12 11 10 
Beneficio: 104
d 2 3 4 5 6 7 d 4 5 15 8 9 14 15 16 14 13 12 11 10 13 36 37 38 35 33 34 35 36 40 41 42 39 40 39 17 18 19 21 20 17 16 24 23 27 28 29 30 31 26 27 23 24 12 33 34 
Beneficio: 137
d 2 3 4 5 6 7 d 4 5 15 8 9 14 15 16 14 13 12 11 10 13 36 37 38 35 33 34 35 36 40 41 42 39 40 39 17 18 19 21 20 17 16 24 23 27 28 31 32 26 31 28 29 30 29 28 27 23 20 24 23 22 21 19 
Beneficio: 134
d 2 3 4 5 6 7 d 4 5 15 8 9 14 15 16 14 13 12 11 10 13 36 37 38 35 33 34 35 36 40 41 42 39 40 39 17 18 19 21 20 17 16 24 23 27 28 29 30 31 32 26 31 28 27 23 20 24 12 33 34 
Beneficio: 175
d 2 3 4 5 6 7 d 4 5 15 8 9 14 15 16 14 13 12 11 10 13 36 37 38 35 33 34 35 36 40 41 42 39 40 39 17 18 19 21 20 17 16 24 23 27 26 31 28 31 32 26 31 30 29 28 27 23 22 21 20 23 24 20 
Beneficio: 137
d 2 3 4 5 6 7 d 4 5 15 8 9 14 15 16 14 13 12 11 10 13 36 37 38 35 33 34 35 36 40 41 42 39 40 39 17 18 19 21 20 17 16 24 23 27 26 32 31 26 31 28 29 30 31 30 29 28 27 23 20 24 12 11 10 9 8 
Beneficio: 138
d 2 3 4 5 6 7 d 4 5 15 8 9 14 15 16 14 13 12 11 10 13 36 37 38 35 33 34 35 36 40 41 42 39 40 39 17 18 19 21 20 17 16 24 23 27 26 32 31 26 27 28 29 30 31 28 27 23 22 21 20 24 12 11 10 9 
Beneficio: 153
d 2 3 4 5 6 7 d 4 5 15 8 9 14 15 16 14 13 12 11 10 13 36 37 38 35 33 34 35 36 40 41 42 39 40 39 17 18 19 21 20 17 16 24 23 27 26 31 32 26 27 28 29 30 31 30 29 28 27 23 22 21 20 24 20 23 
Beneficio: 125
d 2 3 4 5 6 7 d 4 5 15 8 9 14 15 16 14 13 12 11 10 13 36 37 38 35 33 34 35 36 40 41 42 39 40 39 17 18 19 21 20 17 16 24 23 27 26 31 30 29 28 27 26 32 31 28 27 23 20 24 12 33 34 
Beneficio: 137
d 2 3 4 5 6 7 d 4 5 15 8 9 14 15 16 14 13 12 11 10 13 36 37 38 35 33 34 35 36 40 41 42 39 40 39 17 18 19 21 20 17 16 24 23 27 26 32 31 28 29 30 31 30 29 28 27 23 20 24 12 33 26 
Beneficio: 123
d 2 3 4 5 6 7 d 4 5 15 8 9 14 15 16 14 13 12 11 10 13 36 37 38 35 33 34 35 36 40 41 42 39 40 39 17 18 19 21 20 17 16 24 23 27 26 32 31 26 31 30 29 30 31 28 27 23 22 21 20 23 24 12 33 
Beneficio: 134
d 2 3 4 5 6 7 d 4 5 15 8 9 14 15 16 14 13 12 11 10 13 36 37 38 35 33 34 35 36 40 41 42 39 40 39 17 18 19 21 20 17 16 24 23 27 26 27 28 29 30 31 26 32 31 28 27 23 20 21 22 23 24 12 33 
Beneficio: 123
d 2 3 4 5 6 7 d 4 5 15 8 9 14 15 16 14 13 12 11 10 13 36 37 38 35 33 34 35 36 40 41 42 39 40 39 17 18 19 21 20 17 16 24 23 27 26 31 30 29 30 31 32 26 27 28 31 28 29 28 27 23 22 21 20 24 12 11 10 
Beneficio: 150
d 2 3 4 5 6 7 d 4 5 15 8 9 14 15 16 14 13 12 11 10 13 36 37 38 35 33 34 35 36 40 41 42 39 40 39 17 18 19 21 20 17 16 24 23 27 26 32 31 26 31 28 29 30 31 28 27 23 24 20 23 22 21 
Beneficio: 131
d 2 3 4 5 6 7 d 4 5 15 8 9 14 15 16 14 13 12 11 10 13 36 37 38 35 33 34 35 36 40 41 42 39 40 39 17 18 19 21 20 17 16 24 23 27 28 31 30 29 28 31 32 31 26 27 23 22 21 20 24 12 11 10 9 8 
Beneficio: 163
d 2 3 4 5 6 7 d 4 5 15 8 9 14 15 16 14 13 12 11 10 13 36 37 38 35 33 34 35 36 40 41 42 39 40 39 17 18 19 21 20 17 16 24 23 27 28 29 30 31 28 31 32 26 27 23 24 20 
Beneficio: 90
d 2 3 4 5 6 7 d 4 5 15 8 9 14 15 16 14 13 12 11 10 13 36 37 38 35 33 34 35 36 40 41 42 39 40 39 17 18 19 21 20 17 16 24 23 27 28 29 28 27 26 32 31 30 31 26 33 12 11 10 9 8 
Beneficio: 150
d 2 3 4 5 6 7 d 4 5 15 8 9 14 15 16 14 13 12 11 10 13 36 37 38 35 33 34 35 36 40 41 42 39 40 39 17 18 19 21 20 17 16 24 23 27 28 31 26 32 31 30 29 28 29 30 31 26 27 23 22 21 
Beneficio: 104
d 2 3 4 5 6 7 d 4 5 15 8 9 14 15 16 14 13 12 11 10 13 36 37 38 35 33 34 35 36 40 41 42 39 40 39 17 18 19 21 20 17 16 24 23 27 28 31 32 26 31 28 29 30 29 28 27 26 33 12 11 
Beneficio: 133
d 2 3 4 5 6 7 d 4 5 15 8 9 14 15 16 14 13 12 11 10 13 36 37 38 35 33 34 35 36 40 41 42 39 40 39 17 18 19 21 20 17 16 24 23 27 28 29 30 31 32 26 31 26 27 23 20 24 12 11 10 9 8 
Beneficio: 134
d 2 3 4 5 6 7 d 4 5 15 8 9 14 15 16 14 13 12 11 10 13 36 37 38 35 33 34 35 36 40 41 42 39 40 39 17 18 19 21 20 17 16 24 23 27 26 31 30 29 28 31 26 27 28 27 23 22 21 20 24 12 11 10 9 
Beneficio: 116
d 2 3 4 5 6 7 d 4 5 15 8 9 14 15 16 14 13 12 11 10 13 36 37 38 35 33 34 35 36 40 41 42 39 40 39 17 18 19 21 20 17 16 24 23 27 26 32 31 30 29 30 31 28 27 23 20 24 12 33 34 
Beneficio: 156
d 2 3 4 5 6 7 d 4 5 15 8 9 14 15 16 14 13 12 11 10 13 36 37 38 35 33 34 35 36 40 41 42 39 40 39 17 18 19 21 20 17 16 24 23 22 23 27 26 31 28 31 30 29 28 27 23 24 20 
Beneficio: 129
d 2 3 4 5 6 7 d 4 5 15 8 9 14 15 16 14 13 12 11 10 13 36 37 38 35 33 34 35 36 40 41 42 39 40 39 17 18 19 21 20 17 16 24 23 22 23 27 26 27 28 31 26 32 31 30 29 28 27 23 20 24 12 11 10 
Beneficio: 153
d 2 3 4 5 6 7 d 4 5 15 8 9 14 15 16 14 13 12 11 10 13 36 37 38 35 33 34 35 36 40 41 42 39 40 39 17 18 19 21 20 17 16 24 23 22 23 27 28 31 32 26 27 28 29 30 31 26 25 
Beneficio: 105
d 2 3 4 5 6 7 d 4 5 15 8 9 14 15 16 14 13 12 11 10 13 36 37 38 35 33 34 35 36 40 41 42 39 40 39 17 18 19 21 20 17 16 24 23 22 23 27 28 27 26 32 31 28 29 30 31 32 26 33 12 
Beneficio: 123
d 2 3 4 5 6 7 d 4 5 15 8 9 14 15 16 14 13 12 11 10 13 36 37 38 35 33 34 35 36 40 41 42 39 40 39 17 18 19 21 20 17 16 24 23 22 23 27 26 31 30 29 28 27 23 20 24 12 33 34 
Beneficio: 128
d 2 3 4 5 6 7 d 4 5 15 8 9 14 15 16 14 13 12 11 10 13 36 37 38 35 33 34 35 36 40 41 42 39 40 39 17 18 19 21 20 17 16 24 23 22 23 27 26 31 30 31 26 27 28 29 30 29 28 27 23 20 24 12 11 10 9 
Beneficio: 128
d 2 3 4 5 6 7 d 4 5 15 8 9 14 15 16 14 13 12 11 10 13 36 37 38 35 33 34 35 36 40 41 42 39 40 39 17 18 19 21 20 17 16 24 23 22 23 27 26 27 28 29 30 31 26 32 31 28 27 23 20 24 12 11 10 9 8 
Beneficio: 131
d 2 3 4 5 6 7 d 4 5 15 8 9 14 15 16 14 13 12 11 10 13 36 37 38 35 33 34 35 36 40 41 42 39 40 39 17 18 19 21 20 17 16 24 23 22 23 27 28 31 28 29 30 31 32 26 27 23 24 12 
Beneficio: 135
d 2 3 4 5 6 7 d 4 5 15 8 9 14 15 16 14 13 12 11 10 13 36 37 38 35 33 34 35 36 40 41 42 39 40 39 17 18 19 21 20 17 16 24 23 22 23 27 28 31 30 29 28 29 30 31 32 26 31 32 26 27 23 20 24 12 11 10 9 
Beneficio: 130
d 2 3 4 5 6 7 d 4 5 15 8 9 14 15 16 14 13 12 11 10 13 36 37 38 35 33 34 35 36 40 41 42 39 40 39 17 18 19 21 20 17 16 24 23 22 23 27 26 32 31 30 29 28 31 26 27 28 27 23 24 12 11 
Beneficio: 157
d 2 3 4 5 6 7 d 4 5 15 8 9 14 15 16 14 13 12 11 10 13 36 37 38 35 33 34 35 36 40 41 42 39 40 39 17 18 19 21 20 17 16 24 23 27 26 31 32 26 31 30 29 28 27 23 20 24 23 22 21 19 18 
Beneficio: 144
d 2 3 4 5 6 7 d 4 5 15 8 9 14 15 16 14 13 12 11 10 13 36 37 38 35 33 34 35 36 40 41 42 39 40 39 17 18 19 21 20 17 16 24 23 27 26 31 32 26 27 28 31 30 29 28 27 23 22 21 20 24 12 11 10 9 
Beneficio: 126
d 2 3 4 5 6 7 d 4 5 15 8 9 14 15 16 14 13 12 11 10 13 36 37 38 35 33 34 35 36 40 41 42 39 40 39 17 18 19 21 20 17 16 24 23 27 26 32 31 28 31 26 32 31 30 29 28 27 23 22 21 20 24 12 33 34 
Beneficio: 141
d 2 3 4 5 6 7 d 4 5 15 8 9 14 15 16 14 13 12 11 10 13 36 37 38 35 33 34 35 36 40 41 42 39 40 39 17 18 19 21 20 17 16 24 23 27 26 32 31 30 29 28 27 26 31 28 27 23 24 20 23 22 21 19 
Beneficio: 118
d 2 3 4 5 6 7 d 4 5 15 8 9 14 15 16 14 13 12 11 10 13 36 37 38 35 33 34 35 36 40 41 42 39 40 39 17 18 19 21 20 17 16 24 23 27 26 27 28 31 28 29 30 31 26 32 31 30 29 28 27 23 20 24 12 33 34 
Beneficio: 140
d 2 3 4 5 6 7 d 4 5 15 8 9 14 15 16 14 13 12 11 10 13 36 37 38 35 33 34 35 36 40 41 42 39 40 39 17 18 19 21 20 17 16 24 23 27 26 32 31 28 29 30 31 28 27 23 22 21 20 23 24 12 11 10 9 8 
Beneficio: 142
d 2 3 4 5 6 7 d 4 5 15 8 9 14 15 16 14 13 12 11 10 13 36 37 38 35 33 34 35 36 40 41 42 39 40 39 17 18 19 21 20 17 16 24 23 27 28 31 26 32 31 30 29 28 27 23 20 21 22 23 24 12 11 10 9 8 
Beneficio: 133
d 2 3 4 5 6 7 d 4 5 15 8 9 14 15 16 14 13 12 11 10 13 36 37 38 35 33 34 35 36 40 41 42 39 40 39 17 18 19 21 20 17 16 24 23 27 28 31 32 26 31 30 29 28 27 23 
Beneficio: 115
d 2 3 4 5 6 7 d 4 5 15 8 9 14 15 16 14 13 12 11 10 13 36 37 38 35 33 34 35 36 40 41 42 39 40 39 17 18 19 21 20 17 16 24 23 27 28 29 30 29 28 31 26 32 31 26 27 26 33 12 11 10 9 
Beneficio: 152
d 2 3 4 5 6 7 d 4 5 15 8 9 14 15 16 14 13 12 11 10 13 36 37 38 35 33 34 35 36 40 41 42 39 40 39 17 18 19 21 20 17 16 24 23 27 28 29 30 29 28 31 30 31 32 26 31 32 26 27 26 33 
Beneficio: 155
d 2 3 4 5 6 7 d 4 5 15 8 9 14 15 16 14 13 12 11 10 13 36 37 38 35 33 34 35 36 40 41 42 39 40 39 17 18 19 21 20 17 16 24 23 27 28 31 30 29 30 31 32 26 31 26 27 23 22 21 20 23 
Beneficio: 105
d 2 3 4 5 6 7 d 4 5 15 8 9 14 15 16 14 13 12 11 10 13 36 37 38 35 33 34 35 36 40 41 42 39 40 39 17 18 19 21 20 17 16 24 23 27 28 29 30 31 28 31 32 26 31 26 27 23 24 12 33 34 
Beneficio: 134
d 2 3 4 5 6 7 d 4 5 15 8 9 14 15 16 14 13 12 11 10 13 36 37 38 35 33 34 35 36 40 41 42 39 40 39 17 18 19 21 20 17 16 24 23 27 26 31 32 26 27 28 31 30 29 28 27 23 22 21 20 23 24 12 11 10 9 8 
Beneficio: 157
d 2 3 4 5 6 7 d 4 5 15 8 9 14 15 16 14 13 12 11 10 13 36 37 38 35 33 34 35 36 40 41 42 39 40 39 17 18 19 21 20 17 16 24 23 27 26 32 31 30 31 26 27 28 31 28 29 28 27 23 24 20 23 22 
Beneficio: 136
d 2 3 4 5 6 7 d 4 5 15 8 9 14 15 16 14 13 12 11 10 13 36 37 38 35 33 34 35 36 40 41 42 39 40 39 17 18 19 21 20 17 16 24 23 27 26 31 28 29 30 31 26 27 28 27 23 22 21 20 24 12 33 
Beneficio: 153
d 2 3 4 5 6 7 d 4 5 15 8 9 14 15 16 14 13 12 11 10 13 36 37 38 35 33 34 35 36 40 41 42 39 40 39 17 18 19 21 20 17 16 24 23 27 26 31 30 29 28 29 30 31 26 32 31 28 27 23 20 21 22 23 24 12 11 10 9 8 
Beneficio: 168
d 2 3 4 5 6 7 d 4 5 15 8 9 14 15 16 14 13 12 11 10 13 36 37 38 35 33 34 35 36 40 41 42 39 40 39 17 18 19 21 20 17 16 24 23 27 26 32 31 26 31 30 29 28 31 28 27 23 24 20 21 22 23 
Beneficio: 152
d 2 3 4 5 6 7 d 4 5 15 8 9 14 15 16 14 13 12 11 10 13 36 37 38 35 33 34 35 36 40 41 42 39 40 39 17 18 19 21 20 17 16 24 23 27 26 32 31 28 29 30 31 30 29 28 27 23 22 21 20 24 23 20 
Beneficio: 139
d 2 3 4 5 6 7 d 4 5 15 8 9 14 15 16 14 13 12 11 10 13 36 37 38 35 33 34 35 36 40 41 42 39 40 39 17 18 19 21 20 17 16 24 23 27 26 27 28 29 30 31 28 27 23 22 21 20 23 24 12 11 10 
Beneficio: 113
d 2 3 4 5 6 7 d 4 5 15 8 9 14 15 16 14 13 12 11 10 13 36 37 38 35 33 34 35 36 40 41 42 39 40 39 17 18 19 21 20 17 16 24 23 27 26 31 30 29 28 31 32 26 27 28 27 23 20 24 12 33 34 
Beneficio: 125
d 2 3 4 5 6 7 d 4 5 15 8 9 14 15 16 14 13 12 11 10 13 36 37 38 35 33 34 35 36 40 41 42 39 40 39 17 18 19 21 20 17 16 24 23 27 26 32 31 26 31 30 29 28 27 23 20 21 22 23 24 12 33 
Beneficio: 120
d 2 3 4 5 6 7 d 4 5 15 8 9 14 15 16 14 13 12 11 10 13 36 37 38 35 33 34 35 36 40 41 42 39 40 39 17 18 19 21 20 17 16 24 23 27 28 31 30 29 28 31 32 26 31 32 26 27 23 22 21 20 24 12 33 
Beneficio: 137
d 2 3 4 5 6 7 d 4 5 15 8 9 14 15 16 14 13 12 11 10 13 36 37 38 35 33 34 35 36 40 41 42 39 40 39 17 18 19 21 20 17 16 24 23 27 28 29 30 31 32 26 27 23 22 21 20 24 12 11 
Beneficio: 157
d 2 3 4 5 6 7 d 4 5 15 8 9 14 15 16 14 13 12 11 10 13 36 37 38 35 33 34 35 36 40 41 42 39 40 39 17 18 19 21 20 17 16 24 23 27 28 29 30 31 28 31 26 31 32 26 27 23 22 21 20 23 24 
Beneficio: 123
d 2 3 4 5 6 7 d 4 5 15 8 9 14 15 16 14 13 12 11 10 13 36 37 38 35 33 34 35 36 40 41 42 39 40 39 17 18 19 21 20 17 16 24 23 27 28 31 26 32 31 30 29 28 27 23 22 21 20 24 12 11 10 9 8 
Beneficio: 100
d 2 3 4 5 6 7 d 4 5 15 8 9 14 15 16 14 13 12 11 10 13 36 37 38 35 33 34 35 36 40 41 42 39 40 39 17 18 19 21 20 17 16 24 23 27 28 29 30 31 26 27 26 33 12 11 10 9 
Beneficio: 124
d 2 3 4 5 6 7 d 4 5 15 8 9 14 15 16 14 13 12 11 10 13 36 37 38 35 33 34 35 36 40 41 42 39 40 39 17 18 19 21 20 17 16 24 23 27 26 31 28 29 30 31 32 26 27 28 27 23 20 21 22 23 24 12 11 10 9 
Beneficio: 143
d 2 3 4 5 6 7 d 4 5 15 8 9 14 15 16 14 13 12 11 10 13 36 37 38 35 33 34 35 36 40 41 42 39 40 39 17 18 19 21 20 17 16 24 23 27 26 32 31 26 31 30 29 28 27 23 20 24 12 33 
Beneficio: 148
d 2 3 4 5 6 7 d 4 5 15 8 9 14 15 16 14 13 12 11 10 13 36 37 38 35 33 34 35 36 40 41 42 39 40 39 17 18 19 21 20 17 16 24 23 27 26 32 31 28 29 30 31 30 29 28 27 23 22 21 
Beneficio: 102
d 2 3 4 5 6 7 d 4 5 15 8 9 14 15 16 14 13 12 11 10 13 36 37 38 35 33 34 35 36 40 41 42 39 40 39 17 18 19 21 20 17 16 24 12 33 26 27 28 31 30 29 28 27 23 22 
Beneficio: 141
d 2 3 4 5 6 7 d 4 5 15 8 9 14 15 16 14 13 12 11 10 13 36 37 38 35 33 34 35 36 40 41 42 39 40 39 17 18 19 21 20 17 16 24 12 33 26 32 31 30 29 28 27 28 31 26 27 23 20 24 23 22 21 19 18 
Beneficio: 127
d 2 3 4 5 6 7 d 4 5 15 8 9 14 15 16 14 13 12 11 10 13 36 37 38 35 33 34 35 36 40 41 42 39 40 39 17 18 19 21 20 17 16 24 12 33 26 27 28 29 28 31 30 29 30 31 26 32 31 26 27 23 22 
Beneficio: 154
d 2 3 4 5 6 7 d 4 5 15 8 9 14 15 16 14 13 12 11 10 13 36 37 38 35 33 34 35 36 40 41 42 39 40 39 17 18 19 21 20 17 16 24 12 33 26 32 31 30 29 28 31 26 27 28 27 23 22 21 20 23 24 20 
Beneficio: 94
d 2 3 4 5 6 7 d 4 5 15 8 9 14 15 16 14 13 12 11 10 13 36 37 38 35 33 34 35 36 40 41 42 39 40 39 17 18 19 21 20 17 16 24 12 33 26 27 28 31 26 32 31 30 29 28 27 23 
Beneficio: 118
d 2 3 4 5 6 7 d 4 5 15 8 9 14 15 16 14 13 12 11 10 13 36 37 38 35 33 34 35 36 40 41 42 39 40 39 17 18 19 21 20 17 16 24 12 33 26 27 28 31 26 32 31 30 29 28 27 23 24 12 11 10 9 8 
Beneficio: 140
d 2 3 4 5 6 7 d 4 5 15 8 9 14 15 16 14 13 12 11 10 13 36 37 38 35 33 34 35 36 40 41 42 39 40 39 17 18 19 21 20 17 16 24 23 22 23 27 26 31 28 29 30 31 32 26 27 23 24 20 21 19 
Beneficio: 122
d 2 3 4 5 6 7 d 4 5 15 8 9 14 15 16 14 13 12 11 10 13 36 37 38 35 33 34 35 36 40 41 42 39 40 39 17 18 19 21 20 17 16 24 23 22 23 27 26 31 30 29 28 27 28 31 32 26 33 12 11 
Beneficio: 157
d 2 3 4 5 6 7 d 4 5 15 8 9 14 15 16 14 13 12 11 10 13 36 37 38 35 33 34 35 36 40 41 42 39 40 39 17 18 19 21 20 17 16 24 23 22 23 27 28 29 30 29 28 27 26 32 31 28 31 30 31 
Beneficio: 136
d 2 3 4 5 6 7 d 4 5 15 8 9 14 15 16 14 13 12 11 10 13 36 37 38 35 33 34 35 36 40 41 42 39 40 39 17 18 19 21 20 17 16 24 23 22 23 27 28 29 28 31 30 29 30 31 32 26 31 32 26 27 23 20 24 12 
Beneficio: 120
d 2 3 4 5 6 7 d 4 5 15 8 9 14 15 16 14 13 12 11 10 13 36 37 38 35 33 34 35 36 40 41 42 39 40 39 17 18 19 21 20 17 16 24 23 22 23 27 26 31 28 29 28 31 32 26 27 23 24 12 11 10 
Beneficio: 152
d 2 3 4 5 6 7 d 4 5 15 8 9 14 15 16 14 13 12 11 10 13 36 37 38 35 33 34 35 36 40 41 42 39 40 39 17 18 19 21 20 17 16 24 23 22 23 27 26 32 31 30 29 28 31 32 26 31 28 27 23 20 24 12 
Beneficio: 143
d 2 3 4 5 6 7 d 4 5 15 8 9 14 15 16 14 13 12 11 10 13 36 37 38 35 33 34 35 36 40 41 42 39 40 39 17 18 19 21 20 17 16 24 23 22 23 27 28 31 32 26 31 26 27 23 20 21 
Beneficio: 123
d 2 3 4 5 6 7 d 4 5 15 8 9 14 15 16 14 13 12 11 10 13 36 37 38 35 33 34 35 36 40 41 42 39 40 39 17 18 19 21 20 17 16 24 23 22 23 27 28 31 32 26 27 28 31 30 29 28 29 30 31 26 33 12 
Beneficio: 128
d 2 3 4 5 6 7 d 4 5 15 8 9 14 15 16 14 13 12 11 10 13 36 37 38 35 33 34 35 36 40 41 42 39 40 39 17 18 19 21 20 17 16 24 23 22 23 27 26 31 30 29 28 31 26 33 34 
Beneficio: 137
d 2 3 4 5 6 7 d 4 5 15 8 9 14 15 16 14 13 12 11 10 13 36 37 38 35 33 34 35 36 40 41 42 39 40 39 17 18 19 21 20 17 16 24 23 27 26 31 32 26 27 28 31 30 29 28 27 23 24 20 23 22 21 19 18 
Beneficio: 128
d 2 3 4 5 6 7 d 4 5 15 8 9 14 15 16 14 13 12 11 10 13 36 37 38 35 33 34 35 36 40 41 42 39 40 39 17 18 19 21 20 17 16 24 23 27 26 31 30 29 28 29 30 31 26 32 31 28 27 23 22 21 20 23 24 12 33 34 
Beneficio: 111
d 2 3 4 5 6 7 d 4 5 15 8 9 14 15 16 14 13 12 11 10 13 36 37 38 35 33 34 35 36 40 41 42 39 40 39 17 18 19 21 20 17 16 24 23 27 26 32 31 28 29 30 31 32 26 27 28 27 23 24 12 33 34 
Beneficio: 121
d 2 3 4 5 6 7 d 4 5 15 8 9 14 15 16 14 13 12 11 10 13 36 37 38 35 33 34 35 36 40 41 42 39 40 39 17 18 19 21 20 17 16 24 23 27 26 32 31 30 29 28 31 32 26 31 28 27 23 22 21 20 24 12 33 34 
Beneficio: 126
d 2 3 4 5 6 7 d 4 5 15 8 9 14 15 16 14 13 12 11 10 13 36 37 38 35 33 34 35 36 40 41 42 39 40 39 17 18 19 21 20 17 16 24 23 27 26 27 28 29 30 31 26 31 32 31 28 27 23 20 21 22 23 24 12 33 34 
Beneficio: 115
d 2 3 4 5 6 7 d 4 5 15 8 9 14 15 16 14 13 12 11 10 13 36 37 38 35 33 34 35 36 40 41 42 39 40 39 17 18 19 21 20 17 16 24 23 27 26 32 31 28 29 30 31 32 26 31 28 27 23 20 24 12 33 
Beneficio: 150
d 2 3 4 5 6 7 d 4 5 15 8 9 14 15 16 14 13 12 11 10 13 36 37 38 35 33 34 35 36 40 41 42 39 40 39 17 18 19 21 20 17 16 24 23 27 28 31 32 31 30 29 28 29 30 31 26 27 23 22 21 20 23 24 12 11 10 
Beneficio: 130
d 2 3 4 5 6 7 d 4 5 15 8 9 14 15 16 14 13 12 11 10 13 36 37 38 35 33 34 35 36 40 41 42 39 40 39 17 18 19 21 20 17 16 24 23 27 28 31 28 29 30 31 26 32 31 30 29 28 27 23 20 21 22 23 24 12 11 10 9 
Beneficio: 155
d 2 3 4 5 6 7 d 4 5 15 8 9 14 15 16 14 13 12 11 10 13 36 37 38 35 33 34 35 36 40 41 42 39 40 39 17 18 19 21 20 17 16 24 23 27 28 29 28 31 30 31 32 26 31 26 27 23 20 21 22 23 24 
Beneficio: 153
d 2 3 4 5 6 7 d 4 5 15 8 9 14 15 16 14 13 12 11 10 13 36 37 38 35 33 34 35 36 40 41 42 39 40 39 17 18 19 21 20 17 16 24 23 27 28 31 32 26 31 30 29 28 27 23 20 21 22 23 20 24 
Beneficio: 133
d 2 3 4 5 6 7 d 4 5 15 8 9 14 15 16 14 13 12 11 10 13 36 37 38 35 33 34 35 36 40 41 42 39 40 39 17 18 19 21 20 17 16 24 23 27 28 29 30 31 28 31 26 32 31 26 27 26 33 12 11 
Beneficio: 152
d 2 3 4 5 6 7 d 4 5 15 8 9 14 15 16 14 13 12 11 10 13 36 37 38 35 33 34 35 36 40 41 42 39 40 39 17 18 19 21 20 17 16 24 23 27 26 31 28 29 28 27 23 
Beneficio: 131
d 2 3 4 5 6 7 d 4 5 15 8 9 14 15 16 14 13 12 11 10 13 36 37 38 35 33 34 35 36 40 41 42 39 40 39 17 18 19 21 20 17 16 24 23 27 26 32 31 26 31 28 29 30 29 28 27 23 22 21 20 23 24 12 11 10 9 8 
Beneficio: 128
d 2 3 4 5 6 7 d 4 5 15 8 9 14 15 16 14 13 12 11 10 13 36 37 38 35 33 34 35 36 40 41 42 39 40 39 17 18 19 21 20 17 16 24 23 27 26 32 31 28 31 26 32 31 30 29 28 27 23 22 21 20 23 24 12 33 
Beneficio: 152
d 2 3 4 5 6 7 d 4 5 15 8 9 14 15 16 14 13 12 11 10 13 36 37 38 35 33 34 35 36 40 41 42 39 40 39 17 18 19 21 20 17 16 24 23 27 26 31 32 31 30 29 28 31 26 27 23 20 21 22 23 24 12 11 
Beneficio: 145
d 2 3 4 5 6 7 d 4 5 15 8 9 14 15 16 14 13 12 11 10 13 36 37 38 35 33 34 35 36 40 41 42 39 40 39 17 18 19 21 20 17 16 24 23 27 26 31 26 27 28 29 30 31 28 27 23 22 21 20 24 12 
Beneficio: 148
d 2 3 4 5 6 7 d 4 5 15 8 9 14 15 16 14 13 12 11 10 13 36 37 38 35 33 34 35 36 40 41 42 39 40 39 17 18 19 21 20 17 16 24 23 27 26 32 31 30 29 30 31 32 26 31 28 27 23 22 21 20 23 24 12 11 10 9 
Beneficio: 149
d 2 3 4 5 6 7 d 4 5 15 8 9 14 15 16 14 13 12 11 10 13 36 37 38 35 33 34 35 36 40 41 42 39 40 39 17 18 19 21 20 17 16 24 23 27 26 27 28 31 32 26 31 30 29 28 27 23 20 24 12 11 
Beneficio: 116
d 2 3 4 5 6 7 d 4 5 15 8 9 14 15 16 14 13 12 11 10 13 36 37 38 35 33 34 35 36 40 41 42 39 40 39 17 18 19 21 20 17 16 24 23 27 26 31 32 26 31 28 29 30 31 30 29 28 27 23 24 12 11 10 9 
Beneficio: 121
d 2 3 4 5 6 7 d 4 5 15 8 9 14 15 16 14 13 12 11 10 13 36 37 38 35 33 34 35 36 40 41 42 39 40 39 17 18 19 21 20 17 16 24 23 27 26 32 31 30 29 30 31 26 27 28 27 23 20 21 22 23 24 12 11 10 
Beneficio: 147
d 2 3 4 5 6 7 d 4 5 15 8 9 14 15 16 14 13 12 11 10 13 36 37 38 35 33 34 35 36 40 41 42 39 40 39 17 18 19 21 20 17 16 24 23 27 28 31 30 29 28 27 26 31 32 26 33 12 24 23 22 21 20 24 
Beneficio: 149
d 2 3 4 5 6 7 d 4 5 15 8 9 14 15 16 14 13 12 11 10 13 36 37 38 35 33 34 35 36 40 41 42 39 40 39 17 18 19 21 20 17 16 24 23 27 28 29 30 31 32 26 31 28 27 26 33 12 24 23 22 21 
Beneficio: 165
d 2 3 4 5 6 7 d 4 5 15 8 9 14 15 16 14 13 12 11 10 13 36 37 38 35 33 34 35 36 40 41 42 39 40 39 17 18 19 21 20 17 16 24 23 27 28 29 30 31 26 31 32 26 27 23 22 21 20 23 24 
Beneficio: 126
d 2 3 4 5 6 7 d 4 5 15 8 9 14 15 16 14 13 12 11 10 13 36 37 38 35 33 34 35 36 40 41 42 39 40 39 17 18 19 21 20 17 16 24 23 27 28 31 26 32 31 30 29 28 27 23 22 21 20 23 24 12 33 
Beneficio: 131
d 2 3 4 5 6 7 d 4 5 15 8 9 14 15 16 14 13 12 11 10 13 36 37 38 35 33 34 35 36 40 41 42 39 40 39 17 18 19 21 20 17 16 24 23 27 28 29 30 29 28 31 32 26 27 23 22 21 20 23 24 12 11 10 9 
Beneficio: 119
d 2 3 4 5 6 7 d 4 5 15 8 9 14 15 16 14 13 12 11 10 13 36 37 38 35 33 34 35 36 40 41 42 39 40 39 17 18 19 21 20 17 16 24 23 27 26 31 32 26 31 30 29 28 27 23 22 21 20 23 24 12 33 34 
Beneficio: 122
d 2 3 4 5 6 7 d 4 5 15 8 9 14 15 16 14 13 12 11 10 13 36 37 38 35 33 34 35 36 40 41 42 39 40 39 17 18 19 21 20 17 16 24 23 27 26 32 31 28 31 30 29 30 31 26 27 28 27 23 20 21 22 23 24 12 33 34 
Beneficio: 142
d 2 3 4 5 6 7 d 4 5 15 8 9 14 15 16 14 13 12 11 10 13 36 37 38 35 33 34 35 36 40 41 42 39 40 39 17 18 19 21 20 17 16 24 23 22 23 27 26 31 32 26 31 30 29 30 31 28 29 28 27 23 24 12 11 10 9 8 
Beneficio: 124
d 2 3 4 5 6 7 d 4 5 15 8 9 14 15 16 14 13 12 11 10 13 36 37 38 35 33 34 35 36 40 41 42 39 40 39 17 18 19 21 20 17 16 24 23 22 23 27 26 27 28 29 30 31 32 26 31 28 27 23 20 24 12 11 10 
Beneficio: 133
d 2 3 4 5 6 7 d 4 5 15 8 9 14 15 16 14 13 12 11 10 13 36 37 38 35 33 34 35 36 40 41 42 39 40 39 17 18 19 21 20 17 16 24 23 22 23 27 28 31 28 29 30 31 26 27 23 20 24 12 33 
Beneficio: 159
d 2 3 4 5 6 7 d 4 5 15 8 9 14 15 16 14 13 12 11 10 13 36 37 38 35 33 34 35 36 40 41 42 39 40 39 17 18 19 21 20 17 16 24 23 22 23 27 28 31 28 29 30 31 26 27 23 20 
Beneficio: 112
d 2 3 4 5 6 7 d 4 5 15 8 9 14 15 16 14 13 12 11 10 13 36 37 38 35 33 34 35 36 40 41 42 39 40 39 17 18 19 21 20 17 16 24 23 22 23 27 26 32 31 28 29 30 31 32 26 31 26 33 12 11 
Beneficio: 133
d 2 3 4 5 6 7 d 4 5 15 8 9 14 15 16 14 13 12 11 10 13 36 37 38 35 33 34 35 36 40 41 42 39 40 39 17 18 19 21 20 17 16 24 23 22 23 27 26 32 31 26 31 30 31 28 29 30 29 28 27 23 20 24 12 11 
Beneficio: 147
d 2 3 4 5 6 7 d 4 5 15 8 9 14 15 16 14 13 12 11 10 13 36 37 38 35 33 34 35 36 40 41 42 39 40 39 17 18 19 21 20 17 16 24 23 22 23 27 28 31 32 26 31 30 29 28 27 23 20 24 12 11 
Beneficio: 112
d 2 3 4 5 6 7 d 4 5 15 8 9 14 15 16 14 13 12 11 10 13 36 37 38 35 33 34 35 36 40 41 42 39 40 39 17 18 19 21 20 17 16 24 23 22 23 27 28 31 30 29 28 31 26 27 23 24 12 33 34 
Beneficio: 150
d 2 3 4 5 6 7 d 4 5 15 8 9 14 15 16 14 13 12 11 10 13 36 37 38 35 33 34 35 36 40 41 42 39 40 39 17 18 19 21 20 17 16 24 23 22 23 27 26 32 31 28 29 30 31 28 27 23 20 
Beneficio: 126
d 2 3 4 5 6 7 d 4 5 15 8 9 14 15 16 14 13 12 11 10 13 36 37 38 35 33 34 35 36 40 41 42 39 40 39 17 18 19 21 20 17 16 24 23 27 26 31 32 26 31 30 29 28 27 23 20 21 22 23 24 12 33 
Beneficio: 141
d 2 3 4 5 6 7 d 4 5 15 8 9 14 15 16 14 13 12 11 10 13 36 37 38 35 33 34 35 36 40 41 42 39 40 39 17 18 19 21 20 17 16 24 23 27 26 31 26 32 31 30 29 28 27 23 20 21 22 23 20 24 12 11 10 9 
Beneficio: 145
d 2 3 4 5 6 7 d 4 5 15 8 9 14 15 16 14 13 12 11 10 13 36 37 38 35 33 34 35 36 40 41 42 39 40 39 17 18 19 21 20 17 16 24 23 27 26 32 31 30 29 28 31 32 26 31 26 27 23 22 
Beneficio: 121
d 2 3 4 5 6 7 d 4 5 15 8 9 14 15 16 14 13 12 11 10 13 36 37 38 35 33 34 35 36 40 41 42 39 40 39 17 18 19 21 20 17 16 24 23 27 26 27 28 31 30 29 28 31 26 32 31 30 29 28 27 23 24 12 11 10 9 8 
Beneficio: 125
d 2 3 4 5 6 7 d 4 5 15 8 9 14 15 16 14 13 12 11 10 13 36 37 38 35 33 34 35 36 40 41 42 39 40 39 17 18 19 21 20 17 16 24 23 27 26 31 32 31 30 31 28 29 30 29 28 27 23 20 21 22 23 20 24 12 33 34 
Beneficio: 125
d 2 3 4 5 6 7 d 4 5 15 8 9 14 15 16 14 13 12 11 10 13 36 37 38 35 33 34 35 36 40 41 42 39 40 39 17 18 19 21 20 17 16 24 23 27 26 32 31 28 31 26 32 31 30 29 28 27 23 20 21 22 23 20 24 12 33 
Beneficio: 142
d 2 3 4 5 6 7 d 4 5 15 8 9 14 15 16 14 13 12 11 10 13 36 37 38 35 33 34 35 36 40 41 42 39 40 39 17 18 19 21 20 17 16 24 23 27 28 31 30 29 28 29 30 31 26 32 31 26 27 23 22 21 20 24 12 11 10 9 
Beneficio: 128
d 2 3 4 5 6 7 d 4 5 15 8 9 14 15 16 14 13 12 11 10 13 36 37 38 35 33 34 35 36 40 41 42 39 40 39 17 18 19 21 20 17 16 24 23 27 28 29 30 29 28 31 26 31 32 26 27 23 22 21 20 24 12 33 34 
Beneficio: 130
d 2 3 4 5 6 7 d 4 5 15 8 9 14 15 16 14 13 12 11 10 13 36 37 38 35 33 34 35 36 40 41 42 39 40 39 17 18 19 21 20 17 16 24 23 27 28 29 30 29 28 31 32 31 30 31 26 33 12 
Beneficio: 120
d 2 3 4 5 6 7 d 4 5 15 8 9 14 15 16 14 13 12 11 10 13 36 37 38 35 33 34 35 36 40 41 42 39 40 39 17 18 19 21 20 17 16 24 23 27 28 31 30 29 30 31 26 32 31 26 33 12 11 
Beneficio: 125
d 2 3 4 5 6 7 d 4 5 15 8 9 14 15 16 14 13 12 11 10 13 36 37 38 35 33 34 35 36 40 41 42 39 40 39 17 18 19 21 20 17 16 24 23 27 28 31 32 31 30 29 28 27 26 
Beneficio: 114
d 2 3 4 5 6 7 d 4 5 15 8 9 14 15 16 14 13 12 11 10 13 36 37 38 35 33 34 35 36 40 41 42 39 40 39 17 18 19 21 20 17 16 24 23 27 26 32 31 26 27 28 29 30 31 28 27 23 22 21 20 24 12 33 
Beneficio: 133
d 2 3 4 5 6 7 d 4 5 15 8 9 14 15 16 14 13 12 11 10 13 36 37 38 35 33 34 35 36 40 41 42 39 40 39 17 18 19 21 20 17 16 24 23 27 26 32 31 30 29 28 31 26 27 28 27 23 20 24 12 33 
Beneficio: 142
d 2 3 4 5 6 7 d 4 5 15 8 9 14 15 16 14 13 12 11 10 13 36 37 38 35 33 34 35 36 40 41 42 39 40 39 17 18 19 21 20 17 16 24 23 27 26 31 32 31 30 29 28 31 28 27 23 22 21 20 24 12 11 10 9 8 
Beneficio: 158
d 2 3 4 5 6 7 d 4 5 15 8 9 14 15 16 14 13 12 11 10 13 36 37 38 35 33 34 35 36 40 41 42 39 40 39 17 18 19 21 20 17 16 24 23 27 26 32 31 26 27 28 31 30 29 28 27 23 24 20 23 22 21 19 
Beneficio: 130
d 2 3 4 5 6 7 d 4 5 15 8 9 14 15 16 14 13 12 11 10 13 36 37 38 35 33 34 35 36 40 41 42 39 40 39 17 18 19 21 20 17 16 24 23 27 26 32 31 30 29 28 31 28 27 23 20 24 12 33 34 
Beneficio: 131
d 2 3 4 5 6 7 d 4 5 15 8 9 14 15 16 14 13 12 11 10 13 36 37 38 35 33 34 35 36 40 41 42 39 40 39 17 18 19 21 20 17 16 24 23 27 26 27 28 29 30 31 26 32 31 28 27 23 22 21 20 24 12 11 10 9 8 
Beneficio: 119
d 2 3 4 5 6 7 d 4 5 15 8 9 14 15 16 14 13 12 11 10 13 36 37 38 35 33 34 35 36 40 41 42 39 40 39 17 18 19 21 20 17 16 24 23 27 26 32 31 26 31 28 29 30 29 28 27 23 22 21 20 23 24 12 33 
Beneficio: 113
d 2 3 4 5 6 7 d 4 5 15 8 9 14 15 16 14 13 12 11 10 13 36 37 38 35 33 34 35 36 40 41 42 39 40 39 17 18 19 21 20 17 16 24 23 27 28 31 26 31 30 29 30 31 32 26 27 23 22 21 20 24 12 33 34 
Beneficio: 127
d 2 3 4 5 6 7 d 4 5 15 8 9 14 15 16 14 13 12 11 10 13 36 37 38 35 33 34 35 36 40 41 42 39 40 39 17 18 19 21 20 17 16 24 23 27 28 31 26 27 28 29 30 31 32 26 33 12 24 23 22 21 19 18 
Beneficio: 132
d 2 3 4 5 6 7 d 4 5 15 8 9 14 15 16 14 13 12 11 10 13 36 37 38 35 33 34 35 36 40 41 42 39 40 39 17 18 19 21 20 17 16 24 23 27 28 29 28 31 32 31 30 31 26 27 23 20 24 12 33 34 
Beneficio: 133
d 2 3 4 5 6 7 d 4 5 15 8 9 14 15 16 14 13 12 11 10 13 36 37 38 35 33 34 35 36 40 41 42 39 40 39 17 18 19 21 20 17 16 24 23 27 28 27 26 32 31 28 29 30 31 32 26 33 34 
Beneficio: 127
d 2 3 4 5 6 7 d 4 5 15 8 9 14 15 16 14 13 12 11 10 13 36 37 38 35 33 34 35 36 40 41 42 39 40 39 17 18 19 21 20 17 16 24 23 27 28 29 30 31 28 31 32 26 27 23 22 21 20 24 12 33 34 
Beneficio: 120
d 2 3 4 5 6 7 d 4 5 15 8 9 14 15 16 14 13 12 11 10 13 36 37 38 35 33 34 35 36 40 41 42 39 40 39 17 18 19 21 20 17 16 24 23 27 26 31 28 31 32 31 30 29 28 27 23 20 21 22 23 20 24 12 33 26 25 
Beneficio: 135
d 2 3 4 5 6 7 d 4 5 15 8 9 14 15 16 14 13 12 11 10 13 36 37 38 35 33 34 35 36 40 41 42 39 40 39 17 18 19 21 20 17 16 24 23 27 26 32 31 28 29 30 31 26 27 28 27 23 20 21 22 23 24 12 11 10 9 
Beneficio: 145
d 2 3 4 5 6 7 d 4 5 15 8 9 14 15 16 14 13 12 11 10 13 36 37 38 35 33 34 35 36 40 41 42 39 40 39 17 18 19 21 20 17 16 24 12 33 26 31 30 29 28 31 32 26 27 23 22 23 24 20 21 
Beneficio: 99
d 2 3 4 5 6 7 d 4 5 15 8 9 14 15 16 14 13 12 11 10 13 36 37 38 35 33 34 35 36 40 41 42 39 40 39 17 18 19 21 20 17 16 24 12 33 26 27 28 29 30 31 26 31 32 31 28 27 23 22 
Beneficio: 108
d 2 3 4 5 6 7 d 4 5 15 8 9 14 15 16 14 13 12 11 10 13 36 37 38 35 33 34 35 36 40 41 42 39 40 39 17 18 19 21 20 17 16 24 12 33 26 32 31 28 29 30 31 32 26 27 26 31 26 33 34 
Beneficio: 118
d 2 3 4 5 6 7 d 4 5 15 8 9 14 15 16 14 13 12 11 10 13 36 37 38 35 33 34 35 36 40 41 42 39 40 39 17 18 19 21 20 17 16 24 12 33 26 27 28 29 30 31 26 32 31 28 27 23 
Beneficio: 103
d 2 3 4 5 6 7 d 4 5 15 8 9 14 15 16 14 13 12 11 10 13 36 37 38 35 33 34 35 36 40 41 42 39 40 39 17 18 19 21 20 17 16 24 12 33 26 27 28 29 30 29 28 31 26 32 31 26 33 34 
Beneficio: 151
d 2 3 4 5 6 7 d 4 5 15 8 9 14 15 16 14 13 12 11 10 13 36 37 38 35 33 34 35 36 40 41 42 39 40 39 17 18 19 21 20 17 16 33 26 31 28 27 26 32 31 30 29 28 27 23 20 24 20 21 22 
Beneficio: 135
d 2 3 4 5 6 7 d 4 5 15 8 9 14 15 16 14 13 12 11 10 13 36 37 38 35 33 34 35 36 40 41 42 39 40 39 17 18 19 21 20 17 16 33 26 31 28 29 30 31 28 27 26 27 23 24 20 21 22 23 24 12 11 10 9 8 
Beneficio: 166
d 2 3 4 5 6 7 d 4 5 15 8 9 14 15 16 14 13 12 11 10 13 36 37 38 35 33 34 35 36 40 41 42 39 40 39 17 18 19 21 20 17 16 33 26 31 28 31 26 27 26 32 31 30 29 28 27 23 24 20 23 22 
Beneficio: 131
d 2 3 4 5 6 7 d 4 5 15 8 9 14 15 16 14 13 12 11 10 13 36 37 38 35 33 34 35 36 40 41 42 39 40 39 17 18 19 21 20 17 16 33 26 31 32 26 31 30 31 28 29 28 27 23 22 21 20 23 24 20 24 12 11 10 9 
Beneficio: 139
d 2 3 4 5 6 7 d 4 5 15 8 9 14 15 16 14 13 12 11 10 13 36 37 38 35 33 34 35 36 40 41 42 39 40 39 17 18 19 21 20 17 16 33 26 31 32 31 30 29 28 31 26 27 28 27 23 22 23 24 20 23 24 12 11 
Beneficio: 134
d 2 3 4 5 6 7 d 4 5 15 8 9 14 15 16 14 13 12 11 10 13 36 37 38 35 33 34 35 36 40 41 42 39 40 39 17 18 19 21 20 17 16 33 26 31 32 26 27 28 29 30 31 28 27 23 24 20 24 12 11 
Beneficio: 142
d 2 3 4 5 6 7 d 4 5 15 8 9 14 15 16 14 13 12 11 10 13 36 37 38 35 33 34 35 36 40 41 42 39 40 39 17 18 19 21 20 17 16 33 26 31 30 29 30 31 32 26 27 28 31 28 29 28 27 23 24 20 23 24 12 11 10 9 8 
Beneficio: 130
d 2 3 4 5 6 7 d 4 5 15 8 9 14 15 16 14 13 12 11 10 13 36 37 38 35 33 34 35 36 40 41 42 39 40 39 17 18 19 21 20 17 16 33 26 31 30 29 28 31 32 26 27 28 27 23 20 24 20 21 22 23 24 12 11 10 9 
Beneficio: 138
d 2 3 4 5 6 7 d 4 5 15 8 9 14 15 16 14 13 12 11 10 13 36 37 38 35 33 34 35 36 40 41 42 39 40 39 17 18 19 21 20 17 16 33 26 31 30 29 30 31 32 26 27 23 22 21 20 24 12 11 10 
Beneficio: 137
d 2 3 4 5 6 7 d 4 5 15 8 9 14 15 16 14 13 12 11 10 13 36 37 38 35 33 34 35 36 40 41 42 39 40 39 17 18 19 21 20 17 16 33 26 31 26 27 26 32 31 28 29 28 27 23 20 21 22 23 20 24 12 11 10 9 8 
Beneficio: 117
d 2 3 4 5 6 7 d 4 5 15 8 9 14 15 16 14 13 12 11 10 13 36 37 38 35 33 34 35 36 40 41 42 39 40 39 17 18 19 21 20 17 16 33 26 31 28 29 30 31 26 32 31 28 27 26 33 12 
Beneficio: 148
d 2 3 4 5 6 7 d 4 5 15 8 9 14 15 16 14 13 12 11 10 13 36 37 38 35 33 34 35 36 40 41 42 39 40 39 17 18 19 21 20 17 16 33 26 27 28 31 30 31 32 26 27 23 22 23 24 20 21 
Beneficio: 159
d 2 3 4 5 6 7 d 4 5 15 8 9 14 15 16 14 13 12 11 10 13 36 37 38 35 33 34 35 36 40 41 42 39 40 39 17 18 19 21 20 17 16 33 26 27 28 29 30 31 32 26 31 28 27 23 20 21 22 
Beneficio: 137
d 2 3 4 5 6 7 d 4 5 15 8 9 14 15 16 14 13 12 11 10 13 36 37 38 35 33 34 35 36 40 41 42 39 40 39 17 18 19 21 20 17 16 33 26 27 28 31 26 32 31 30 29 28 27 23 20 24 23 22 21 19 
Beneficio: 145
d 2 3 4 5 6 7 d 4 5 15 8 9 14 15 16 14 13 12 11 10 13 36 37 38 35 33 34 35 36 40 41 42 39 40 39 17 18 19 21 20 17 16 33 26 27 28 29 30 31 32 26 31 28 27 23 22 21 20 24 20 23 24 12 11 
Beneficio: 121
d 2 3 4 5 6 7 d 4 5 15 8 9 14 15 16 14 13 12 11 10 13 36 37 38 35 33 34 35 36 40 41 42 39 40 39 17 18 19 21 20 17 16 33 26 27 26 31 32 26 31 30 31 28 29 30 29 28 27 23 24 12 11 10 9 8 
Beneficio: 120
d 2 3 4 5 6 7 d 4 5 15 8 9 14 15 16 14 13 12 11 10 13 36 37 38 35 33 34 35 36 40 41 42 39 40 39 17 18 19 21 20 17 16 33 26 27 26 32 31 26 32 31 30 29 30 31 28 29 28 27 23 24 20 21 22 23 24 12 11 10 9 
Beneficio: 123
d 2 3 4 5 6 7 d 4 5 15 8 9 14 15 16 14 13 12 11 10 13 36 37 38 35 33 34 35 36 40 41 42 39 40 39 17 18 19 21 20 17 16 33 26 27 26 32 31 26 32 31 30 29 28 31 28 27 23 24 20 21 22 23 20 24 12 11 10 9 8 
Beneficio: 158
d 2 3 4 5 6 7 d 4 5 15 8 9 14 15 16 14 13 12 11 10 13 36 37 38 35 33 34 35 36 40 41 42 39 40 39 17 18 19 21 20 17 16 33 26 32 31 26 32 31 28 29 30 31 28 27 23 24 20 21 22 23 27 28 29 
Beneficio: 143
d 2 3 4 5 6 7 d 4 5 15 8 9 14 15 16 14 13 12 11 10 13 36 37 38 35 33 34 35 36 40 41 42 39 40 39 17 18 19 21 20 17 16 33 26 32 31 28 29 30 31 26 27 23 22 23 24 20 21 19 18 
Beneficio: 137
d 2 3 4 5 6 7 d 4 5 15 8 9 14 15 16 14 13 12 11 10 13 36 37 38 35 33 34 35 36 40 41 42 39 40 39 17 18 19 21 20 17 16 33 26 32 31 28 31 30 29 30 31 26 27 28 27 23 22 23 24 20 21 19 
Beneficio: 128
d 2 3 4 5 6 7 d 4 5 15 8 9 14 15 16 14 13 12 11 10 13 36 37 38 35 33 34 35 36 40 41 42 39 40 39 17 18 19 21 20 17 16 33 26 32 31 30 29 30 31 26 27 28 29 28 27 23 22 21 20 24 20 23 24 12 11 10 9 8 
Beneficio: 149
d 2 3 4 5 6 7 d 4 5 15 8 9 14 15 16 14 13 12 11 10 13 36 37 38 35 33 34 35 36 40 41 42 39 40 39 17 18 19 21 20 17 16 33 26 32 31 30 29 28 31 32 26 31 26 27 23 24 20 24 23 22 21 19 
Beneficio: 124
d 2 3 4 5 6 7 d 4 5 15 8 9 14 15 16 14 13 12 11 10 13 36 37 38 35 33 34 35 36 40 41 42 39 40 39 17 18 19 21 20 17 16 33 26 32 31 26 27 28 29 30 31 28 27 23 24 12 
Beneficio: 154
d 2 3 4 5 6 7 d 4 5 15 8 9 14 15 16 14 13 12 11 10 13 36 37 38 35 33 34 35 36 40 41 42 39 40 39 17 18 19 21 20 17 16 33 26 32 31 30 29 28 27 28 31 26 27 23 24 20 21 22 23 24 12 11 10 9 8 
Beneficio: 129
d 2 3 4 5 6 7 d 4 5 15 8 9 14 15 16 14 13 12 11 10 13 36 37 38 35 33 34 35 36 40 41 42 39 40 39 17 18 19 21 20 17 16 33 26 27 28 31 30 29 30 31 32 26 31 28 29 28 27 23 22 21 20 24 20 23 24 12 11 10 9 
Beneficio: 127
d 2 3 4 5 6 7 d 4 5 15 8 9 14 15 16 14 13 12 11 10 13 36 37 38 35 33 34 35 36 40 41 42 39 40 39 17 18 19 21 20 17 16 33 26 27 28 31 26 32 31 30 29 28 27 23 22 23 24 20 23 24 12 11 10 9 8 
Beneficio: 107
d 2 3 4 5 6 7 d 4 5 15 8 9 14 15 16 14 13 12 11 10 13 36 37 38 35 33 34 35 36 40 41 42 39 40 39 17 18 19 21 20 17 16 33 26 31 28 27 26 32 31 28 29 30 29 28 27 23 22 23 24 12 11 10 9 
Beneficio: 98
d 2 3 4 5 6 7 d 4 5 15 8 9 14 15 16 14 13 12 11 10 13 36 37 38 35 33 34 35 36 40 41 42 39 40 39 17 18 19 21 20 17 16 33 26 31 30 29 30 31 28 27 26 32 31 28 29 28 27 23 24 12 11 10 9 8 
Beneficio: 131
d 2 3 4 5 6 7 d 4 5 15 8 9 14 15 16 14 13 12 11 10 13 36 37 38 35 33 34 35 36 40 41 42 39 40 39 17 18 19 21 20 17 16 33 26 32 31 28 27 26 32 31 30 29 28 27 23 22 21 20 23 24 12 11 10 
Beneficio: 113
d 2 3 4 5 6 7 d 4 5 15 8 9 14 15 16 14 13 12 11 10 13 36 37 38 35 33 34 35 36 40 41 42 39 40 39 17 18 19 21 20 17 16 33 26 32 31 28 31 30 29 28 29 30 31 26 27 23 24 12 11 10 9 
Beneficio: 132
d 2 3 4 5 6 7 d 4 5 15 8 9 14 15 16 14 13 12 11 10 13 36 37 38 35 33 34 35 36 40 41 42 39 40 39 17 18 19 21 20 17 16 33 26 32 31 30 29 28 31 26 27 23 20 24 23 22 21 19 18 
Beneficio: 109
d 2 3 4 5 6 7 d 4 5 15 8 9 14 15 16 14 13 12 11 10 13 36 37 38 35 33 34 35 36 40 41 42 39 40 39 17 18 19 21 20 17 16 33 26 32 31 30 29 28 27 23 24 12 11 10 9 8 
Beneficio: 157
d 2 3 4 5 6 7 d 4 5 15 8 9 14 15 16 14 13 12 11 10 13 36 37 38 35 33 34 35 36 40 41 42 39 40 39 17 18 19 21 20 17 16 33 26 31 28 27 26 32 31 30 29 28 27 23 22 23 24 20 21 
Beneficio: 148
d 2 3 4 5 6 7 d 4 5 15 8 9 14 15 16 14 13 12 11 10 13 36 37 38 35 33 34 35 36 40 41 42 39 40 39 17 18 19 21 20 17 16 33 26 31 28 29 30 31 26 32 31 28 27 26 27 23 24 20 21 22 23 24 12 
Beneficio: 130
d 2 3 4 5 6 7 d 4 5 15 8 9 14 15 16 14 13 12 11 10 13 36 37 38 35 33 34 35 36 40 41 42 39 40 39 17 18 19 21 20 17 16 33 26 31 28 31 26 32 31 30 29 28 27 23 22 21 20 24 23 27 26 33 12 
Beneficio: 144
d 2 3 4 5 6 7 d 4 5 15 8 9 14 15 16 14 13 12 11 10 13 36 37 38 35 33 34 35 36 40 41 42 39 40 39 17 18 19 21 20 17 16 33 26 31 32 26 31 30 29 28 27 26 32 31 28 27 23 22 21 20 23 24 20 24 12 11 10 9 
Beneficio: 152
d 2 3 4 5 6 7 d 4 5 15 8 9 14 15 16 14 13 12 11 10 13 36 37 38 35 33 34 35 36 40 41 42 39 40 39 17 18 19 21 20 17 16 33 26 31 32 31 30 29 28 31 26 27 23 24 20 21 22 23 27 28 29 
Beneficio: 149
d 2 3 4 5 6 7 d 4 5 15 8 9 14 15 16 14 13 12 11 10 13 36 37 38 35 33 34 35 36 40 41 42 39 40 39 17 18 19 21 20 17 16 33 26 31 30 29 28 27 26 32 31 28 27 23 24 20 21 22 23 24 12 11 10 9 8 
Beneficio: 126
d 2 3 4 5 6 7 d 4 5 15 8 9 14 15 16 14 13 12 11 10 13 36 37 38 35 33 34 35 36 40 41 42 39 40 39 17 18 19 21 20 17 16 33 26 31 30 29 30 31 26 27 28 31 32 26 27 23 24 20 24 12 11 10 
Beneficio: 127
d 2 3 4 5 6 7 d 4 5 15 8 9 14 15 16 14 13 12 11 10 13 36 37 38 35 33 34 35 36 40 41 42 39 40 39 17 18 19 21 20 17 16 33 26 31 30 29 28 27 26 32 31 28 27 23 22 21 20 24 12 11 10 9 
Beneficio: 151
d 2 3 4 5 6 7 d 4 5 15 8 9 14 15 16 14 13 12 11 10 13 36 37 38 35 33 34 35 36 40 41 42 39 40 39 17 18 19 21 20 17 16 33 26 31 32 26 27 28 31 30 29 28 27 23 22 21 20 23 24 
Beneficio: 125
d 2 3 4 5 6 7 d 4 5 15 8 9 14 15 16 14 13 12 11 10 13 36 37 38 35 33 34 35 36 40 41 42 39 40 39 17 18 19 21 20 17 16 33 26 31 26 32 31 30 29 28 31 28 27 23 22 23 24 12 11 
Beneficio: 157
d 2 3 4 5 6 7 d 4 5 15 8 9 14 15 16 14 13 12 11 10 13 36 37 38 35 33 34 35 36 40 41 42 39 40 39 17 18 19 21 20 17 16 33 26 27 28 31 32 26 31 30 29 28 27 23 20 24 12 11 10 9 
Beneficio: 154
d 2 3 4 5 6 7 d 4 5 15 8 9 14 15 16 14 13 12 11 10 13 36 37 38 35 33 34 35 36 40 41 42 39 40 39 17 18 19 21 20 17 16 33 26 27 28 29 30 31 28 31 32 26 27 23 22 21 20 24 23 
Beneficio: 121
d 2 3 4 5 6 7 d 4 5 15 8 9 14 15 16 14 13 12 11 10 13 36 37 38 35 33 34 35 36 40 41 42 39 40 39 17 18 19 21 20 17 16 33 26 27 28 29 30 31 28 27 23 20 21 22 23 27 26 32 31 26 33 12 11 10 9 
Beneficio: 129
d 2 3 4 5 6 7 d 4 5 15 8 9 14 15 16 14 13 12 11 10 13 36 37 38 35 33 34 35 36 40 41 42 39 40 39 17 18 19 21 20 17 16 33 26 27 28 31 28 29 30 31 32 26 27 23 20 24 12 11 10 9 
Beneficio: 165
d 2 3 4 5 6 7 d 4 5 15 8 9 14 15 16 14 13 12 11 10 13 36 37 38 35 33 34 35 36 40 41 42 39 40 39 17 18 19 21 20 17 16 33 26 27 26 31 32 26 31 30 29 28 31 28 27 23 24 20 24 23 22 21 19 
Beneficio: 140
d 2 3 4 5 6 7 d 4 5 15 8 9 14 15 16 14 13 12 11 10 13 36 37 38 35 33 34 35 36 40 41 42 39 40 39 17 18 19 21 20 17 16 33 26 27 26 32 31 26 32 31 30 29 28 31 28 27 23 22 23 24 20 23 24 12 11 10 
Beneficio: 146
d 2 3 4 5 6 7 d 4 5 15 8 9 14 15 16 14 13 12 11 10 13 36 37 38 35 33 34 35 36 40 41 42 39 40 39 17 18 19 21 20 17 16 33 26 27 26 32 31 28 31 26 31 30 29 28 27 23 22 21 20 24 23 20 24 12 
Beneficio: 133
d 2 3 4 5 6 7 d 4 5 15 8 9 14 15 16 14 13 12 11 10 13 36 37 38 35 33 34 35 36 40 41 42 39 40 39 17 18 19 21 20 17 16 33 26 32 31 26 32 31 30 31 28 29 30 29 28 27 23 22 21 20 23 24 12 11 
Beneficio: 146
d 2 3 4 5 6 7 d 4 5 15 8 9 14 15 16 14 13 12 11 10 13 36 37 38 35 33 34 35 36 40 41 42 39 40 39 17 18 19 21 20 17 16 33 26 32 31 28 29 30 29 28 27 23 22 21 20 24 20 23 27 26 32 31 26 
Beneficio: 148
d 2 3 4 5 6 7 d 4 5 15 8 9 14 15 16 14 13 12 11 10 13 36 37 38 35 33 34 35 36 40 41 42 39 40 39 17 18 19 21 20 17 16 33 26 32 31 30 29 28 31 26 27 28 27 23 22 21 20 23 24 12 11 10 9 8 
Beneficio: 142
d 2 3 4 5 6 7 d 4 5 15 8 9 14 15 16 14 13 12 11 10 13 36 37 38 35 33 34 35 36 40 41 42 39 40 39 17 18 19 21 20 17 16 33 26 32 31 30 31 28 27 26 31 28 29 30 29 28 27 23 22 23 24 20 23 24 12 11 10 9 
Beneficio: 121
d 2 3 4 5 6 7 d 4 5 15 8 9 14 15 16 14 13 12 11 10 13 36 37 38 35 33 34 35 36 40 41 42 39 40 39 17 18 19 21 20 17 16 33 26 32 31 30 29 28 31 32 26 31 26 27 28 27 23 22 23 24 12 11 10 9 
Beneficio: 124
d 2 3 4 5 6 7 d 4 5 15 8 9 14 15 16 14 13 12 11 10 13 36 37 38 35 33 34 35 36 40 41 42 39 40 39 17 18 19 21 20 17 16 33 26 32 31 28 29 30 31 32 26 31 28 27 26 27 23 20 24 20 21 22 23 24 12 11 10 9 
Beneficio: 91
d 2 3 4 5 6 7 d 4 5 15 8 9 14 15 16 14 13 12 11 10 13 36 37 38 35 33 34 35 36 40 41 42 39 40 39 17 18 19 21 20 17 16 33 26 32 31 28 29 30 31 30 29 28 27 23 22 23 24 12 11 10 9 
Beneficio: 108
d 2 3 4 5 6 7 d 4 5 15 8 9 14 15 16 14 13 12 11 10 13 36 37 38 35 33 34 35 36 40 41 42 39 40 39 17 18 19 21 20 17 16 33 26 27 28 29 30 29 28 31 32 26 31 32 26 27 23 22 23 24 12 11 
Beneficio: 132
d 2 3 4 5 6 7 d 4 5 15 8 9 14 15 16 14 13 12 11 10 13 36 37 38 35 33 34 35 36 40 41 42 39 40 39 17 18 19 21 20 17 16 33 26 31 28 29 30 31 32 26 27 23 20 21 22 23 20 24 12 11 10 9 
Beneficio: 153
d 2 3 4 5 6 7 d 4 5 15 8 9 14 15 16 14 13 12 11 10 13 36 37 38 35 33 34 35 36 40 41 42 39 40 39 17 18 19 21 20 17 16 33 26 31 30 29 28 27 26 32 31 28 27 23 20 24 20 
Beneficio: 129
d 2 3 4 5 6 7 d 4 5 15 8 9 14 15 16 14 13 12 11 10 13 36 37 38 35 33 34 35 36 40 41 42 39 40 39 17 18 19 21 20 17 16 33 26 32 31 28 27 26 31 28 27 23 22 21 20 23 24 20 24 12 11 10 9 
Beneficio: 125
d 2 3 4 5 6 7 d 4 5 15 8 9 14 15 16 14 13 12 11 10 13 36 37 38 35 33 34 35 36 40 41 42 39 40 39 17 18 19 21 20 17 16 33 26 32 31 28 31 30 31 26 27 23 24 20 23 24 12 11 10 9 
Beneficio: 148
d 2 3 4 5 6 7 d 4 5 15 8 9 14 15 16 14 13 12 11 10 13 36 37 38 35 33 34 35 36 40 41 42 39 40 39 17 18 19 21 20 17 16 33 26 32 31 30 29 28 27 26 31 28 27 23 22 23 20 24 23 20 21 19 
Beneficio: 133
d 2 3 4 5 6 7 d 4 5 15 8 9 14 15 16 14 13 12 11 10 13 36 37 38 35 33 34 35 36 40 41 42 39 40 39 17 18 19 21 20 17 16 33 12 24 23 22 23 27 26 31 28 29 28 31 30 29 30 31 32 26 27 28 27 23 24 
Beneficio: 144
d 2 3 4 5 6 7 d 4 5 15 8 9 14 15 16 14 13 12 11 10 13 36 37 38 35 33 34 35 36 40 41 42 39 40 39 17 18 19 21 20 17 16 33 12 24 23 27 26 27 28 29 30 31 26 32 31 28 27 23 20 21 22 
Beneficio: 142
d 2 3 4 5 6 7 d 4 5 15 8 9 14 15 16 14 13 12 11 10 13 36 37 38 35 33 34 35 36 40 41 42 39 40 39 17 18 19 21 20 17 16 33 12 24 23 27 26 31 28 29 30 31 32 26 27 28 27 23 24 20 21 
Beneficio: 100
d 2 3 4 5 6 7 d 4 5 15 8 9 14 15 16 14 13 12 11 10 13 36 37 38 35 33 34 35 36 40 41 42 39 40 39 17 18 19 21 20 17 16 33 12 24 23 27 26 32 31 28 29 30 31 32 26 31 28 27 23 22 
Beneficio: 143
d 2 3 4 5 6 7 d 4 5 15 8 9 14 15 16 14 13 12 11 10 13 36 37 38 35 33 34 35 36 40 41 42 39 40 39 17 18 19 21 20 17 16 33 12 24 23 27 26 31 26 32 31 30 29 28 31 
Beneficio: 142
d 2 3 4 5 6 7 d 4 5 15 8 9 14 15 16 14 13 12 11 10 13 36 37 38 35 33 34 35 36 40 41 42 39 40 39 17 18 19 21 20 17 16 33 12 24 23 27 28 31 30 29 28 31 32 31 26 27 23 22 21 19 
Beneficio: 105
d 2 3 4 5 6 7 d 4 5 15 8 9 14 15 16 14 13 12 11 10 13 36 37 38 35 33 34 35 36 40 41 42 39 40 39 17 18 19 21 20 17 16 33 12 24 23 22 23 27 28 31 26 32 31 30 29 28 27 26 32 
Beneficio: 101
d 2 3 4 5 6 7 d 4 5 15 8 9 14 15 16 14 13 12 11 10 13 36 37 38 35 33 34 35 36 40 41 42 39 40 39 17 18 19 21 20 17 16 33 12 24 23 27 26 32 31 26 31 30 29 28 27 23 24 12 11 10 9 8 
Beneficio: 102
d 2 3 4 5 6 7 d 4 5 15 8 9 14 15 16 14 13 12 11 10 13 36 37 38 35 33 34 35 36 40 41 42 39 40 39 17 18 19 21 20 17 16 33 12 24 23 22 23 27 28 31 32 31 30 29 28 27 26 31 26 
Beneficio: 134
d 2 3 4 5 6 7 d 4 5 15 8 9 14 15 16 14 13 12 11 10 13 36 37 38 35 33 34 35 36 40 41 42 39 40 39 17 18 19 21 20 17 16 33 12 24 23 27 28 27 26 32 31 30 31 28 29 30 
Beneficio: 116
d 2 3 4 5 6 7 d 4 5 15 8 9 14 15 16 14 13 12 11 10 13 36 37 38 35 33 34 35 36 40 41 42 39 40 39 17 18 19 21 20 17 16 33 12 24 23 27 26 27 28 31 30 29 30 31 26 32 31 28 27 23 
Beneficio: 127
d 2 3 4 5 6 7 d 4 5 15 8 9 14 15 16 14 13 12 11 10 13 36 37 38 35 33 34 35 36 40 41 42 39 40 39 17 18 19 21 20 17 16 33 12 24 23 22 23 27 28 29 30 31 32 26 31 28 27 26 33 34 
Beneficio: 116
d 2 3 4 5 6 7 d 4 5 15 8 9 14 15 16 14 13 12 11 10 13 36 37 38 35 33 34 35 36 40 41 42 39 40 39 17 18 19 21 20 17 16 33 12 24 23 27 26 27 28 31 32 26 31 28 29 30 31 30 
Beneficio: 113
d 2 3 4 5 6 7 d 4 5 15 8 9 14 15 16 14 13 12 11 10 13 36 37 38 35 33 34 35 36 40 41 42 39 40 39 17 18 19 21 20 17 16 33 12 24 23 27 26 32 31 28 29 28 27 26 32 31 30 29 30 31 26 25 
Beneficio: 135
d 2 3 4 5 6 7 d 4 5 15 8 9 14 15 16 14 13 12 11 10 13 36 37 38 35 33 34 35 36 40 41 42 39 40 39 17 18 19 21 20 17 16 33 26 31 28 27 26 32 31 30 29 28 27 23 22 21 20 24 12 11 
Beneficio: 139
d 2 3 4 5 6 7 d 4 5 15 8 9 14 15 16 14 13 12 11 10 13 36 37 38 35 33 34 35 36 40 41 42 39 40 39 17 18 19 21 20 17 16 33 26 31 28 29 30 31 32 26 27 23 24 20 23 22 21 19 18 
Beneficio: 123
d 2 3 4 5 6 7 d 4 5 15 8 9 14 15 16 14 13 12 11 10 13 36 37 38 35 33 34 35 36 40 41 42 39 40 39 17 18 19 21 20 17 16 33 26 31 28 27 26 32 31 30 29 28 27 23 22 21 20 23 24 20 24 12 33 34 
Beneficio: 143
d 2 3 4 5 6 7 d 4 5 15 8 9 14 15 16 14 13 12 11 10 13 36 37 38 35 33 34 35 36 40 41 42 39 40 39 17 18 19 21 20 17 16 33 26 31 32 26 27 28 29 30 31 28 27 23 22 23 24 20 23 24 12 11 
Beneficio: 166
d 2 3 4 5 6 7 d 4 5 15 8 9 14 15 16 14 13 12 11 10 13 36 37 38 35 33 34 35 36 40 41 42 39 40 39 17 18 19 21 20 17 16 33 26 31 32 31 28 29 30 31 28 27 23 22 21 20 24 23 
Beneficio: 132
d 2 3 4 5 6 7 d 4 5 15 8 9 14 15 16 14 13 12 11 10 13 36 37 38 35 33 34 35 36 40 41 42 39 40 39 17 18 19 21 20 17 16 33 26 31 32 31 26 27 28 29 30 31 28 27 23 22 21 20 24 23 20 24 12 33 34 
Beneficio: 144
d 2 3 4 5 6 7 d 4 5 15 8 9 14 15 16 14 13 12 11 10 13 36 37 38 35 33 34 35 36 40 41 42 39 40 39 17 18 19 21 20 17 16 33 26 31 30 29 28 29 30 31 26 27 26 32 31 28 27 23 24 20 23 22 
Beneficio: 140
d 2 3 4 5 6 7 d 4 5 15 8 9 14 15 16 14 13 12 11 10 13 36 37 38 35 33 34 35 36 40 41 42 39 40 39 17 18 19 21 20 17 16 33 26 31 30 31 32 26 27 28 31 28 29 30 29 28 27 23 24 20 21 22 23 20 24 12 11 10 9 
Beneficio: 126
d 2 3 4 5 6 7 d 4 5 15 8 9 14 15 16 14 13 12 11 10 13 36 37 38 35 33 34 35 36 40 41 42 39 40 39 17 18 19 21 20 17 16 33 26 31 30 29 28 27 26 32 31 28 27 23 22 21 20 23 24 20 24 12 11 10 9 
Beneficio: 136
d 2 3 4 5 6 7 d 4 5 15 8 9 14 15 16 14 13 12 11 10 13 36 37 38 35 33 34 35 36 40 41 42 39 40 39 17 18 19 21 20 17 16 33 26 31 26 27 28 31 30 29 28 27 23 22 23 24 20 24 12 11 10 9 8 
Beneficio: 129
d 2 3 4 5 6 7 d 4 5 15 8 9 14 15 16 14 13 12 11 10 13 36 37 38 35 33 34 35 36 40 41 42 39 40 39 17 18 19 21 20 17 16 33 26 31 28 27 28 29 30 31 32 26 27 23 22 21 20 23 24 12 11 10 9 8 
Beneficio: 130
d 2 3 4 5 6 7 d 4 5 15 8 9 14 15 16 14 13 12 11 10 13 36 37 38 35 33 34 35 36 40 41 42 39 40 39 17 18 19 21 20 17 16 33 26 27 28 31 30 29 30 31 26 32 31 28 27 23 22 21 20 24 20 23 24 12 33 
Beneficio: 162
d 2 3 4 5 6 7 d 4 5 15 8 9 14 15 16 14 13 12 11 10 13 36 37 38 35 33 34 35 36 40 41 42 39 40 39 17 18 19 21 20 17 16 33 26 27 28 29 30 31 28 27 23 22 21 20 24 20 23 
Beneficio: 133
d 2 3 4 5 6 7 d 4 5 15 8 9 14 15 16 14 13 12 11 10 13 36 37 38 35 33 34 35 36 40 41 42 39 40 39 17 18 19 21 20 17 16 33 26 27 28 31 26 31 30 29 28 27 23 24 12 11 
Beneficio: 130
d 2 3 4 5 6 7 d 4 5 15 8 9 14 15 16 14 13 12 11 10 13 36 37 38 35 33 34 35 36 40 41 42 39 40 39 17 18 19 21 20 17 16 33 26 27 28 29 30 31 32 26 31 28 27 23 22 23 24 20 24 12 33 34 
Beneficio: 134
d 2 3 4 5 6 7 d 4 5 15 8 9 14 15 16 14 13 12 11 10 13 36 37 38 35 33 34 35 36 40 41 42 39 40 39 17 18 19 21 20 17 16 33 26 27 26 31 32 31 30 31 28 29 30 29 28 27 23 24 20 24 12 11 10 9 
Beneficio: 132
d 2 3 4 5 6 7 d 4 5 15 8 9 14 15 16 14 13 12 11 10 13 36 37 38 35 33 34 35 36 40 41 42 39 40 39 17 18 19 21 20 17 16 33 26 27 26 32 31 26 31 30 29 28 31 28 27 23 22 21 20 24 12 11 10 9 
Beneficio: 136
d 2 3 4 5 6 7 d 4 5 15 8 9 14 15 16 14 13 12 11 10 13 36 37 38 35 33 34 35 36 40 41 42 39 40 39 17 18 19 21 20 17 16 33 26 32 31 26 27 28 31 30 29 28 27 23 24 20 21 22 23 24 12 33 
Beneficio: 147
d 2 3 4 5 6 7 d 4 5 15 8 9 14 15 16 14 13 12 11 10 13 36 37 38 35 33 34 35 36 40 41 42 39 40 39 17 18 19 21 20 17 16 33 26 32 31 28 27 28 29 30 31 26 27 23 20 21 22 23 24 12 33 
Beneficio: 145
d 2 3 4 5 6 7 d 4 5 15 8 9 14 15 16 14 13 12 11 10 13 36 37 38 35 33 34 35 36 40 41 42 39 40 39 17 18 19 21 20 17 16 33 26 32 31 28 29 30 31 32 26 27 26 31 28 27 23 24 20 21 22 23 22 
Beneficio: 171
d 2 3 4 5 6 7 d 4 5 15 8 9 14 15 16 14 13 12 11 10 13 36 37 38 35 33 34 35 36 40 41 42 39 40 39 17 18 19 21 20 17 16 33 26 32 31 30 29 28 27 26 31 28 27 23 20 24 
Beneficio: 138
d 2 3 4 5 6 7 d 4 5 15 8 9 14 15 16 14 13 12 11 10 13 36 37 38 35 33 34 35 36 40 41 42 39 40 39 17 18 19 21 20 17 16 33 26 32 31 30 29 28 31 26 27 28 27 23 22 21 20 24 23 20 24 12 11 10 9 
Beneficio: 139
d 2 3 4 5 6 7 d 4 5 15 8 9 14 15 16 14 13 12 11 10 13 36 37 38 35 33 34 35 36 40 41 42 39 40 39 17 18 19 21 20 17 16 33 26 32 31 26 27 28 31 30 29 28 27 23 20 24 20 21 22 23 24 12 33 
Beneficio: 143
d 2 3 4 5 6 7 d 4 5 15 8 9 14 15 16 14 13 12 11 10 13 36 37 38 35 33 34 35 36 40 41 42 39 40 39 17 18 19 21 20 17 16 33 26 32 31 30 29 28 29 30 31 26 27 28 27 23 24 20 23 24 12 
Beneficio: 125
d 2 3 4 5 6 7 d 4 5 15 8 9 14 15 16 14 13 12 11 10 13 36 37 38 35 33 34 35 36 40 41 42 39 40 39 17 18 19 21 20 17 16 33 26 27 28 29 30 31 26 32 31 28 27 23 22 21 20 24 12 11 10 9 8 
Beneficio: 148
d 2 3 4 5 6 7 d 4 5 15 8 9 14 15 16 14 13 12 11 10 13 36 37 38 35 33 34 35 36 40 41 42 39 40 39 17 18 19 21 20 17 16 33 26 31 28 27 28 29 30 31 32 26 27 23 20 21 22 23 24 12 11 
Beneficio: 103
d 2 3 4 5 6 7 d 4 5 15 8 9 14 15 16 14 13 12 11 10 13 36 37 38 35 33 34 35 36 40 41 42 39 40 39 17 18 19 21 20 17 16 33 26 31 30 29 28 31 32 26 27 23 22 23 24 12 11 10 9 8 
Beneficio: 130
d 2 3 4 5 6 7 d 4 5 15 8 9 14 15 16 14 13 12 11 10 13 36 37 38 35 33 34 35 36 40 41 42 39 40 39 17 18 19 21 20 17 16 33 26 32 31 28 27 28 29 30 31 32 26 31 26 27 23 20 24 12 11 10 9 
Beneficio: 127
d 2 3 4 5 6 7 d 4 5 15 8 9 14 15 16 14 13 12 11 10 13 36 37 38 35 33 34 35 36 40 41 42 39 40 39 17 18 19 21 20 17 16 33 26 32 31 30 29 28 27 26 32 31 26 33 12 24 
Beneficio: 117
d 2 3 4 5 6 7 d 4 5 15 8 9 14 15 16 14 13 12 11 10 13 36 37 38 35 33 34 35 36 40 41 42 39 40 39 17 18 19 21 20 17 16 33 26 32 31 26 27 28 31 30 29 28 27 23 22 23 20 24 12 11 10 9 8 
Beneficio: 134
d 2 3 4 5 6 7 d 4 5 15 8 9 14 15 16 14 13 12 11 10 13 36 37 38 35 33 34 35 36 40 41 42 39 40 39 17 18 19 21 20 17 16 33 26 31 28 27 28 29 30 31 32 26 27 23 20 21 22 23 24 12 33 34 
Beneficio: 109
d 2 3 4 5 6 7 d 4 5 15 8 9 14 15 16 14 13 12 11 10 13 36 37 38 35 33 34 35 36 40 41 42 39 40 39 17 18 19 21 20 17 16 33 26 31 28 29 30 29 28 31 26 27 23 22 23 24 12 11 10 
Beneficio: 143
d 2 3 4 5 6 7 d 4 5 15 8 9 14 15 16 14 13 12 11 10 13 36 37 38 35 33 34 35 36 40 41 42 39 40 39 17 18 19 21 20 17 16 33 26 31 28 31 30 29 28 27 23 20 21 22 23 24 20 24 12 11 10 
Beneficio: 155
d 2 3 4 5 6 7 d 4 5 15 8 9 14 15 16 14 13 12 11 10 13 36 37 38 35 33 34 35 36 40 41 42 39 40 39 17 18 19 21 20 17 16 33 26 31 32 26 31 28 29 30 31 28 27 23 22 21 20 24 23 
Beneficio: 118
d 2 3 4 5 6 7 d 4 5 15 8 9 14 15 16 14 13 12 11 10 13 36 37 38 35 33 34 35 36 40 41 42 39 40 39 17 18 19 21 20 17 16 33 26 31 32 31 30 29 28 27 23 22 21 20 24 12 11 10 9 
Beneficio: 133
d 2 3 4 5 6 7 d 4 5 15 8 9 14 15 16 14 13 12 11 10 13 36 37 38 35 33 34 35 36 40 41 42 39 40 39 17 18 19 21 20 17 16 33 26 31 32 26 27 28 29 30 31 32 26 27 
Beneficio: 145
d 2 3 4 5 6 7 d 4 5 15 8 9 14 15 16 14 13 12 11 10 13 36 37 38 35 33 34 35 36 40 41 42 39 40 39 17 18 19 21 20 17 16 33 26 31 30 29 30 31 28 27 26 27 23 22 23 24 20 24 
Beneficio: 142
d 2 3 4 5 6 7 d 4 5 15 8 9 14 15 16 14 13 12 11 10 13 36 37 38 35 33 34 35 36 40 41 42 39 40 39 17 18 19 21 20 17 16 33 26 31 30 29 28 31 32 26 27 23 20 21 22 
Beneficio: 147
d 2 3 4 5 6 7 d 4 5 15 8 9 14 15 16 14 13 12 11 10 13 36 37 38 35 33 34 35 36 40 41 42 39 40 39 17 18 19 21 20 17 16 33 26 31 32 26 27 28 31 30 29 28 27 23 24 20 24 12 
Beneficio: 139
d 2 3 4 5 6 7 d 4 5 15 8 9 14 15 16 14 13 12 11 10 13 36 37 38 35 33 34 35 36 40 41 42 39 40 39 17 18 19 21 20 17 16 33 26 31 26 27 28 31 30 29 28 27 23 22 21 20 23 24 12 11 
Beneficio: 136
d 2 3 4 5 6 7 d 4 5 15 8 9 14 15 16 14 13 12 11 10 13 36 37 38 35 33 34 35 36 40 41 42 39 40 39 17 18 19 21 20 17 16 33 26 27 28 31 30 29 28 31 32 26 31 32 26 27 23 20 21 22 23 24 12 11 10 9 8 
Beneficio: 172
d 2 3 4 5 6 7 d 4 5 15 8 9 14 15 16 14 13 12 11 10 13 36 37 38 35 33 34 35 36 40 41 42 39 40 39 17 18 19 21 20 17 16 33 26 27 28 29 30 31 26 32 31 28 27 23 22 21 20 24 20 23 27 
Beneficio: 142
d 2 3 4 5 6 7 d 4 5 15 8 9 14 15 16 14 13 12 11 10 13 36 37 38 35 33 34 35 36 40 41 42 39 40 39 17 18 19 21 20 17 16 33 26 27 28 31 32 26 31 30 29 28 27 23 22 23 24 20 21 
Beneficio: 127
d 2 3 4 5 6 7 d 4 5 15 8 9 14 15 16 14 13 12 11 10 13 36 37 38 35 33 34 35 36 40 41 42 39 40 39 17 18 19 21 20 17 16 33 26 27 28 29 30 31 26 31 32 31 28 27 23 24 20 21 19 18 
Beneficio: 153
d 2 3 4 5 6 7 d 4 5 15 8 9 14 15 16 14 13 12 11 10 13 36 37 38 35 33 34 35 36 40 41 42 39 40 39 17 18 19 21 20 17 16 33 26 27 26 32 31 26 31 28 29 30 31 28 27 23 20 21 22 23 24 12 
Beneficio: 141
d 2 3 4 5 6 7 d 4 5 15 8 9 14 15 16 14 13 12 11 10 13 36 37 38 35 33 34 35 36 40 41 42 39 40 39 17 18 19 21 20 17 16 33 26 27 26 32 31 26 31 30 29 28 31 28 27 23 22 21 20 23 24 12 11 
Beneficio: 157
d 2 3 4 5 6 7 d 4 5 15 8 9 14 15 16 14 13 12 11 10 13 36 37 38 35 33 34 35 36 40 41 42 39 40 39 17 18 19 21 20 17 16 33 26 32 31 26 32 31 28 29 30 31 28 27 23 20 24 23 22 
Beneficio: 132
d 2 3 4 5 6 7 d 4 5 15 8 9 14 15 16 14 13 12 11 10 13 36 37 38 35 33 34 35 36 40 41 42 39 40 39 17 18 19 21 20 17 16 33 26 32 31 28 29 30 31 32 26 31 28 27 26 27 23 24 20 24 23 22 21 19 18 
Beneficio: 149
d 2 3 4 5 6 7 d 4 5 15 8 9 14 15 16 14 13 12 11 10 13 36 37 38 35 33 34 35 36 40 41 42 39 40 39 17 18 19 21 20 17 16 33 26 32 31 28 31 32 26 27 26 31 30 29 28 27 23 22 23 20 24 23 
Beneficio: 134
d 2 3 4 5 6 7 d 4 5 15 8 9 14 15 16 14 13 12 11 10 13 36 37 38 35 33 34 35 36 40 41 42 39 40 39 17 18 19 21 20 17 16 33 26 32 31 30 31 28 27 26 31 28 29 30 29 28 27 23 20 21 22 23 24 12 33 34 
Beneficio: 137
d 2 3 4 5 6 7 d 4 5 15 8 9 14 15 16 14 13 12 11 10 13 36 37 38 35 33 34 35 36 40 41 42 39 40 39 17 18 19 21 20 17 16 33 26 32 31 26 27 28 31 30 29 28 27 23 22 21 20 24 20 23 24 12 11 10 9 8 
Beneficio: 135
d 2 3 4 5 6 7 d 4 5 15 8 9 14 15 16 14 13 12 11 10 13 36 37 38 35 33 34 35 36 40 41 42 39 40 39 17 18 19 21 20 17 16 33 26 32 31 30 29 28 31 26 27 23 20 21 22 23 24 20 24 12 11 10 9 8 
Beneficio: 92
d 2 3 4 5 6 7 d 4 5 15 8 9 14 15 16 14 13 12 11 10 13 36 37 38 35 33 34 35 36 40 41 42 39 40 39 17 18 19 21 20 17 16 33 26 27 28 31 28 29 30 29 28 27 23 22 23 24 12 11 10 
Beneficio: 138
d 2 3 4 5 6 7 d 4 5 15 8 9 14 15 16 14 13 12 11 10 13 36 37 38 35 33 34 35 36 40 41 42 39 40 39 17 18 19 21 20 17 16 33 26 31 28 27 28 29 30 31 32 26 27 23 20 24 12 11 10 9 
Beneficio: 135
d 2 3 4 5 6 7 d 4 5 15 8 9 14 15 16 14 13 12 11 10 13 36 37 38 35 33 34 35 36 40 41 42 39 40 39 17 18 19 21 20 17 16 33 26 31 30 29 28 31 32 26 27 28 27 26 
Beneficio: 150
d 2 3 4 5 6 7 d 4 5 15 8 9 14 15 16 14 13 12 11 10 13 36 37 38 35 33 34 35 36 40 41 42 39 40 39 17 18 19 21 20 17 16 33 26 32 31 28 29 30 31 32 26 27 26 31 28 27 23 20 24 23 22 21 19 
Beneficio: 126
d 2 3 4 5 6 7 d 4 5 15 8 9 14 15 16 14 13 12 11 10 13 36 37 38 35 33 34 35 36 40 41 42 39 40 39 17 18 19 21 20 17 16 33 26 32 31 30 31 26 27 28 29 30 29 28 27 23 22 21 20 23 24 20 24 12 33 34 
Beneficio: 112
d 2 3 4 5 6 7 d 4 5 15 8 9 14 15 16 14 13 12 11 10 13 36 37 38 35 33 34 35 36 40 41 42 39 40 39 17 18 19 21 20 17 16 33 26 32 31 30 31 28 29 28 27 23 22 23 24 12 11 
Beneficio: 101
d 2 3 4 5 6 7 d 4 5 15 8 9 14 15 16 14 13 12 11 10 13 36 37 38 35 33 34 35 36 40 41 42 39 40 39 17 18 19 21 20 17 16 33 12 24 23 27 26 27 28 31 32 26 31 30 29 30 31 
Beneficio: 108
d 2 3 4 5 6 7 d 4 5 15 8 9 14 15 16 14 13 12 11 10 13 36 37 38 35 33 34 35 36 40 41 42 39 40 39 17 18 19 21 20 17 16 33 12 24 23 22 23 27 26 32 31 26 27 28 29 30 31 28 27 23 
Beneficio: 119
d 2 3 4 5 6 7 d 4 5 15 8 9 14 15 16 14 13 12 11 10 13 36 37 38 35 33 34 35 36 40 41 42 39 40 39 17 18 19 21 20 17 16 33 12 24 23 27 28 31 32 26 31 30 29 28 27 
Beneficio: 91
d 2 3 4 5 6 7 d 4 5 15 8 9 14 15 16 14 13 12 11 10 13 36 37 38 35 33 34 35 36 40 41 42 39 40 39 17 18 19 21 20 17 16 33 12 24 23 22 23 27 26 31 28 27 26 31 30 29 30 31 
Beneficio: 101
d 2 3 4 5 6 7 d 4 5 15 8 9 14 15 16 14 13 12 11 10 13 36 37 38 35 33 34 35 36 40 41 42 39 40 39 17 18 19 21 20 17 16 33 12 24 23 27 28 31 32 26 31 32 26 
Beneficio: 108
d 2 3 4 5 6 7 d 4 5 15 8 9 14 15 16 14 13 12 11 10 13 36 37 38 35 33 34 35 36 40 41 42 39 40 39 17 18 19 21 20 17 16 33 12 24 23 27 26 32 31 28 27 28 29 30 31 26 32 
Beneficio: 100
d 2 3 4 5 6 7 d 4 5 15 8 9 14 15 16 14 13 12 11 10 13 36 37 38 35 33 34 35 36 40 41 42 39 40 39 17 18 19 21 20 17 16 33 12 24 23 22 23 27 28 31 26 32 31 30 29 28 27 26 32 31 30 
Beneficio: 121
d 2 3 4 5 6 7 d 4 5 15 8 9 14 15 16 14 13 12 11 10 13 36 37 38 35 33 34 35 36 40 41 42 39 40 39 17 18 19 21 20 17 16 33 12 24 23 27 26 32 31 26 31 30 29 30 31 28 29 28 27 23 24 
Beneficio: 102
d 2 3 4 5 6 7 d 4 5 15 8 9 14 15 16 14 13 12 11 10 13 36 37 38 35 33 34 35 36 40 41 42 39 40 39 17 18 19 21 20 17 16 33 12 24 23 27 26 32 31 26 27 28 29 28 27 
Beneficio: 132
d 2 3 4 5 6 7 d 4 5 15 8 9 14 15 16 14 13 12 11 10 13 36 37 38 35 33 34 35 36 40 41 42 39 40 39 17 18 19 21 20 17 16 33 12 24 23 22 23 27 28 31 26 27 28 29 30 31 32 26 
Beneficio: 108
d 2 3 4 5 6 7 d 4 5 15 8 9 14 15 16 14 13 12 11 10 13 36 37 38 35 33 34 35 36 40 41 42 39 40 39 17 18 19 21 20 17 16 33 12 24 23 27 28 29 30 31 32 31 26 27 28 31 26 25 
Beneficio: 114
d 2 3 4 5 6 7 d 4 5 15 8 9 14 15 16 14 13 12 11 10 13 36 37 38 35 33 34 35 36 40 41 42 39 40 39 17 18 19 21 20 17 16 33 12 24 23 27 26 31 28 31 32 31 30 29 28 27 26 25 
Beneficio: 182
d 2 3 4 5 6 7 d 4 5 15 8 9 14 15 16 14 13 12 11 10 13 36 37 38 35 33 34 35 36 40 41 42 39 40 39 17 18 19 21 20 17 16 25 26 31 28 27 28 29 30 31 32 26 27 23 20 24 23 22 
Beneficio: 148
d 2 3 4 5 6 7 d 4 5 15 8 9 14 15 16 14 13 12 11 10 13 36 37 38 35 33 34 35 36 40 41 42 39 40 39 17 18 19 21 20 17 16 25 26 31 28 29 30 31 28 27 26 27 23 20 24 23 22 21 
Beneficio: 129
d 2 3 4 5 6 7 d 4 5 15 8 9 14 15 16 14 13 12 11 10 13 36 37 38 35 33 34 35 36 40 41 42 39 40 39 17 18 19 21 20 17 16 25 26 31 28 29 30 31 32 26 27 23 22 21 20 24 23 27 26 33 12 
Beneficio: 125
d 2 3 4 5 6 7 d 4 5 15 8 9 14 15 16 14 13 12 11 10 13 36 37 38 35 33 34 35 36 40 41 42 39 40 39 17 18 19 21 20 17 16 25 26 31 28 31 30 29 28 27 23 24 20 24 12 33 26 32 
Beneficio: 142
d 2 3 4 5 6 7 d 4 5 15 8 9 14 15 16 14 13 12 11 10 13 36 37 38 35 33 34 35 36 40 41 42 39 40 39 17 18 19 21 20 17 16 25 26 31 32 26 31 28 29 30 31 28 27 26 27 23 22 21 20 23 24 20 24 12 11 10 9 
Beneficio: 129
d 2 3 4 5 6 7 d 4 5 15 8 9 14 15 16 14 13 12 11 10 13 36 37 38 35 33 34 35 36 40 41 42 39 40 39 17 18 19 21 20 17 16 25 26 31 32 31 28 29 30 31 28 27 23 24 20 21 22 23 27 26 33 12 11 10 
Beneficio: 141
d 2 3 4 5 6 7 d 4 5 15 8 9 14 15 16 14 13 12 11 10 13 36 37 38 35 33 34 35 36 40 41 42 39 40 39 17 18 19 21 20 17 16 25 26 31 32 31 30 29 30 31 28 27 26 27 23 24 20 23 22 21 19 18 
Beneficio: 139
d 2 3 4 5 6 7 d 4 5 15 8 9 14 15 16 14 13 12 11 10 13 36 37 38 35 33 34 35 36 40 41 42 39 40 39 17 18 19 21 20 17 16 25 26 31 30 29 28 31 32 26 27 23 20 24 12 33 34 
Beneficio: 140
d 2 3 4 5 6 7 d 4 5 15 8 9 14 15 16 14 13 12 11 10 13 36 37 38 35 33 34 35 36 40 41 42 39 40 39 17 18 19 21 20 17 16 25 26 31 30 29 28 27 23 20 21 22 23 27 26 31 32 26 33 34 
Beneficio: 99
d 2 3 4 5 6 7 d 4 5 15 8 9 14 15 16 14 13 12 11 10 13 36 37 38 35 33 34 35 36 40 41 42 39 40 39 17 18 19 21 20 17 16 25 26 31 30 31 32 26 33 12 24 23 22 23 27 28 29 
Beneficio: 160
d 2 3 4 5 6 7 d 4 5 15 8 9 14 15 16 14 13 12 11 10 13 36 37 38 35 33 34 35 36 40 41 42 39 40 39 17 18 19 21 20 17 16 25 26 31 30 29 28 27 26 32 31 28 27 23 20 21 22 23 24 20 
Beneficio: 134
d 2 3 4 5 6 7 d 4 5 15 8 9 14 15 16 14 13 12 11 10 13 36 37 38 35 33 34 35 36 40 41 42 39 40 39 17 18 19 21 20 17 16 25 26 31 32 26 27 28 31 30 29 28 27 23 20 24 20 21 22 23 24 12 33 
Beneficio: 118
d 2 3 4 5 6 7 d 4 5 15 8 9 14 15 16 14 13 12 11 10 13 36 37 38 35 33 34 35 36 40 41 42 39 40 39 17 18 19 21 20 17 16 25 26 31 26 32 31 28 29 30 29 28 27 23 20 21 22 23 27 26 33 12 24 
Beneficio: 112
d 2 3 4 5 6 7 d 4 5 15 8 9 14 15 16 14 13 12 11 10 13 36 37 38 35 33 34 35 36 40 41 42 39 40 39 17 18 19 21 20 17 16 25 26 31 28 29 30 31 32 26 27 28 27 23 22 23 24 12 11 10 9 
Beneficio: 149
d 2 3 4 5 6 7 d 4 5 15 8 9 14 15 16 14 13 12 11 10 13 36 37 38 35 33 34 35 36 40 41 42 39 40 39 17 18 19 21 20 17 16 25 26 27 28 31 30 29 28 31 26 27 23 24 20 23 22 
Beneficio: 149
d 2 3 4 5 6 7 d 4 5 15 8 9 14 15 16 14 13 12 11 10 13 36 37 38 35 33 34 35 36 40 41 42 39 40 39 17 18 19 21 20 17 16 25 26 27 28 29 30 31 28 31 32 26 31 26 27 23 22 23 24 20 23 
Beneficio: 151
d 2 3 4 5 6 7 d 4 5 15 8 9 14 15 16 14 13 12 11 10 13 36 37 38 35 33 34 35 36 40 41 42 39 40 39 17 18 19 21 20 17 16 25 26 27 28 29 30 31 26 31 28 27 23 20 24 20 21 22 23 24 12 
Beneficio: 115
d 2 3 4 5 6 7 d 4 5 15 8 9 14 15 16 14 13 12 11 10 13 36 37 38 35 33 34 35 36 40 41 42 39 40 39 17 18 19 21 20 17 16 25 26 27 28 31 32 26 31 30 29 28 27 23 22 23 24 12 33 
Beneficio: 140
d 2 3 4 5 6 7 d 4 5 15 8 9 14 15 16 14 13 12 11 10 13 36 37 38 35 33 34 35 36 40 41 42 39 40 39 17 18 19 21 20 17 16 25 26 27 28 29 28 31 32 31 26 27 23 22 21 20 23 24 20 24 12 
Beneficio: 140
d 2 3 4 5 6 7 d 4 5 15 8 9 14 15 16 14 13 12 11 10 13 36 37 38 35 33 34 35 36 40 41 42 39 40 39 17 18 19 21 20 17 16 25 26 27 26 31 32 31 28 29 30 31 28 27 23 20 24 23 22 21 19 18 
Beneficio: 154
d 2 3 4 5 6 7 d 4 5 15 8 9 14 15 16 14 13 12 11 10 13 36 37 38 35 33 34 35 36 40 41 42 39 40 39 17 18 19 21 20 17 16 25 26 27 26 32 31 26 32 31 30 29 28 31 28 27 23 22 21 20 24 23 20 
Beneficio: 138
d 2 3 4 5 6 7 d 4 5 15 8 9 14 15 16 14 13 12 11 10 13 36 37 38 35 33 34 35 36 40 41 42 39 40 39 17 18 19 21 20 17 16 25 26 27 26 32 31 26 31 30 29 28 31 
Beneficio: 138
d 2 3 4 5 6 7 d 4 5 15 8 9 14 15 16 14 13 12 11 10 13 36 37 38 35 33 34 35 36 40 41 42 39 40 39 17 18 19 21 20 17 16 25 26 32 31 26 31 28 29 28 27 23 20 24 12 
Beneficio: 130
d 2 3 4 5 6 7 d 4 5 15 8 9 14 15 16 14 13 12 11 10 13 36 37 38 35 33 34 35 36 40 41 42 39 40 39 17 18 19 21 20 17 16 25 26 32 31 28 27 28 29 28 31 26 27 23 24 20 23 24 12 11 10 9 
Beneficio: 134
d 2 3 4 5 6 7 d 4 5 15 8 9 14 15 16 14 13 12 11 10 13 36 37 38 35 33 34 35 36 40 41 42 39 40 39 17 18 19 21 20 17 16 25 26 32 31 28 29 28 31 30 31 26 27 28 27 23 20 21 22 23 24 20 24 12 11 10 9 8 
Beneficio: 97
d 2 3 4 5 6 7 d 4 5 15 8 9 14 15 16 14 13 12 11 10 13 36 37 38 35 33 34 35 36 40 41 42 39 40 39 17 18 19 21 20 17 16 25 26 32 31 28 31 32 26 31 30 31 26 27 26 33 12 24 23 
Beneficio: 129
d 2 3 4 5 6 7 d 4 5 15 8 9 14 15 16 14 13 12 11 10 13 36 37 38 35 33 34 35 36 40 41 42 39 40 39 17 18 19 21 20 17 16 25 26 32 31 30 29 28 27 28 31 32 26 27 23 24 20 24 12 11 10 9 
Beneficio: 135
d 2 3 4 5 6 7 d 4 5 15 8 9 14 15 16 14 13 12 11 10 13 36 37 38 35 33 34 35 36 40 41 42 39 40 39 17 18 19 21 20 17 16 25 26 32 31 30 29 28 27 26 27 23 20 21 22 23 24 12 11 
Beneficio: 155
d 2 3 4 5 6 7 d 4 5 15 8 9 14 15 16 14 13 12 11 10 13 36 37 38 35 33 34 35 36 40 41 42 39 40 39 17 18 19 21 20 17 16 25 26 32 31 28 27 28 29 30 31 26 27 23 24 20 21 22 23 24 12 
Beneficio: 120
d 2 3 4 5 6 7 d 4 5 15 8 9 14 15 16 14 13 12 11 10 13 36 37 38 35 33 34 35 36 40 41 42 39 40 39 17 18 19 21 20 17 16 25 26 32 31 28 29 30 31 26 33 12 24 23 
Beneficio: 147
d 2 3 4 5 6 7 d 4 5 15 8 9 14 15 16 14 13 12 11 10 13 36 37 38 35 33 34 35 36 40 41 42 39 40 39 17 18 19 21 20 17 16 25 26 32 31 28 29 30 31 26 27 28 27 23 24 
Beneficio: 138
d 2 3 4 5 6 7 d 4 5 15 8 9 14 15 16 14 13 12 11 10 13 36 37 38 35 33 34 35 36 40 41 42 39 40 39 17 18 19 21 20 17 16 25 26 27 28 29 30 31 26 31 32 31 28 27 23 24 20 21 22 23 20 24 12 11 
Beneficio: 98
d 2 3 4 5 6 7 d 4 5 15 8 9 14 15 16 14 13 12 11 10 13 36 37 38 35 33 34 35 36 40 41 42 39 40 39 17 18 19 21 20 17 16 25 26 27 28 29 30 29 28 31 30 31 32 26 27 23 24 12 11 10 
Beneficio: 99
d 2 3 4 5 6 7 d 4 5 15 8 9 14 15 16 14 13 12 11 10 13 36 37 38 35 33 34 35 36 40 41 42 39 40 39 17 18 19 21 20 17 16 25 26 31 32 26 27 28 31 30 29 28 27 23 24 12 11 10 9 
Beneficio: 149
d 2 3 4 5 6 7 d 4 5 15 8 9 14 15 16 14 13 12 11 10 13 36 37 38 35 33 34 35 36 40 41 42 39 40 39 17 18 19 21 20 17 16 25 26 31 28 29 30 31 32 26 27 28 27 23 22 21 20 24 23 
Beneficio: 156
d 2 3 4 5 6 7 d 4 5 15 8 9 14 15 16 14 13 12 11 10 13 36 37 38 35 33 34 35 36 40 41 42 39 40 39 17 18 19 21 20 17 16 25 26 32 31 28 27 28 31 30 29 28 29 30 31 26 27 23 22 21 20 23 24 20 
Beneficio: 122
d 2 3 4 5 6 7 d 4 5 15 8 9 14 15 16 14 13 12 11 10 13 36 37 38 35 33 34 35 36 40 41 42 39 40 39 17 18 19 21 20 17 16 25 26 32 31 30 29 28 31 26 27 28 27 23 24 20 21 22 23 20 24 12 33 34 
Beneficio: 121
d 2 3 4 5 6 7 d 4 5 15 8 9 14 15 16 14 13 12 11 10 13 36 37 38 35 33 34 35 36 40 41 42 39 40 39 17 18 19 21 20 17 16 25 26 32 31 30 29 28 31 26 27 28 27 23 22 21 20 24 12 33 34 
Beneficio: 110
d 2 3 4 5 6 7 d 4 5 15 8 9 14 15 16 14 13 12 11 10 13 36 37 38 35 33 34 35 36 40 41 42 39 40 39 17 18 19 21 20 17 16 25 26 32 31 30 29 28 27 26 32 31 26 27 23 22 23 24 12 
Beneficio: 133
d 2 3 4 5 6 7 d 4 5 15 8 9 14 15 16 14 13 12 11 10 13 36 37 38 35 33 34 35 36 40 41 42 39 40 39 17 18 19 21 20 17 16 25 26 31 28 27 28 29 30 31 32 26 27 23 24 20 23 24 12 11 10 9 
Beneficio: 93
d 2 3 4 5 6 7 d 4 5 15 8 9 14 15 16 14 13 12 11 10 13 36 37 38 35 33 34 35 36 40 41 42 39 40 39 17 18 19 21 20 17 16 25 26 31 28 29 30 31 32 26 27 26 33 12 11 10 
######### Overtime ############
Mejor solucion encontrada!
Beneficio: 177
d 2 3 4 5 15 16 14 15 8 9 10 11 12 13 36 37 38 35 33 26 31 28 27 23 22 21 19 18 17 20 24 39 40 41 46 44 45 5 6 7 d 
Time taken: 7200.00s
