Evaluando ./Instances\GRID\G13NoRPP
Solucion inicial: ./Instances\GRID\G13NoRPP-salida.txt

Beneficio: -9
d 7 d 2 8 2 3 4 5 4 10 11 17 16 10 4 3 9 15 14 13 19 20 26 27 28 22 23 29 30 24 18 
Beneficio: -4
d 7 d 2 8 2 3 4 5 4 10 11 17 16 10 4 3 9 15 14 13 19 20 26 27 21 22 28 29 30 29 
Beneficio: -5
d 7 d 2 8 2 3 4 5 4 10 11 17 16 10 4 3 9 15 14 13 19 25 31 32 26 27 28 29 35 34 28 22 23 
Beneficio: -1
d 7 d 2 8 2 3 4 5 4 10 11 17 16 10 4 3 9 15 14 13 19 25 31 32 26 27 21 22 23 24 30 29 28 34 35 
Beneficio: -6
d 7 d 2 8 2 3 4 5 4 10 11 17 16 10 4 3 9 15 14 13 19 20 26 32 33 34 28 29 23 22 28 22 
Beneficio: -3
d 7 d 2 8 2 3 4 5 4 10 11 17 16 10 4 3 9 15 14 13 19 20 26 27 28 34 35 36 30 29 28 22 
Beneficio: -8
d 7 d 2 8 2 3 4 5 4 10 11 17 16 10 4 3 9 15 14 13 19 25 26 32 33 34 35 29 28 
Beneficio: -4
d 7 d 2 8 2 3 4 5 4 10 11 17 16 10 4 3 9 15 14 13 19 25 31 32 26 27 28 22 23 29 30 29 28 34 33 
Beneficio: -6
d 7 d 2 8 2 3 4 5 4 10 11 17 16 10 4 3 9 15 14 13 19 20 26 27 33 34 28 29 30 24 
Beneficio: 1
d 7 d 2 8 2 3 4 5 4 10 11 17 16 10 4 3 9 15 14 13 19 20 26 32 33 34 28 29 23 24 30 29 35 36 30 
Beneficio: -5
d 7 d 2 8 2 3 4 5 4 10 11 17 16 10 4 3 9 15 14 13 19 25 26 27 21 22 28 22 23 24 30 36 
Beneficio: -3
d 7 d 2 8 2 3 4 5 4 10 11 17 16 10 4 3 9 15 14 13 19 25 26 32 33 34 28 29 23 22 28 27 26 20 14 13 
Beneficio: -3
d 7 d 2 8 2 3 4 5 4 10 11 17 16 10 4 3 9 15 14 13 19 20 26 27 28 22 23 29 30 36 35 34 28 29 23 
Beneficio: -3
d 7 d 2 8 2 3 4 5 4 10 11 17 16 10 4 3 9 15 14 13 19 20 26 32 33 34 28 29 23 22 28 29 35 36 30 
Beneficio: -1
d 7 d 2 8 2 3 4 5 4 10 11 17 16 10 4 3 9 15 14 13 19 20 21 27 26 25 31 32 33 34 28 29 30 36 
Beneficio: -7
d 7 d 2 8 2 3 4 5 4 10 11 17 16 10 4 3 9 15 14 13 19 25 26 27 28 34 35 29 23 22 28 29 
Beneficio: 3
d 7 d 2 8 2 3 4 5 4 10 11 17 16 10 4 3 9 15 14 20 26 32 31 32 33 27 28 22 23 24 23 29 28 34 35 29 30 36 
Beneficio: -3
d 7 d 2 8 2 3 4 5 4 10 11 17 16 10 4 3 9 15 14 20 26 32 31 32 33 27 21 22 23 29 28 34 
Beneficio: 2
d 7 d 2 8 2 3 4 5 4 10 11 17 16 10 4 3 9 15 14 20 26 32 31 25 26 27 28 29 30 36 35 29 23 22 28 34 35 29 
Beneficio: -1
d 7 d 2 8 2 3 4 5 4 10 11 17 16 10 4 3 9 15 14 20 26 32 33 27 21 22 28 34 35 29 23 24 30 29 28 
Beneficio: 1
d 7 d 2 8 2 3 4 5 4 10 11 17 16 10 4 3 9 15 14 20 26 32 33 27 28 22 23 29 30 24 23 22 21 27 28 34 
Beneficio: 0
d 7 d 2 8 2 3 4 5 4 10 11 17 16 10 4 3 9 15 14 20 26 32 33 34 28 29 23 24 30 29 23 22 28 22 
Beneficio: 0
d 7 d 2 8 2 3 4 5 4 10 11 17 16 10 4 3 9 15 14 20 26 32 33 34 35 29 30 36 30 24 23 22 28 27 26 
Beneficio: -2
d 7 d 2 8 2 3 4 5 4 10 11 17 16 10 4 3 9 15 14 20 26 32 26 27 33 34 28 22 23 29 30 24 18 12 
Beneficio: -3
d 7 d 2 8 2 3 4 5 4 10 11 17 16 10 4 3 9 15 14 20 26 32 33 34 35 29 23 24 23 22 28 34 28 
Beneficio: 0
d 7 d 2 8 2 3 4 5 4 10 11 17 16 10 4 3 9 15 14 20 26 27 21 22 23 29 35 34 28 29 30 24 23 
Beneficio: -1
d 7 d 2 8 2 3 4 5 4 10 11 17 16 10 4 3 9 15 14 20 26 27 28 22 23 29 30 36 35 29 28 27 33 32 26 20 
Beneficio: 0
d 7 d 2 8 2 3 4 5 4 10 11 17 16 10 4 3 9 15 14 20 26 27 28 34 35 36 30 29 30 24 23 29 28 34 33 
Beneficio: -5
d 7 d 2 8 2 3 4 5 4 10 11 17 16 10 4 3 9 15 14 20 26 27 28 29 35 34 33 32 31 25 19 
Beneficio: -3
d 7 d 2 8 2 3 4 5 4 10 11 17 16 10 4 3 9 15 14 20 26 27 33 34 35 36 30 29 28 34 28 22 21 
Beneficio: 3
d 7 d 2 8 2 3 4 5 4 10 11 17 16 10 4 3 9 15 14 20 26 27 33 34 35 36 30 29 23 24 23 22 28 34 33 32 
Beneficio: -3
d 7 d 2 8 2 3 4 5 4 10 11 17 16 10 4 3 9 15 14 20 26 27 28 22 23 29 28 34 33 32 26 25 19 20 21 
Beneficio: 2
d 7 d 2 8 2 3 4 5 4 10 11 17 16 10 4 3 9 15 14 20 26 32 31 32 33 27 28 34 28 22 23 29 30 36 35 29 
Beneficio: 1
d 7 d 2 8 2 3 4 5 4 10 11 17 16 10 4 3 9 15 14 20 26 32 33 34 35 36 30 24 23 22 28 34 35 
Beneficio: 4
d 7 d 2 8 2 3 4 5 4 10 11 17 16 10 4 3 9 15 14 20 26 25 31 32 26 27 28 29 30 36 35 29 23 24 23 22 28 34 35 
Beneficio: 2
d 7 d 2 8 2 3 4 5 4 10 11 17 16 10 4 3 9 15 14 20 26 25 31 32 33 27 28 29 30 36 35 34 28 22 23 29 30 
Beneficio: -2
d 7 d 2 8 2 3 4 5 4 10 11 17 16 10 4 3 9 15 14 20 26 32 31 32 33 27 28 29 35 36 30 24 23 22 
Beneficio: 1
d 7 d 2 8 2 3 4 5 4 10 11 17 16 10 4 3 9 15 14 20 26 32 33 34 28 29 35 36 30 29 23 22 28 
Beneficio: -3
d 7 d 2 8 2 3 4 5 4 10 11 17 16 10 4 3 9 15 14 20 26 27 21 22 23 24 30 29 28 22 28 34 33 27 
Beneficio: -5
d 7 d 2 8 2 3 4 5 4 10 11 17 16 10 4 3 9 15 14 20 26 27 33 34 35 36 30 29 28 22 23 24 18 
Beneficio: -3
d 7 d 2 8 2 3 4 5 4 10 11 17 16 10 4 3 9 15 14 20 26 25 31 32 33 34 28 22 28 27 26 32 
Beneficio: -2
d 7 d 2 8 2 3 4 5 4 10 11 17 16 10 4 3 9 15 14 20 19 25 26 32 33 34 35 36 30 29 28 34 33 
Beneficio: 0
d 7 d 2 8 2 3 4 5 4 10 11 17 16 10 4 3 9 15 14 20 19 25 31 32 26 27 28 29 23 22 28 34 35 29 30 36 35 
Beneficio: -6
d 7 d 2 8 2 3 4 5 4 10 11 17 16 10 4 3 9 15 14 20 19 25 31 32 26 27 28 34 35 29 28 22 
Beneficio: -4
d 7 d 2 8 2 3 4 5 4 10 11 17 16 10 4 3 9 15 14 20 21 22 28 34 33 27 26 32 31 
Beneficio: -3
d 7 d 2 8 2 3 4 5 4 10 11 17 16 10 4 3 9 15 14 20 21 27 26 20 21 22 28 34 33 32 26 27 28 29 
Beneficio: 2
d 7 d 2 8 2 3 4 5 4 10 11 17 16 10 4 3 9 15 14 20 21 27 26 20 26 32 33 34 28 22 23 24 30 29 28 34 
Beneficio: -3
d 7 d 2 8 2 3 4 5 4 10 11 17 16 10 4 3 9 15 14 20 21 27 33 32 26 20 26 32 31 32 
Beneficio: -3
d 7 d 2 8 2 3 4 5 4 10 11 17 16 10 4 3 9 15 14 20 21 22 28 29 30 24 23 29 35 34 33 32 31 
Beneficio: -5
d 7 d 2 8 2 3 4 5 4 10 11 17 16 10 4 3 9 15 14 20 21 27 26 20 26 27 33 34 28 22 23 29 35 
Beneficio: -1
d 7 d 2 8 2 3 4 5 4 10 11 17 16 10 4 3 9 15 14 20 21 27 33 32 26 27 28 29 30 24 23 29 35 34 28 22 23 
Beneficio: -5
d 7 d 2 8 2 3 4 5 4 10 11 17 16 10 4 3 9 15 14 20 21 27 33 32 26 27 33 34 28 29 23 22 28 34 
Beneficio: 6
d 7 d 2 8 2 3 4 5 4 10 11 17 16 10 4 3 9 15 14 20 26 32 31 32 33 34 28 29 35 36 30 29 23 24 23 22 28 27 
Beneficio: -4
d 7 d 2 8 2 3 4 5 4 10 11 17 16 10 4 3 9 15 14 20 26 32 31 25 26 27 21 22 28 29 23 
Beneficio: -2
d 7 d 2 8 2 3 4 5 4 10 11 17 16 10 4 3 9 15 14 20 26 32 33 32 31 25 26 27 28 22 23 29 30 36 30 
Beneficio: -3
d 7 d 2 8 2 3 4 5 4 10 11 17 16 10 4 3 9 15 14 20 26 32 33 27 28 22 23 29 35 34 28 29 30 24 
Beneficio: -1
d 7 d 2 8 2 3 4 5 4 10 11 17 16 10 4 3 9 15 14 20 26 32 33 34 28 22 23 24 30 29 28 27 26 20 14 
Beneficio: 1
d 7 d 2 8 2 3 4 5 4 10 11 17 16 10 4 3 9 15 14 20 26 32 33 34 28 22 28 29 23 24 30 29 35 34 28 27 26 
Beneficio: 2
d 7 d 2 8 2 3 4 5 4 10 11 17 16 10 4 3 9 15 14 20 26 32 26 27 28 34 28 22 23 24 30 29 28 27 33 32 31 
Beneficio: -2
d 7 d 2 8 2 3 4 5 4 10 11 17 16 10 4 3 9 15 14 20 26 32 33 27 21 22 28 29 30 29 23 22 28 34 35 
Beneficio: 1
d 7 d 2 8 2 3 4 5 4 10 11 17 16 10 4 3 9 15 14 20 26 27 21 22 23 29 35 36 30 29 28 34 28 22 23 24 
Beneficio: 1
d 7 d 2 8 2 3 4 5 4 10 11 17 16 10 4 3 9 15 14 20 26 27 28 34 35 29 28 22 23 29 30 36 30 24 
Beneficio: -2
d 7 d 2 8 2 3 4 5 4 10 11 17 16 10 4 3 9 15 14 20 26 27 28 29 35 36 30 24 23 22 28 27 33 32 31 
Beneficio: -1
d 7 d 2 8 2 3 4 5 4 10 11 17 16 10 4 3 9 15 14 20 26 27 28 29 30 36 35 34 33 32 31 32 26 25 
Beneficio: -3
d 7 d 2 8 2 3 4 5 4 10 11 17 16 10 4 3 9 15 14 20 26 27 33 32 33 34 35 36 30 29 23 22 21 
Beneficio: 3
d 7 d 2 8 2 3 4 5 4 10 11 17 16 10 4 3 9 15 14 20 26 27 33 32 33 34 35 36 30 29 28 34 28 22 23 24 
Beneficio: -1
d 7 d 2 8 2 3 4 5 4 10 11 17 16 10 4 3 9 15 14 20 26 20 21 22 23 29 35 34 28 22 23 24 30 29 
Beneficio: 1
d 7 d 2 8 2 3 4 5 4 10 11 17 16 10 4 3 9 15 14 20 26 27 28 29 35 36 30 24 23 22 28 34 33 32 
Beneficio: 0
d 7 d 2 8 2 3 4 5 4 10 11 17 16 10 4 3 9 15 14 20 26 32 33 27 28 29 30 36 30 24 23 22 28 34 35 
Beneficio: -1
d 7 d 2 8 2 3 4 5 4 10 11 17 16 10 4 3 9 15 14 20 26 25 31 32 26 27 28 34 35 36 30 29 28 
Beneficio: 3
d 7 d 2 8 2 3 4 5 4 10 11 17 16 10 4 3 9 15 14 20 26 25 31 32 33 34 35 36 30 29 23 24 23 22 28 
Beneficio: 1
d 7 d 2 8 2 3 4 5 4 10 11 17 16 10 4 3 9 15 14 20 26 25 31 32 26 27 33 34 35 36 30 24 23 29 28 34 
Beneficio: 1
d 7 d 2 8 2 3 4 5 4 10 11 17 16 10 4 3 9 15 14 20 26 32 33 32 31 25 26 27 28 22 23 24 30 29 28 34 
Beneficio: -3
d 7 d 2 8 2 3 4 5 4 10 11 17 16 10 4 3 9 15 14 20 26 32 26 27 28 34 35 29 30 29 23 24 18 
Beneficio: -1
d 7 d 2 8 2 3 4 5 4 10 11 17 16 10 4 3 9 15 14 20 26 27 28 34 35 29 28 22 23 24 30 29 30 36 35 
Beneficio: -2
d 7 d 2 8 2 3 4 5 4 10 11 17 16 10 4 3 9 15 14 20 26 32 31 32 33 27 28 22 23 24 23 29 28 34 33 
Beneficio: -7
d 7 d 2 8 2 3 4 5 4 10 11 17 16 10 4 3 9 15 14 20 19 25 26 27 21 22 23 29 35 34 28 22 
Beneficio: 0
d 7 d 2 8 2 3 4 5 4 10 11 17 16 10 4 3 9 15 14 20 19 25 31 32 26 27 28 22 23 24 30 36 30 29 28 
Beneficio: -5
d 7 d 2 8 2 3 4 5 4 10 11 17 16 10 4 3 9 15 14 20 19 25 26 32 33 27 26 20 21 22 28 29 23 24 
Beneficio: -6
d 7 d 2 8 2 3 4 5 4 10 11 17 16 10 4 3 9 15 14 20 21 22 23 24 30 36 35 34 33 32 
Beneficio: -5
d 7 d 2 8 2 3 4 5 4 10 11 17 16 10 4 3 9 15 14 20 21 22 23 29 30 36 35 29 28 22 21 27 26 
Beneficio: -2
d 7 d 2 8 2 3 4 5 4 10 11 17 16 10 4 3 9 15 14 20 21 27 28 22 28 29 30 24 23 29 28 27 26 32 31 
Beneficio: -6
d 7 d 2 8 2 3 4 5 4 10 11 17 16 10 4 3 9 15 14 20 21 27 26 32 33 34 28 29 23 24 18 
Beneficio: -2
d 7 d 2 8 2 3 4 5 4 10 11 17 16 10 4 3 9 15 14 20 21 22 23 24 23 29 28 27 26 32 26 20 21 22 28 34 
Beneficio: -2
d 7 d 2 8 2 3 4 5 4 10 11 17 16 10 4 3 9 15 14 20 21 22 23 24 30 36 35 34 28 27 26 32 31 
Beneficio: -1
d 7 d 2 8 2 3 4 5 4 10 11 17 16 10 4 3 9 15 14 20 21 27 28 34 33 32 26 27 28 29 23 24 30 29 28 22 
Beneficio: -4
d 7 d 2 8 2 3 4 5 4 10 11 17 16 10 4 3 9 15 14 20 21 27 26 32 33 34 28 22 23 29 30 36 
Beneficio: -1
d 7 d 2 8 2 3 4 5 4 10 11 17 16 10 4 3 9 15 14 13 19 20 26 32 26 27 28 22 23 24 30 29 28 34 33 32 
Beneficio: -3
d 7 d 2 8 2 3 4 5 4 10 11 17 16 10 4 3 9 15 14 13 19 20 26 32 31 25 26 27 21 22 28 29 23 22 
Beneficio: -3
d 7 d 2 8 2 3 4 5 4 10 11 17 16 10 4 3 9 15 14 13 19 20 21 22 28 27 26 32 33 34 28 29 30 29 23 
Beneficio: -5
d 7 d 2 8 2 3 4 5 4 10 11 17 16 10 4 3 9 15 14 13 19 25 31 32 33 27 28 29 30 36 35 
Beneficio: 1
d 7 d 2 8 2 3 4 5 4 10 11 17 16 10 4 3 9 15 14 13 19 20 26 32 33 27 28 29 30 36 35 34 28 22 23 29 
Beneficio: -3
d 7 d 2 8 2 3 4 5 4 10 11 17 16 10 4 3 9 15 14 13 19 20 21 22 28 29 30 36 35 34 28 27 
Beneficio: 3
d 7 d 2 8 2 3 4 5 4 10 11 17 16 10 4 3 9 15 14 13 19 20 26 25 31 32 26 32 33 34 28 22 23 29 30 36 
Beneficio: -1
d 7 d 2 8 2 3 4 5 4 10 11 17 16 10 4 3 9 15 14 13 19 25 31 32 26 20 21 22 23 24 30 29 28 34 
Beneficio: -8
d 7 d 2 8 2 3 4 5 4 10 11 17 16 10 4 3 9 15 14 13 19 25 31 32 26 27 28 29 30 29 
Beneficio: -5
d 7 d 2 8 2 3 4 5 4 10 11 17 16 10 4 3 9 15 14 13 19 20 26 27 28 22 23 29 30 29 28 34 35 36 
Beneficio: -4
d 7 d 2 8 2 3 4 5 4 10 11 17 16 10 4 3 9 15 14 13 19 20 26 27 21 22 23 29 30 29 23 24 
Beneficio: -3
d 7 d 2 8 2 3 4 5 4 10 11 17 16 10 4 3 9 15 14 13 19 25 31 32 26 27 28 29 23 22 28 34 33 32 31 
Beneficio: -7
d 7 d 2 8 2 3 4 5 4 10 11 17 16 10 4 3 9 15 14 13 19 25 31 32 26 27 21 22 28 29 23 
Beneficio: -4
d 7 d 2 8 2 3 4 5 4 10 11 17 16 10 4 3 9 15 14 13 19 20 26 32 33 34 28 27 21 
Beneficio: -1
d 7 d 2 8 2 3 4 5 4 10 11 17 16 10 4 3 9 15 14 13 19 20 26 27 28 34 35 36 30 29 23 22 28 29 30 24 
Beneficio: -2
d 7 d 2 8 2 3 4 5 4 10 11 17 16 10 4 3 9 15 14 13 19 25 26 32 33 34 35 36 30 29 28 27 26 20 
Beneficio: -2
d 7 d 2 8 2 3 4 5 4 10 11 17 16 10 4 3 9 15 14 13 19 25 31 32 26 27 28 22 23 24 30 29 28 34 33 
Beneficio: 6
d 7 d 2 8 2 3 4 5 4 10 11 17 16 10 4 3 9 15 14 20 26 32 31 32 33 34 35 36 30 29 23 24 23 22 28 34 33 
Beneficio: 0
d 7 d 2 8 2 3 4 5 4 10 11 17 16 10 4 3 9 15 14 20 26 32 31 25 26 27 28 22 23 24 30 29 23 24 18 12 
Beneficio: -3
d 7 d 2 8 2 3 4 5 4 10 11 17 16 10 4 3 9 15 14 20 26 32 31 25 26 27 33 34 35 29 28 22 23 29 
Beneficio: 1
d 7 d 2 8 2 3 4 5 4 10 11 17 16 10 4 3 9 15 14 20 26 32 33 27 28 29 23 24 30 36 30 29 28 22 28 
Beneficio: 1
d 7 d 2 8 2 3 4 5 4 10 11 17 16 10 4 3 9 15 14 20 26 32 33 27 28 29 23 24 30 29 35 34 28 22 23 24 18 
Beneficio: -1
d 7 d 2 8 2 3 4 5 4 10 11 17 16 10 4 3 9 15 14 20 26 32 33 34 35 36 30 24 23 22 21 20 
Beneficio: -1
d 7 d 2 8 2 3 4 5 4 10 11 17 16 10 4 3 9 15 14 20 26 32 26 27 21 22 28 29 30 36 35 29 23 24 
Beneficio: 3
d 7 d 2 8 2 3 4 5 4 10 11 17 16 10 4 3 9 15 14 20 26 32 26 27 28 22 23 24 30 36 30 29 28 34 33 32 31 
Beneficio: 0
d 7 d 2 8 2 3 4 5 4 10 11 17 16 10 4 3 9 15 14 20 26 27 21 22 28 29 30 36 30 24 23 22 21 20 26 32 
Beneficio: 1
d 7 d 2 8 2 3 4 5 4 10 11 17 16 10 4 3 9 15 14 20 26 27 28 34 28 22 23 29 35 36 30 29 23 24 18 12 
Beneficio: -2
d 7 d 2 8 2 3 4 5 4 10 11 17 16 10 4 3 9 15 14 20 26 27 28 29 23 24 30 29 23 22 28 22 21 20 
Beneficio: 1
d 7 d 2 8 2 3 4 5 4 10 11 17 16 10 4 3 9 15 14 20 26 27 28 22 23 24 30 36 35 29 28 34 33 32 26 25 
Beneficio: 5
d 7 d 2 8 2 3 4 5 4 10 11 17 16 10 4 3 9 15 14 20 26 27 33 32 26 27 28 29 30 36 35 34 28 22 23 24 18 12 6 
Beneficio: -1
d 7 d 2 8 2 3 4 5 4 10 11 17 16 10 4 3 9 15 14 20 26 27 33 32 26 27 28 22 23 29 35 36 30 29 23 
Beneficio: -2
d 7 d 2 8 2 3 4 5 4 10 11 17 16 10 4 3 9 15 14 20 26 20 21 27 28 34 28 29 30 24 23 29 28 
Beneficio: 2
d 7 d 2 8 2 3 4 5 4 10 11 17 16 10 4 3 9 15 14 20 26 27 28 22 23 29 30 36 35 29 28 34 33 32 26 25 
Beneficio: -2
d 7 d 2 8 2 3 4 5 4 10 11 17 16 10 4 3 9 15 14 20 26 32 33 27 28 29 35 34 28 22 23 24 30 
Beneficio: 1
d 7 d 2 8 2 3 4 5 4 10 11 17 16 10 4 3 9 15 14 20 26 25 31 32 26 27 28 29 35 36 30 29 23 22 
Beneficio: -1
d 7 d 2 8 2 3 4 5 4 10 11 17 16 10 4 3 9 15 14 20 26 25 31 32 33 27 28 29 35 36 30 29 30 
Beneficio: 2
d 7 d 2 8 2 3 4 5 4 10 11 17 16 10 4 3 9 15 14 20 26 25 31 32 26 27 28 22 23 24 23 29 30 36 35 34 28 29 
Beneficio: -2
d 7 d 2 8 2 3 4 5 4 10 11 17 16 10 4 3 9 15 14 20 26 32 31 25 26 27 28 22 23 24 23 29 28 34 
Beneficio: -2
d 7 d 2 8 2 3 4 5 4 10 11 17 16 10 4 3 9 15 14 20 26 32 33 34 35 29 30 36 35 34 28 29 23 22 21 
Beneficio: -7
d 7 d 2 8 2 3 4 5 4 10 11 17 16 10 4 3 9 15 14 20 26 27 28 29 30 24 23 29 35 34 33 32 
Beneficio: -8
d 7 d 2 8 2 3 4 5 4 10 11 17 16 10 4 3 9 15 14 20 26 27 28 22 23 24 23 29 
Beneficio: -5
d 7 d 2 8 2 3 4 5 4 10 11 17 16 10 4 3 9 15 14 20 19 25 26 32 33 27 28 29 23 24 30 29 
Beneficio: -2
d 7 d 2 8 2 3 4 5 4 10 11 17 16 10 4 3 9 15 14 20 19 25 31 32 26 27 33 34 28 22 23 24 30 36 
Beneficio: -5
d 7 d 2 8 2 3 4 5 4 10 11 17 16 10 4 3 9 15 14 20 19 25 26 32 31 25 26 20 21 22 23 29 28 
Beneficio: -3
d 7 d 2 8 2 3 4 5 4 10 11 17 16 10 4 3 9 15 14 20 21 22 28 34 35 36 30 24 23 29 30 
Beneficio: -4
d 7 d 2 8 2 3 4 5 4 10 11 17 16 10 4 3 9 15 14 20 21 22 23 24 23 29 30 29 28 22 21 27 26 32 
Beneficio: -5
d 7 d 2 8 2 3 4 5 4 10 11 17 16 10 4 3 9 15 14 20 21 27 26 25 31 32 33 34 28 29 23 22 28 22 
Beneficio: -2
d 7 d 2 8 2 3 4 5 4 10 11 17 16 10 4 3 9 15 14 20 21 27 26 32 33 34 28 29 35 36 30 24 23 22 
Beneficio: -4
d 7 d 2 8 2 3 4 5 4 10 11 17 16 10 4 3 9 15 14 20 21 22 28 29 30 24 23 29 30 36 30 
Beneficio: -3
d 7 d 2 8 2 3 4 5 4 10 11 17 16 10 4 3 9 15 14 20 21 22 28 34 35 29 30 24 23 29 28 27 26 20 
Beneficio: -4
d 7 d 2 8 2 3 4 5 4 10 11 17 16 10 4 3 9 15 14 20 21 27 26 32 26 20 21 22 23 24 23 29 28 22 
Beneficio: 1
d 7 d 2 8 2 3 4 5 4 10 11 17 16 10 4 3 9 15 14 20 21 27 26 32 33 34 28 22 23 24 30 29 28 27 26 20 14 
Beneficio: 3
d 7 d 2 8 2 3 4 5 4 10 11 17 16 10 4 3 9 15 14 20 26 32 31 32 33 27 28 29 23 22 28 34 35 29 30 36 30 
Beneficio: 0
d 7 d 2 8 2 3 4 5 4 10 11 17 16 10 4 3 9 15 14 20 26 32 31 32 26 27 33 34 28 22 23 29 35 
Beneficio: 0
d 7 d 2 8 2 3 4 5 4 10 11 17 16 10 4 3 9 15 14 20 26 32 31 25 26 27 21 22 28 29 30 36 30 24 
Beneficio: -4
d 7 d 2 8 2 3 4 5 4 10 11 17 16 10 4 3 9 15 14 20 26 32 33 32 26 20 21 27 28 29 23 24 18 
Beneficio: 1
d 7 d 2 8 2 3 4 5 4 10 11 17 16 10 4 3 9 15 14 20 26 32 33 27 21 22 28 34 28 29 35 36 30 29 28 
Beneficio: 3
d 7 d 2 8 2 3 4 5 4 10 11 17 16 10 4 3 9 15 14 20 26 32 33 34 28 29 30 24 23 22 28 27 26 32 31 25 
Beneficio: -2
d 7 d 2 8 2 3 4 5 4 10 11 17 16 10 4 3 9 15 14 20 26 32 33 34 28 27 26 20 14 
Beneficio: -2
d 7 d 2 8 2 3 4 5 4 10 11 17 16 10 4 3 9 15 14 20 26 32 26 27 28 22 23 29 35 36 30 24 23 29 28 34 
Beneficio: 0
d 7 d 2 8 2 3 4 5 4 10 11 17 16 10 4 3 9 15 14 20 26 32 33 34 28 22 23 24 30 29 23 22 28 34 33 
Beneficio: 2
d 7 d 2 8 2 3 4 5 4 10 11 17 16 10 4 3 9 15 14 20 26 27 21 22 28 34 35 36 30 24 23 29 28 27 33 32 31 
Beneficio: -1
d 7 d 2 8 2 3 4 5 4 10 11 17 16 10 4 3 9 15 14 20 26 27 28 22 23 29 30 29 28 27 33 32 26 32 31 32 33 
Beneficio: 3
d 7 d 2 8 2 3 4 5 4 10 11 17 16 10 4 3 9 15 14 20 26 27 28 34 33 32 26 25 31 32 33 27 28 22 23 29 30 36 
Beneficio: 1
d 7 d 2 8 2 3 4 5 4 10 11 17 16 10 4 3 9 15 14 20 26 27 28 29 35 36 30 29 28 34 28 22 
Beneficio: 3
d 7 d 2 8 2 3 4 5 4 10 11 17 16 10 4 3 9 15 14 20 26 27 33 34 28 22 28 29 30 36 35 29 23 24 18 12 6 
Beneficio: 0
d 7 d 2 8 2 3 4 5 4 10 11 17 16 10 4 3 9 15 14 20 26 27 33 34 28 22 23 29 35 36 30 29 28 34 33 32 
Beneficio: -2
d 7 d 2 8 2 3 4 5 4 10 11 17 16 10 4 3 9 15 14 20 26 27 21 22 23 29 30 36 35 34 28 27 
Beneficio: 2
d 7 d 2 8 2 3 4 5 4 10 11 17 16 10 4 3 9 15 14 20 26 27 33 32 26 32 33 34 28 29 35 36 30 29 23 24 
Beneficio: -4
d 7 d 2 8 2 3 4 5 4 10 11 17 16 10 4 3 9 15 14 20 26 32 33 34 28 22 23 29 30 24 18 12 
Beneficio: -1
d 7 d 2 8 2 3 4 5 4 10 11 17 16 10 4 3 9 15 14 20 26 25 31 32 33 34 28 22 23 24 30 29 28 
Beneficio: -3
d 7 d 2 8 2 3 4 5 4 10 11 17 16 10 4 3 9 15 14 20 26 25 31 32 26 27 21 22 23 29 35 34 28 29 
Beneficio: 2
d 7 d 2 8 2 3 4 5 4 10 11 17 16 10 4 3 9 15 14 20 26 25 31 32 33 34 28 22 23 24 30 29 35 36 30 
Beneficio: -2
d 7 d 2 8 2 3 4 5 4 10 11 17 16 10 4 3 9 15 14 20 26 32 33 27 28 34 28 29 35 36 30 29 23 22 28 
Beneficio: -1
d 7 d 2 8 2 3 4 5 4 10 11 17 16 10 4 3 9 15 14 20 26 27 21 22 28 34 35 36 30 29 28 22 23 24 18 
Beneficio: -8
d 7 d 2 8 2 3 4 5 4 10 11 17 16 10 4 3 9 15 14 20 26 27 33 32 26 27 28 29 35 36 
Beneficio: -3
d 7 d 2 8 2 3 4 5 4 10 11 17 16 10 4 3 9 15 14 20 26 25 31 32 33 27 28 29 30 36 35 34 
Beneficio: -6
d 7 d 2 8 2 3 4 5 4 10 11 17 16 10 4 3 9 15 14 20 19 25 31 32 26 32 33 27 28 29 23 22 21 
Beneficio: -2
d 7 d 2 8 2 3 4 5 4 10 11 17 16 10 4 3 9 15 14 20 19 25 26 32 33 34 28 29 30 29 23 24 18 
Beneficio: -3
d 7 d 2 8 2 3 4 5 4 10 11 17 16 10 4 3 9 15 14 20 19 25 31 32 26 20 21 22 23 29 30 36 
Beneficio: 0
d 7 d 2 8 2 3 4 5 4 10 11 17 16 10 4 3 9 15 14 20 21 22 23 29 30 36 30 29 28 34 33 32 26 20 19 
Beneficio: -3
d 7 d 2 8 2 3 4 5 4 10 11 17 16 10 4 3 9 15 14 20 21 22 28 29 23 24 30 29 28 34 33 27 26 32 
Beneficio: -2
d 7 d 2 8 2 3 4 5 4 10 11 17 16 10 4 3 9 15 14 20 21 27 33 34 28 29 30 36 35 34 33 32 26 27 
Beneficio: -4
d 7 d 2 8 2 3 4 5 4 10 11 17 16 10 4 3 9 15 14 20 21 27 28 29 23 24 30 29 30 36 35 
Beneficio: -1
d 7 d 2 8 2 3 4 5 4 10 11 17 16 10 4 3 9 15 14 20 21 22 23 29 35 36 30 29 28 34 33 32 26 27 21 22 28 
Beneficio: -1
d 7 d 2 8 2 3 4 5 4 10 11 17 16 10 4 3 9 15 14 20 21 22 23 24 30 29 30 36 35 34 28 22 
Beneficio: -3
d 7 d 2 8 2 3 4 5 4 10 11 17 16 10 4 3 9 15 14 20 21 27 33 32 26 20 21 27 28 29 23 22 28 34 35 
Beneficio: -8
d 7 d 2 8 2 3 4 5 4 10 11 17 16 10 4 3 9 15 14 20 21 27 28 22 23 29 35 34 33 32 31 
Beneficio: 1
d 7 d 2 8 2 3 4 5 4 10 11 17 16 10 4 3 9 15 21 20 26 32 31 32 33 34 35 29 30 24 23 22 28 34 35 
Beneficio: 4
d 7 d 2 8 2 3 4 5 4 10 11 17 16 10 4 3 9 15 21 20 26 32 31 25 26 27 28 29 23 22 28 34 35 36 30 29 
Beneficio: -3
d 7 d 2 8 2 3 4 5 4 10 11 17 16 10 4 3 9 15 21 20 26 32 31 25 26 27 33 34 28 22 23 29 35 
Beneficio: -3
d 7 d 2 8 2 3 4 5 4 10 11 17 16 10 4 3 9 15 21 20 26 32 33 27 28 34 28 29 23 22 28 27 21 20 14 
Beneficio: 3
d 7 d 2 8 2 3 4 5 4 10 11 17 16 10 4 3 9 15 21 20 26 32 33 34 28 22 23 24 30 29 23 17 18 12 6 5 11 
Beneficio: -3
d 7 d 2 8 2 3 4 5 4 10 11 17 16 10 4 3 9 15 21 20 26 32 33 34 28 22 23 29 28 34 33 27 21 20 14 
Beneficio: -3
d 7 d 2 8 2 3 4 5 4 10 11 17 16 10 4 3 9 15 21 20 26 32 26 27 21 22 28 29 30 24 23 22 21 20 
Beneficio: -5
d 7 d 2 8 2 3 4 5 4 10 11 17 16 10 4 3 9 15 21 20 26 32 33 27 28 34 35 36 30 24 
Beneficio: 1
d 7 d 2 8 2 3 4 5 4 10 11 17 16 10 4 3 9 15 21 20 26 27 21 22 23 24 23 29 30 36 35 29 28 34 28 
Beneficio: 4
d 7 d 2 8 2 3 4 5 4 10 11 17 16 10 4 3 9 15 21 20 26 27 28 34 35 36 30 29 23 24 23 22 28 27 33 32 26 
Beneficio: -2
d 7 d 2 8 2 3 4 5 4 10 11 17 16 10 4 3 9 15 21 20 26 27 28 29 35 36 30 29 23 24 18 12 
Beneficio: 1
d 7 d 2 8 2 3 4 5 4 10 11 17 16 10 4 3 9 15 21 20 26 27 28 29 30 24 23 29 35 34 28 27 33 32 31 25 
Beneficio: 0
d 7 d 2 8 2 3 4 5 4 10 11 17 16 10 4 3 9 15 21 20 26 27 33 34 28 29 35 36 30 29 23 22 28 27 33 32 
Beneficio: 0
d 7 d 2 8 2 3 4 5 4 10 11 17 16 10 4 3 9 15 21 20 26 27 33 34 28 34 35 36 30 29 28 27 33 32 26 
Beneficio: 0
d 7 d 2 8 2 3 4 5 4 10 11 17 16 10 4 3 9 15 21 20 26 27 28 29 23 24 30 29 23 22 28 34 33 27 
Beneficio: 1
d 7 d 2 8 2 3 4 5 4 10 11 17 16 10 4 3 9 15 21 20 26 32 33 34 28 22 23 24 18 
Beneficio: 0
d 7 d 2 8 2 3 4 5 4 10 11 17 16 10 4 3 9 15 21 20 26 25 31 32 33 27 28 29 30 36 30 29 23 22 28 
Beneficio: 0
d 7 d 2 8 2 3 4 5 4 10 11 17 16 10 4 3 9 15 21 20 26 25 31 32 26 27 28 22 28 29 30 36 30 29 23 22 21 
Beneficio: 0
d 7 d 2 8 2 3 4 5 4 10 11 17 16 10 4 3 9 15 21 20 26 25 31 32 33 27 28 22 23 29 28 34 33 27 26 32 
Beneficio: -3
d 7 d 2 8 2 3 4 5 4 10 11 17 16 10 4 3 9 15 21 20 26 32 33 27 28 29 30 24 23 22 28 27 26 20 19 
Beneficio: -3
d 7 d 2 8 2 3 4 5 4 10 11 17 16 10 4 3 9 15 21 20 26 27 28 22 23 24 30 36 35 29 30 29 28 
Beneficio: -4
d 7 d 2 8 2 3 4 5 4 10 11 17 16 10 4 3 9 15 21 20 26 27 28 22 23 29 28 34 33 32 31 
Beneficio: -5
d 7 d 2 8 2 3 4 5 4 10 11 17 16 10 4 3 9 15 21 20 19 25 26 27 28 22 23 29 28 34 35 29 30 
Beneficio: -4
d 7 d 2 8 2 3 4 5 4 10 11 17 16 10 4 3 9 15 21 20 19 25 31 32 33 27 28 22 23 24 30 29 
Beneficio: 1
d 7 d 2 8 2 3 4 5 4 10 11 17 16 10 4 3 9 15 21 20 19 25 31 32 33 34 28 29 23 24 30 36 30 29 
Beneficio: 3
d 7 d 2 8 2 3 4 5 4 10 11 17 16 10 4 3 9 15 21 20 26 32 31 32 33 34 28 29 30 24 23 22 21 27 33 
Beneficio: -1
d 7 d 2 8 2 3 4 5 4 10 11 17 16 10 4 3 9 15 21 20 26 32 31 25 26 27 28 22 23 24 23 22 
Beneficio: -1
d 7 d 2 8 2 3 4 5 4 10 11 17 16 10 4 3 9 15 21 20 26 32 33 32 31 25 19 20 21 22 28 29 23 24 23 22 
Beneficio: -1
d 7 d 2 8 2 3 4 5 4 10 11 17 16 10 4 3 9 15 21 20 26 32 33 27 28 22 23 29 30 24 23 24 18 12 
Beneficio: 1
d 7 d 2 8 2 3 4 5 4 10 11 17 16 10 4 3 9 15 21 20 26 32 33 34 28 22 23 24 30 29 23 22 21 27 
Beneficio: 2
d 7 d 2 8 2 3 4 5 4 10 11 17 16 10 4 3 9 15 21 20 26 32 33 34 28 29 30 36 30 24 23 29 35 34 28 27 26 
Beneficio: -2
d 7 d 2 8 2 3 4 5 4 10 11 17 16 10 4 3 9 15 21 20 26 32 26 27 28 34 35 29 30 24 23 22 
Beneficio: 2
d 7 d 2 8 2 3 4 5 4 10 11 17 16 10 4 3 9 15 21 20 26 32 33 27 28 29 23 24 23 22 28 34 35 29 30 36 35 
Beneficio: -4
d 7 d 2 8 2 3 4 5 4 10 11 17 16 10 4 3 9 15 21 20 26 27 21 22 23 24 23 29 30 24 18 12 
Beneficio: -1
d 7 d 2 8 2 3 4 5 4 10 11 17 16 10 4 3 9 15 21 20 26 27 28 22 23 24 30 36 35 34 28 29 30 29 23 22 
Beneficio: -2
d 7 d 2 8 2 3 4 5 4 10 11 17 16 10 4 3 9 15 21 20 26 27 28 34 28 29 30 24 23 22 
Beneficio: -2
d 7 d 2 8 2 3 4 5 4 10 11 17 16 10 4 3 9 15 21 20 26 27 28 29 23 22 28 34 33 32 31 25 26 27 21 
Beneficio: 1
d 7 d 2 8 2 3 4 5 4 10 11 17 16 10 4 3 9 15 21 20 26 27 33 34 35 36 30 29 23 22 28 34 33 32 26 27 28 
Beneficio: 2
d 7 d 2 8 2 3 4 5 4 10 11 17 16 10 4 3 9 15 21 20 26 27 33 34 28 22 23 24 30 29 28 27 33 32 31 25 26 
Beneficio: 1
d 7 d 2 8 2 3 4 5 4 10 11 17 16 10 4 3 9 15 21 20 26 27 33 32 26 27 28 34 28 22 28 29 30 24 23 29 
Beneficio: 0
d 7 d 2 8 2 3 4 5 4 10 11 17 16 10 4 3 9 15 21 20 26 32 33 34 28 29 23 24 30 36 30 29 35 
Beneficio: -2
d 7 d 2 8 2 3 4 5 4 10 11 17 16 10 4 3 9 15 21 20 26 25 31 32 33 34 35 36 30 29 23 22 28 22 
Beneficio: 1
d 7 d 2 8 2 3 4 5 4 10 11 17 16 10 4 3 9 15 21 20 26 25 31 32 26 27 33 34 28 29 30 24 23 22 21 20 
Beneficio: -3
d 7 d 2 8 2 3 4 5 4 10 11 17 16 10 4 3 9 15 21 20 26 25 31 32 33 34 35 29 28 34 35 29 23 
Beneficio: -4
d 7 d 2 8 2 3 4 5 4 10 11 17 16 10 4 3 9 15 21 20 26 32 33 34 28 29 35 36 30 24 18 12 
Beneficio: -7
d 7 d 2 8 2 3 4 5 4 10 11 17 16 10 4 3 9 15 21 20 26 27 28 29 23 22 28 34 35 36 30 24 
Beneficio: -4
d 7 d 2 8 2 3 4 5 4 10 11 17 16 10 4 3 9 15 21 20 26 27 33 34 28 22 23 24 23 29 28 27 
Beneficio: -7
d 7 d 2 8 2 3 4 5 4 10 11 17 16 10 4 3 9 15 21 20 19 25 26 32 26 27 28 22 28 
Beneficio: -5
d 7 d 2 8 2 3 4 5 4 10 11 17 16 10 4 3 9 15 21 20 19 25 26 32 33 34 28 22 23 29 35 34 
Beneficio: -3
d 7 d 2 8 2 3 4 5 4 10 11 17 16 10 4 3 9 15 21 20 19 25 31 32 26 27 33 34 28 29 23 24 23 22 28 
Beneficio: -3
d 7 d 2 8 2 3 4 5 4 10 11 17 16 10 4 3 9 15 21 22 28 34 33 32 31 25 26 27 28 29 23 24 30 
Beneficio: -3
d 7 d 2 8 2 3 4 5 4 10 11 17 16 10 4 3 9 15 21 22 28 34 33 32 26 27 28 22 23 29 
Beneficio: 0
d 7 d 2 8 2 3 4 5 4 10 11 17 16 10 4 3 9 15 21 22 28 34 35 29 30 24 23 22 21 20 26 27 33 32 31 
Beneficio: -1
d 7 d 2 8 2 3 4 5 4 10 11 17 16 10 4 3 9 15 21 22 28 29 30 36 35 29 23 24 23 22 28 27 26 32 33 27 21 
Beneficio: -1
d 7 d 2 8 2 3 4 5 4 10 11 17 16 10 4 3 9 15 21 22 28 29 30 24 23 22 21 20 26 25 31 32 33 
Beneficio: -1
d 7 d 2 8 2 3 4 5 4 10 11 17 16 10 4 3 9 15 21 22 28 29 23 24 30 29 35 34 33 32 26 20 26 
Beneficio: -1
d 7 d 2 8 2 3 4 5 4 10 11 17 16 10 4 3 9 15 21 22 28 29 35 36 30 29 23 22 28 34 33 32 26 25 31 
Beneficio: -2
d 7 d 2 8 2 3 4 5 4 10 11 17 16 10 4 3 9 15 21 22 28 22 23 29 30 24 23 29 28 34 33 32 26 20 21 
Beneficio: -5
d 7 d 2 8 2 3 4 5 4 10 11 17 16 10 4 3 9 15 21 22 28 34 35 29 30 24 23 29 28 27 26 20 19 
Beneficio: -2
d 7 d 2 8 2 3 4 5 4 10 11 17 16 10 4 3 9 15 21 22 28 27 26 20 26 25 31 32 33 34 28 29 30 24 
Beneficio: -1
d 7 d 2 8 2 3 4 5 4 10 11 17 16 10 4 3 9 15 21 22 23 24 23 29 30 29 28 34 33 27 26 20 21 22 28 27 
Beneficio: 2
d 7 d 2 8 2 3 4 5 4 10 11 17 16 10 4 3 9 15 21 22 23 24 23 29 30 36 35 29 28 34 33 32 26 20 21 22 
Beneficio: 0
d 7 d 2 8 2 3 4 5 4 10 11 17 16 10 4 3 9 15 21 22 23 24 30 29 35 34 28 22 21 20 26 32 33 32 
Beneficio: -2
d 7 d 2 8 2 3 4 5 4 10 11 17 16 10 4 3 9 15 21 22 23 24 30 29 28 34 33 32 26 27 21 22 23 
Beneficio: 1
d 7 d 2 8 2 3 4 5 4 10 11 17 16 10 4 3 9 15 21 22 23 24 30 36 35 34 33 32 26 20 26 27 21 22 28 34 
Beneficio: -3
d 7 d 2 8 2 3 4 5 4 10 11 17 16 10 4 3 9 15 21 22 23 29 30 36 35 34 28 27 33 32 31 25 26 
Beneficio: -3
d 7 d 2 8 2 3 4 5 4 10 11 17 16 10 4 3 9 15 21 22 23 29 30 29 35 34 28 27 33 32 26 20 19 
Beneficio: -4
d 7 d 2 8 2 3 4 5 4 10 11 17 16 10 4 3 9 15 21 22 23 29 28 34 33 32 26 20 26 27 21 22 23 24 30 
Beneficio: -4
d 7 d 2 8 2 3 4 5 4 10 11 17 16 10 4 3 9 15 21 22 23 29 28 22 28 34 33 32 26 20 14 13 19 
Beneficio: -1
d 7 d 2 8 2 3 4 5 4 10 11 17 16 10 4 3 9 15 21 22 23 29 35 36 30 29 35 34 28 22 21 27 26 20 14 
Beneficio: -1
d 7 d 2 8 2 3 4 5 4 10 11 17 16 10 4 3 9 15 21 22 23 29 30 24 23 29 28 34 28 22 21 20 26 
Beneficio: 4
d 7 d 2 8 2 3 4 5 4 10 11 17 16 10 4 3 9 15 21 22 23 24 30 36 30 29 28 34 28 22 21 20 26 27 33 32 31 
Beneficio: -3
d 7 d 2 8 2 3 4 5 4 10 11 17 16 10 4 3 9 15 21 22 23 29 28 34 35 29 30 36 35 34 33 32 31 
Beneficio: -2
d 7 d 2 8 2 3 4 5 4 10 11 17 16 10 4 3 9 15 21 22 28 34 33 32 26 27 28 29 35 36 30 29 23 24 
Beneficio: 2
d 7 d 2 8 2 3 4 5 4 10 11 17 16 10 4 3 9 15 21 22 28 27 26 20 26 32 33 34 28 29 30 29 23 24 30 36 35 
Beneficio: 1
d 7 d 2 8 2 3 4 5 4 10 11 17 16 10 4 3 9 15 21 22 28 34 33 32 31 32 26 20 21 27 28 22 23 29 30 24 
Beneficio: 3
d 7 d 2 8 2 3 4 5 4 10 11 17 16 10 4 3 9 15 21 22 28 34 33 32 26 20 21 22 23 24 30 36 30 29 23 24 
Beneficio: 2
d 7 d 2 8 2 3 4 5 4 10 11 17 16 10 4 3 9 15 21 22 28 34 35 36 30 29 35 34 33 32 26 20 26 27 
Beneficio: 2
d 7 d 2 8 2 3 4 5 4 10 11 17 16 10 4 3 9 15 21 22 28 29 30 36 30 24 23 29 28 34 33 32 31 25 26 20 
Beneficio: -5
d 7 d 2 8 2 3 4 5 4 10 11 17 16 10 4 3 9 15 21 22 28 29 30 29 35 34 33 27 26 32 26 
Beneficio: 0
d 7 d 2 8 2 3 4 5 4 10 11 17 16 10 4 3 9 15 21 22 28 29 23 24 30 29 23 22 28 34 33 27 26 32 31 25 
Beneficio: 1
d 7 d 2 8 2 3 4 5 4 10 11 17 16 10 4 3 9 15 21 22 28 29 35 36 30 29 23 22 28 34 33 32 26 25 31 32 
Beneficio: -1
d 7 d 2 8 2 3 4 5 4 10 11 17 16 10 4 3 9 15 21 22 28 22 23 29 30 36 35 34 33 27 26 20 26 32 33 34 
Beneficio: -2
d 7 d 2 8 2 3 4 5 4 10 11 17 16 10 4 3 9 15 21 22 28 29 35 36 30 29 23 22 28 27 26 20 14 
Beneficio: 2
d 7 d 2 8 2 3 4 5 4 10 11 17 16 10 4 3 9 15 21 22 28 27 33 32 26 20 21 22 23 24 23 29 30 36 
Beneficio: 2
d 7 d 2 8 2 3 4 5 4 10 11 17 16 10 4 3 9 15 21 22 23 24 23 29 30 36 35 29 28 27 26 32 31 32 33 32 26 20 
Beneficio: -1
d 7 d 2 8 2 3 4 5 4 10 11 17 16 10 4 3 9 15 21 22 23 24 23 22 28 34 35 29 30 29 28 27 26 20 14 
Beneficio: -1
d 7 d 2 8 2 3 4 5 4 10 11 17 16 10 4 3 9 15 21 22 23 24 30 29 28 22 28 34 28 27 26 20 19 13 
Beneficio: 0
d 7 d 2 8 2 3 4 5 4 10 11 17 16 10 4 3 9 15 21 22 23 24 30 29 28 34 28 22 23 29 35 
Beneficio: -2
d 7 d 2 8 2 3 4 5 4 10 11 17 16 10 4 3 9 15 21 22 23 24 30 36 35 29 28 34 28 22 21 27 33 32 
Beneficio: -2
d 7 d 2 8 2 3 4 5 4 10 11 17 16 10 4 3 9 15 21 22 23 29 30 36 35 34 28 34 33 27 26 20 21 27 
Beneficio: -1
d 7 d 2 8 2 3 4 5 4 10 11 17 16 10 4 3 9 15 21 22 23 29 30 29 28 27 26 32 33 34 28 22 21 20 26 25 31 
Beneficio: -4
d 7 d 2 8 2 3 4 5 4 10 11 17 16 10 4 3 9 15 21 22 23 29 28 34 33 32 26 20 26 27 21 22 28 29 35 
Beneficio: -1
d 7 d 2 8 2 3 4 5 4 10 11 17 16 10 4 3 9 15 21 22 23 29 28 27 33 32 26 20 21 22 28 29 30 36 35 29 
Beneficio: 1
d 7 d 2 8 2 3 4 5 4 10 11 17 16 10 4 3 9 15 21 22 23 29 35 36 30 29 28 34 28 27 26 20 21 27 33 32 31 
Beneficio: 0
d 7 d 2 8 2 3 4 5 4 10 11 17 16 10 4 3 9 15 21 22 23 29 30 29 28 34 33 32 26 20 21 22 23 24 23 
Beneficio: -4
d 7 d 2 8 2 3 4 5 4 10 11 17 16 10 4 3 9 15 21 22 23 24 30 29 28 34 33 27 21 22 23 
Beneficio: -3
d 7 d 2 8 2 3 4 5 4 10 11 17 16 10 4 3 9 15 21 22 23 29 30 24 23 29 28 34 33 27 26 20 
Beneficio: -5
d 7 d 2 8 2 3 4 5 4 10 11 17 16 10 4 3 9 15 21 22 28 34 33 32 26 20 21 22 23 24 30 
Beneficio: -2
d 7 d 2 8 2 3 4 5 4 10 11 17 16 10 4 3 9 15 21 22 28 29 35 36 30 24 23 29 30 24 23 22 28 34 
Beneficio: 3
d 7 d 2 8 2 3 4 5 4 10 11 17 16 10 4 3 9 15 21 27 26 20 26 32 33 34 28 29 30 36 35 29 23 24 30 
Beneficio: -3
d 7 d 2 8 2 3 4 5 4 10 11 17 16 10 4 3 9 15 21 27 26 20 26 25 31 32 33 27 28 29 23 24 23 22 28 
Beneficio: 0
d 7 d 2 8 2 3 4 5 4 10 11 17 16 10 4 3 9 15 21 27 26 20 21 22 28 34 35 29 23 24 30 29 28 
Beneficio: 0
d 7 d 2 8 2 3 4 5 4 10 11 17 16 10 4 3 9 15 21 27 26 20 21 22 23 24 23 29 30 36 35 29 28 34 
Beneficio: 0
d 7 d 2 8 2 3 4 5 4 10 11 17 16 10 4 3 9 15 21 27 26 32 31 32 33 27 28 29 30 24 23 29 35 36 30 24 
Beneficio: -4
d 7 d 2 8 2 3 4 5 4 10 11 17 16 10 4 3 9 15 21 27 26 32 31 25 26 20 21 22 23 29 28 22 28 27 33 
Beneficio: -2
d 7 d 2 8 2 3 4 5 4 10 11 17 16 10 4 3 9 15 21 27 26 32 33 27 28 34 35 29 28 22 23 24 30 29 23 
Beneficio: 0
d 7 d 2 8 2 3 4 5 4 10 11 17 16 10 4 3 9 15 21 27 26 32 33 34 28 29 35 36 30 29 23 22 21 27 26 20 
Beneficio: -2
d 7 d 2 8 2 3 4 5 4 10 11 17 16 10 4 3 9 15 21 27 26 32 33 34 35 29 30 24 23 22 28 34 35 
Beneficio: 0
d 7 d 2 8 2 3 4 5 4 10 11 17 16 10 4 3 9 15 21 27 26 20 19 25 31 32 33 34 28 22 23 24 30 29 23 
Beneficio: 1
d 7 d 2 8 2 3 4 5 4 10 11 17 16 10 4 3 9 15 21 27 26 25 31 32 33 34 28 22 23 24 23 29 30 36 35 
Beneficio: 0
d 7 d 2 8 2 3 4 5 4 10 11 17 16 10 4 3 9 15 21 27 26 25 31 32 33 27 28 34 28 22 23 24 30 29 23 
Beneficio: -5
d 7 d 2 8 2 3 4 5 4 10 11 17 16 10 4 3 9 15 21 27 26 32 33 27 28 29 30 24 23 22 28 34 
Beneficio: 0
d 7 d 2 8 2 3 4 5 4 10 11 17 16 10 4 3 9 15 21 27 28 34 28 22 23 29 30 24 23 22 21 20 26 32 33 
Beneficio: -5
d 7 d 2 8 2 3 4 5 4 10 11 17 16 10 4 3 9 15 21 27 28 34 35 36 30 29 23 24 23 22 28 29 23 
Beneficio: -2
d 7 d 2 8 2 3 4 5 4 10 11 17 16 10 4 3 9 15 21 27 28 22 23 29 28 34 33 32 31 32 33 27 26 20 19 
Beneficio: -1
d 7 d 2 8 2 3 4 5 4 10 11 17 16 10 4 3 9 15 21 27 28 29 30 24 23 22 28 27 26 32 33 34 35 36 30 29 23 
Beneficio: -1
d 7 d 2 8 2 3 4 5 4 10 11 17 16 10 4 3 9 15 21 27 28 22 23 24 30 29 28 34 33 32 31 25 
Beneficio: 0
d 7 d 2 8 2 3 4 5 4 10 11 17 16 10 4 3 9 15 21 27 28 34 33 32 26 27 21 22 23 24 30 36 30 29 23 
Beneficio: 1
d 7 d 2 8 2 3 4 5 4 10 11 17 16 10 4 3 9 15 21 27 28 22 23 29 30 36 30 29 28 34 33 32 26 20 26 27 21 
Beneficio: 1
d 7 d 2 8 2 3 4 5 4 10 11 17 16 10 4 3 9 15 21 27 28 29 30 36 35 29 23 22 28 34 33 32 26 27 21 20 26 
Beneficio: -4
d 7 d 2 8 2 3 4 5 4 10 11 17 16 10 4 3 9 15 21 27 28 29 30 36 35 34 28 22 23 24 23 29 35 
Beneficio: -6
d 7 d 2 8 2 3 4 5 4 10 11 17 16 10 4 3 9 15 21 27 33 32 31 32 26 27 28 29 35 34 
Beneficio: -2
d 7 d 2 8 2 3 4 5 4 10 11 17 16 10 4 3 9 15 21 27 33 32 26 20 21 27 28 29 23 24 30 29 28 34 
Beneficio: -1
d 7 d 2 8 2 3 4 5 4 10 11 17 16 10 4 3 9 15 21 27 33 32 31 32 26 27 28 29 30 36 35 29 23 24 23 22 
Beneficio: 0
d 7 d 2 8 2 3 4 5 4 10 11 17 16 10 4 3 9 15 21 27 33 34 35 36 30 29 23 22 28 34 33 32 26 20 
Beneficio: 2
d 7 d 2 8 2 3 4 5 4 10 11 17 16 10 4 3 9 15 21 27 33 32 26 20 26 27 28 22 23 24 30 36 35 29 28 34 
Beneficio: 1
d 7 d 2 8 2 3 4 5 4 10 11 17 16 10 4 3 9 15 21 27 33 32 26 27 33 34 28 29 35 36 30 29 23 24 23 22 28 
Beneficio: -2
d 7 d 2 8 2 3 4 5 4 10 11 17 16 10 4 3 9 15 21 27 33 34 35 36 30 24 23 29 28 34 33 32 26 27 
Beneficio: 1
d 7 d 2 8 2 3 4 5 4 10 11 17 16 10 4 3 9 15 21 27 26 20 26 32 33 27 21 22 28 29 30 36 35 29 23 24 18 
Beneficio: -4
d 7 d 2 8 2 3 4 5 4 10 11 17 16 10 4 3 9 15 21 27 26 20 26 32 31 32 33 34 28 29 30 
Beneficio: 0
d 7 d 2 8 2 3 4 5 4 10 11 17 16 10 4 3 9 15 21 27 26 20 21 22 23 24 23 29 35 36 30 29 28 34 33 27 
Beneficio: -1
d 7 d 2 8 2 3 4 5 4 10 11 17 16 10 4 3 9 15 21 27 26 20 21 22 28 29 30 36 35 34 28 34 33 32 26 
Beneficio: 2
d 7 d 2 8 2 3 4 5 4 10 11 17 16 10 4 3 9 15 21 27 26 20 21 27 33 34 28 22 23 29 30 36 35 34 33 32 31 
Beneficio: -2
d 7 d 2 8 2 3 4 5 4 10 11 17 16 10 4 3 9 15 21 27 26 32 31 32 33 27 28 22 23 29 30 36 35 29 28 
Beneficio: 0
d 7 d 2 8 2 3 4 5 4 10 11 17 16 10 4 3 9 15 21 27 26 32 33 27 28 22 23 24 30 29 35 34 28 34 
Beneficio: -1
d 7 d 2 8 2 3 4 5 4 10 11 17 16 10 4 3 9 15 21 27 26 32 33 34 28 29 30 36 35 29 23 22 28 22 21 27 26 
Beneficio: -3
d 7 d 2 8 2 3 4 5 4 10 11 17 16 10 4 3 9 15 21 27 26 32 33 34 28 22 23 29 35 36 30 24 23 22 28 
Beneficio: -1
d 7 d 2 8 2 3 4 5 4 10 11 17 16 10 4 3 9 15 21 27 26 32 33 34 28 22 23 29 30 36 30 29 28 22 21 
Beneficio: -1
d 7 d 2 8 2 3 4 5 4 10 11 17 16 10 4 3 9 15 21 27 26 25 31 32 26 32 33 34 28 29 23 24 30 36 35 
Beneficio: -1
d 7 d 2 8 2 3 4 5 4 10 11 17 16 10 4 3 9 15 21 27 26 25 31 32 26 20 21 22 23 29 30 24 23 29 
Beneficio: -3
d 7 d 2 8 2 3 4 5 4 10 11 17 16 10 4 3 9 15 21 27 26 32 31 25 26 20 26 27 28 29 23 24 23 22 
Beneficio: -2
d 7 d 2 8 2 3 4 5 4 10 11 17 16 10 4 3 9 15 21 27 26 25 31 32 33 34 28 22 23 29 30 24 18 
Beneficio: -2
d 7 d 2 8 2 3 4 5 4 10 11 17 16 10 4 3 9 15 21 27 28 34 35 29 30 24 23 22 28 27 26 32 26 25 
Beneficio: 1
d 7 d 2 8 2 3 4 5 4 10 11 17 16 10 4 3 9 15 21 27 28 22 23 29 30 36 35 34 28 34 33 32 26 20 26 27 33 
Beneficio: -1
d 7 d 2 8 2 3 4 5 4 10 11 17 16 10 4 3 9 15 21 27 28 29 30 36 35 29 23 22 28 27 33 32 26 20 21 15 
Beneficio: -3
d 7 d 2 8 2 3 4 5 4 10 11 17 16 10 4 3 9 15 21 27 28 29 35 34 28 22 23 24 30 29 23 24 18 12 
Beneficio: -5
d 7 d 2 8 2 3 4 5 4 10 11 17 16 10 4 3 9 15 21 27 28 34 33 32 26 27 28 29 23 24 30 29 35 
Beneficio: -1
d 7 d 2 8 2 3 4 5 4 10 11 17 16 10 4 3 9 15 21 27 28 22 23 24 30 36 35 29 28 34 33 32 26 20 19 
Beneficio: -2
d 7 d 2 8 2 3 4 5 4 10 11 17 16 10 4 3 9 15 21 27 28 22 28 29 30 36 35 34 33 32 31 25 19 
Beneficio: -3
d 7 d 2 8 2 3 4 5 4 10 11 17 16 10 4 3 9 15 21 27 28 29 23 24 30 29 35 34 28 22 21 20 26 27 
Beneficio: -2
d 7 d 2 8 2 3 4 5 4 10 11 17 16 10 4 3 9 15 21 27 33 32 31 32 26 27 28 29 30 36 35 34 28 34 
Beneficio: 1
d 7 d 2 8 2 3 4 5 4 10 11 17 16 10 4 3 9 15 21 27 33 32 26 20 21 27 28 34 35 29 23 24 23 22 28 29 30 
Beneficio: -3
d 7 d 2 8 2 3 4 5 4 10 11 17 16 10 4 3 9 15 21 27 33 32 26 20 26 27 28 34 35 29 23 22 28 29 
Beneficio: 1
d 7 d 2 8 2 3 4 5 4 10 11 17 16 10 4 3 9 15 21 27 33 34 28 29 30 24 23 22 21 20 26 32 31 25 26 27 
Beneficio: -3
d 7 d 2 8 2 3 4 5 4 10 11 17 16 10 4 3 9 15 21 27 33 32 31 25 26 27 28 29 30 36 35 34 
Beneficio: -3
d 7 d 2 8 2 3 4 5 4 10 11 17 16 10 4 3 9 15 21 27 33 32 26 27 28 22 28 34 28 29 23 24 18 12 6 
Beneficio: -3
d 7 d 2 8 2 3 4 5 4 10 11 17 16 10 4 3 9 15 21 27 33 34 28 29 30 24 23 22 28 27 33 32 26 20 
Beneficio: 0
d 7 d 2 8 2 3 4 5 4 10 11 17 16 10 4 3 9 15 21 20 26 32 31 32 33 27 26 20 21 22 28 34 35 
Beneficio: 0
d 7 d 2 8 2 3 4 5 4 10 11 17 16 10 4 3 9 15 21 20 26 32 31 32 26 27 28 29 23 24 30 29 28 22 
Beneficio: 0
d 7 d 2 8 2 3 4 5 4 10 11 17 16 10 4 3 9 15 21 20 26 32 31 25 26 27 28 29 30 24 23 29 28 34 33 32 
Beneficio: 0
d 7 d 2 8 2 3 4 5 4 10 11 17 16 10 4 3 9 15 21 20 26 32 33 27 21 22 23 24 30 36 35 29 28 34 35 
Beneficio: 2
d 7 d 2 8 2 3 4 5 4 10 11 17 16 10 4 3 9 15 21 20 26 32 33 27 28 22 23 24 30 36 30 29 28 34 33 
Beneficio: 0
d 7 d 2 8 2 3 4 5 4 10 11 17 16 10 4 3 9 15 21 20 26 32 33 34 28 29 35 36 30 24 23 29 30 24 
Beneficio: 0
d 7 d 2 8 2 3 4 5 4 10 11 17 16 10 4 3 9 15 21 20 26 32 33 34 35 29 30 24 23 22 28 34 35 
Beneficio: -4
d 7 d 2 8 2 3 4 5 4 10 11 17 16 10 4 3 9 15 21 20 26 32 26 27 33 34 28 22 21 20 14 13 
Beneficio: -3
d 7 d 2 8 2 3 4 5 4 10 11 17 16 10 4 3 9 15 21 20 26 32 33 34 35 29 28 22 23 24 30 29 30 
Beneficio: 0
d 7 d 2 8 2 3 4 5 4 10 11 17 16 10 4 3 9 15 21 20 26 27 21 22 23 29 30 36 30 29 28 34 33 32 26 25 19 
Beneficio: 0
d 7 d 2 8 2 3 4 5 4 10 11 17 16 10 4 3 9 15 21 20 26 27 28 29 30 29 23 22 28 34 33 32 31 25 19 13 
Beneficio: 0
d 7 d 2 8 2 3 4 5 4 10 11 17 16 10 4 3 9 15 21 20 26 27 28 22 23 29 30 29 28 27 33 32 26 32 31 25 
Beneficio: -1
d 7 d 2 8 2 3 4 5 4 10 11 17 16 10 4 3 9 15 21 20 26 27 33 32 26 27 21 22 23 29 30 24 23 29 
Beneficio: 2
d 7 d 2 8 2 3 4 5 4 10 11 17 16 10 4 3 9 15 21 20 26 27 33 32 26 27 28 34 35 36 30 29 30 24 23 29 28 
Beneficio: -5
d 7 d 2 8 2 3 4 5 4 10 11 17 16 10 4 3 9 15 21 20 26 27 28 22 23 29 35 34 28 29 30 24 
Beneficio: 3
d 7 d 2 8 2 3 4 5 4 10 11 17 16 10 4 3 9 15 21 20 26 32 31 32 33 34 28 22 23 29 30 24 23 29 
Beneficio: -2
d 7 d 2 8 2 3 4 5 4 10 11 17 16 10 4 3 9 15 21 20 26 32 33 34 28 29 30 24 23 29 
Beneficio: -1
d 7 d 2 8 2 3 4 5 4 10 11 17 16 10 4 3 9 15 21 20 26 25 31 32 26 32 33 34 28 22 21 15 14 
Beneficio: -3
d 7 d 2 8 2 3 4 5 4 10 11 17 16 10 4 3 9 15 21 20 26 25 31 32 33 34 28 29 35 
Beneficio: 1
d 7 d 2 8 2 3 4 5 4 10 11 17 16 10 4 3 9 15 21 20 26 32 31 25 26 27 28 22 23 24 30 29 28 34 35 
Beneficio: -3
d 7 d 2 8 2 3 4 5 4 10 11 17 16 10 4 3 9 15 21 20 26 32 26 27 28 22 23 29 30 
Beneficio: -1
d 7 d 2 8 2 3 4 5 4 10 11 17 16 10 4 3 9 15 21 20 26 27 33 32 26 25 31 32 33 34 28 22 23 24 23 29 28 
Beneficio: -4
d 7 d 2 8 2 3 4 5 4 10 11 17 16 10 4 3 9 15 21 20 26 25 31 32 33 34 28 22 23 24 30 29 
Beneficio: -5
d 7 d 2 8 2 3 4 5 4 10 11 17 16 10 4 3 9 15 21 20 19 25 26 27 28 34 33 32 31 32 33 
Beneficio: -1
d 7 d 2 8 2 3 4 5 4 10 11 17 16 10 4 3 9 15 21 20 19 25 31 32 33 32 26 27 28 22 23 24 30 29 23 
Beneficio: -3
d 7 d 2 8 2 3 4 5 4 10 11 17 16 10 4 3 9 15 21 20 26 32 31 32 33 27 28 29 23 22 28 22 21 20 14 
Beneficio: 2
d 7 d 2 8 2 3 4 5 4 10 11 17 16 10 4 3 9 15 21 20 26 32 31 32 33 34 28 22 23 24 30 36 35 29 30 
Beneficio: 0
d 7 d 2 8 2 3 4 5 4 10 11 17 16 10 4 3 9 15 21 20 26 32 31 25 26 27 33 34 28 22 23 29 35 36 30 24 
Beneficio: 0
d 7 d 2 8 2 3 4 5 4 10 11 17 16 10 4 3 9 15 21 20 26 32 33 27 21 22 23 24 30 29 35 36 30 
Beneficio: 2
d 7 d 2 8 2 3 4 5 4 10 11 17 16 10 4 3 9 15 21 20 26 32 33 27 28 29 23 24 30 36 35 34 28 22 23 
Beneficio: -4
d 7 d 2 8 2 3 4 5 4 10 11 17 16 10 4 3 9 15 21 20 26 32 33 34 35 29 30 24 
Beneficio: 0
d 7 d 2 8 2 3 4 5 4 10 11 17 16 10 4 3 9 15 21 20 26 32 33 34 35 36 30 24 23 29 30 29 28 22 
Beneficio: 2
d 7 d 2 8 2 3 4 5 4 10 11 17 16 10 4 3 9 15 21 20 26 32 26 27 33 34 28 29 23 24 30 29 28 22 23 
Beneficio: -1
d 7 d 2 8 2 3 4 5 4 10 11 17 16 10 4 3 9 15 21 20 26 27 21 22 28 34 35 29 30 24 23 29 28 27 
Beneficio: 1
d 7 d 2 8 2 3 4 5 4 10 11 17 16 10 4 3 9 15 21 20 26 27 28 34 28 22 23 24 30 29 35 34 33 32 26 25 
Beneficio: 0
d 7 d 2 8 2 3 4 5 4 10 11 17 16 10 4 3 9 15 21 20 26 27 28 29 23 24 30 29 28 22 21 27 33 32 31 25 
Beneficio: 0
d 7 d 2 8 2 3 4 5 4 10 11 17 16 10 4 3 9 15 21 20 26 27 28 22 23 29 35 36 30 29 28 34 33 32 26 
Beneficio: 1
d 7 d 2 8 2 3 4 5 4 10 11 17 16 10 4 3 9 15 21 20 26 27 33 32 26 27 28 22 23 29 28 34 35 29 30 36 35 
Beneficio: 0
d 7 d 2 8 2 3 4 5 4 10 11 17 16 10 4 3 9 15 21 20 26 27 33 32 26 27 28 22 23 29 30 36 35 29 28 34 
Beneficio: -4
d 7 d 2 8 2 3 4 5 4 10 11 17 16 10 4 3 9 15 21 20 26 27 28 29 23 22 28 29 30 29 35 34 33 32 
Beneficio: 2
d 7 d 2 8 2 3 4 5 4 10 11 17 16 10 4 3 9 15 21 20 26 32 31 32 33 34 35 36 30 29 35 34 28 29 23 22 28 
Beneficio: 2
d 7 d 2 8 2 3 4 5 4 10 11 17 16 10 4 3 9 15 21 20 26 25 31 32 26 27 28 29 30 29 28 22 23 24 30 36 35 
Beneficio: -2
d 7 d 2 8 2 3 4 5 4 10 11 17 16 10 4 3 9 15 21 20 26 25 31 32 33 27 28 22 23 24 23 29 28 
Beneficio: -1
d 7 d 2 8 2 3 4 5 4 10 11 17 16 10 4 3 9 15 21 20 26 25 31 32 26 27 28 29 30 36 35 34 33 32 
Beneficio: -2
d 7 d 2 8 2 3 4 5 4 10 11 17 16 10 4 3 9 15 21 20 26 32 31 25 26 27 28 22 28 29 23 24 30 29 30 
Beneficio: -7
d 7 d 2 8 2 3 4 5 4 10 11 17 16 10 4 3 9 15 21 20 26 32 26 27 28 22 23 24 30 36 
Beneficio: -6
d 7 d 2 8 2 3 4 5 4 10 11 17 16 10 4 3 9 15 21 20 26 27 33 34 28 22 23 24 23 29 28 22 
Beneficio: -2
d 7 d 2 8 2 3 4 5 4 10 11 17 16 10 4 3 9 15 21 20 26 25 31 32 26 27 28 34 28 22 23 24 30 36 
Beneficio: -5
d 7 d 2 8 2 3 4 5 4 10 11 17 16 10 4 3 9 15 21 20 19 25 26 32 33 34 28 22 28 29 23 24 
Beneficio: -4
d 7 d 2 8 2 3 4 5 4 10 11 17 16 10 4 3 9 15 21 20 19 25 26 32 33 34 28 29 23 22 28 29 
Beneficio: -3
d 7 d 2 8 2 3 4 5 4 10 11 17 16 10 4 3 9 15 21 22 28 34 28 29 35 36 30 29 23 22 21 20 26 
Beneficio: 6
d 7 d 2 8 2 3 4 5 4 10 11 17 16 10 4 3 9 15 21 22 28 34 33 32 31 32 26 20 26 27 28 29 35 36 30 29 23 24 
Beneficio: -3
d 7 d 2 8 2 3 4 5 4 10 11 17 16 10 4 3 9 15 21 22 28 34 35 29 23 24 30 29 23 22 21 27 26 
Beneficio: -4
d 7 d 2 8 2 3 4 5 4 10 11 17 16 10 4 3 9 15 21 22 28 34 35 36 30 29 23 22 21 27 26 32 31 25 
Beneficio: 3
d 7 d 2 8 2 3 4 5 4 10 11 17 16 10 4 3 9 15 21 22 28 29 30 29 23 24 23 22 28 34 33 32 26 20 26 25 31 32 
Beneficio: -2
d 7 d 2 8 2 3 4 5 4 10 11 17 16 10 4 3 9 15 21 22 28 29 30 24 23 29 35 34 33 32 26 20 19 25 
Beneficio: 0
d 7 d 2 8 2 3 4 5 4 10 11 17 16 10 4 3 9 15 21 22 28 29 23 24 30 29 35 34 28 27 33 32 26 20 
Beneficio: 0
d 7 d 2 8 2 3 4 5 4 10 11 17 16 10 4 3 9 15 21 22 28 22 23 24 30 29 28 27 26 32 31 32 33 34 28 34 
Beneficio: 2
d 7 d 2 8 2 3 4 5 4 10 11 17 16 10 4 3 9 15 21 22 28 29 30 24 23 29 30 36 35 34 28 27 33 32 31 
Beneficio: -4
d 7 d 2 8 2 3 4 5 4 10 11 17 16 10 4 3 9 15 21 22 28 27 26 32 33 34 35 29 30 36 30 24 
Beneficio: -3
d 7 d 2 8 2 3 4 5 4 10 11 17 16 10 4 3 9 15 21 22 28 27 33 32 26 20 26 27 33 34 28 29 23 
Beneficio: -5
d 7 d 2 8 2 3 4 5 4 10 11 17 16 10 4 3 9 15 21 22 23 24 23 29 28 34 33 32 31 25 26 27 
Beneficio: -2
d 7 d 2 8 2 3 4 5 4 10 11 17 16 10 4 3 9 15 21 22 23 24 30 29 28 22 28 27 33 32 31 25 26 20 
Beneficio: -1
d 7 d 2 8 2 3 4 5 4 10 11 17 16 10 4 3 9 15 21 22 23 24 30 36 35 34 28 27 26 32 31 25 19 20 
Beneficio: -2
d 7 d 2 8 2 3 4 5 4 10 11 17 16 10 4 3 9 15 21 22 23 24 30 29 35 34 28 22 21 27 26 32 33 
Beneficio: -4
d 7 d 2 8 2 3 4 5 4 10 11 17 16 10 4 3 9 15 21 22 23 29 30 36 30 24 23 29 28 34 33 27 26 20 
Beneficio: 2
d 7 d 2 8 2 3 4 5 4 10 11 17 16 10 4 3 9 15 21 22 23 29 30 29 28 34 28 22 21 20 26 32 31 25 
Beneficio: 1
d 7 d 2 8 2 3 4 5 4 10 11 17 16 10 4 3 9 15 21 22 23 29 30 24 23 29 28 34 33 27 26 25 31 32 26 20 21 
Beneficio: -5
d 7 d 2 8 2 3 4 5 4 10 11 17 16 10 4 3 9 15 21 22 23 29 28 22 28 27 33 32 31 25 26 20 19 
Beneficio: 0
d 7 d 2 8 2 3 4 5 4 10 11 17 16 10 4 3 9 15 21 22 23 29 35 36 30 29 28 34 33 32 31 25 19 13 
Beneficio: -3
d 7 d 2 8 2 3 4 5 4 10 11 17 16 10 4 3 9 15 21 22 23 24 30 36 35 34 28 29 30 24 23 29 
Beneficio: -3
d 7 d 2 8 2 3 4 5 4 10 11 17 16 10 4 3 9 15 21 22 23 29 35 36 30 24 23 29 30 36 
Beneficio: -1
d 7 d 2 8 2 3 4 5 4 10 11 17 16 10 4 3 9 15 21 22 23 29 30 36 35 34 33 32 31 25 26 20 26 
Beneficio: -4
d 7 d 2 8 2 3 4 5 4 10 11 17 16 10 4 3 9 15 21 22 23 29 30 29 35 34 28 27 26 20 14 
Beneficio: -3
d 7 d 2 8 2 3 4 5 4 10 11 17 16 10 4 3 9 15 21 22 28 29 30 24 23 22 21 27 26 32 31 25 26 20 
Beneficio: -3
d 7 d 2 8 2 3 4 5 4 10 11 17 16 10 4 3 9 15 21 22 28 34 28 29 23 24 30 36 35 29 28 27 33 
Beneficio: 0
d 7 d 2 8 2 3 4 5 4 10 11 17 16 10 4 3 9 15 21 22 28 34 33 32 26 20 21 22 23 24 30 29 23 
Beneficio: -2
d 7 d 2 8 2 3 4 5 4 10 11 17 16 10 4 3 9 15 21 22 28 34 35 29 30 36 35 34 33 32 26 32 
Beneficio: -3
d 7 d 2 8 2 3 4 5 4 10 11 17 16 10 4 3 9 15 21 22 28 34 35 36 30 29 23 22 21 27 26 20 21 27 
Beneficio: 2
d 7 d 2 8 2 3 4 5 4 10 11 17 16 10 4 3 9 15 21 22 28 29 30 36 35 34 28 27 26 32 26 20 19 25 31 32 
Beneficio: 1
d 7 d 2 8 2 3 4 5 4 10 11 17 16 10 4 3 9 15 21 22 28 29 30 24 23 22 21 27 26 32 33 32 31 25 26 20 19 
Beneficio: -3
d 7 d 2 8 2 3 4 5 4 10 11 17 16 10 4 3 9 15 21 22 28 29 23 24 30 36 35 34 28 29 23 22 21 27 26 
Beneficio: -1
d 7 d 2 8 2 3 4 5 4 10 11 17 16 10 4 3 9 15 21 22 28 22 23 24 23 29 28 34 33 32 31 32 26 20 21 27 
Beneficio: -4
d 7 d 2 8 2 3 4 5 4 10 11 17 16 10 4 3 9 15 21 22 28 29 30 36 35 29 23 22 28 34 33 27 26 32 
Beneficio: -1
d 7 d 2 8 2 3 4 5 4 10 11 17 16 10 4 3 9 15 21 22 28 27 26 32 33 34 28 29 35 36 30 24 18 12 6 
Beneficio: 2
d 7 d 2 8 2 3 4 5 4 10 11 17 16 10 4 3 9 15 21 22 28 27 26 25 31 32 33 34 28 29 35 36 30 29 23 24 30 
Beneficio: -3
d 7 d 2 8 2 3 4 5 4 10 11 17 16 10 4 3 9 15 21 22 23 24 23 29 28 27 26 20 21 22 28 27 33 32 26 32 
Beneficio: 1
d 7 d 2 8 2 3 4 5 4 10 11 17 16 10 4 3 9 15 21 22 23 24 30 29 28 34 33 27 21 20 26 25 31 32 33 
Beneficio: 1
d 7 d 2 8 2 3 4 5 4 10 11 17 16 10 4 3 9 15 21 22 23 24 30 36 35 34 28 22 28 27 26 20 
Beneficio: 1
d 7 d 2 8 2 3 4 5 4 10 11 17 16 10 4 3 9 15 21 22 23 24 30 29 28 22 21 20 26 32 33 34 28 29 23 
Beneficio: 0
d 7 d 2 8 2 3 4 5 4 10 11 17 16 10 4 3 9 15 21 22 23 29 30 36 30 24 23 22 28 22 21 27 26 32 31 25 
Beneficio: -2
d 7 d 2 8 2 3 4 5 4 10 11 17 16 10 4 3 9 15 21 22 23 29 30 36 35 34 33 27 26 32 33 27 26 20 19 
Beneficio: 0
d 7 d 2 8 2 3 4 5 4 10 11 17 16 10 4 3 9 15 21 22 23 29 30 24 23 22 28 34 35 29 28 27 33 32 26 
Beneficio: -1
d 7 d 2 8 2 3 4 5 4 10 11 17 16 10 4 3 9 15 21 22 23 29 28 22 28 34 33 32 26 20 19 25 31 32 26 27 21 
Beneficio: 1
d 7 d 2 8 2 3 4 5 4 10 11 17 16 10 4 3 9 15 21 22 23 29 35 36 30 29 28 22 21 20 26 32 33 34 
Beneficio: -5
d 7 d 2 8 2 3 4 5 4 10 11 17 16 10 4 3 9 15 21 22 23 24 30 29 28 22 28 34 35 29 23 24 30 
Beneficio: -6
d 7 d 2 8 2 3 4 5 4 10 11 17 16 10 4 3 9 15 21 22 23 29 35 36 30 29 35 34 33 27 
Beneficio: 0
d 7 d 2 8 2 3 4 5 4 10 11 17 16 10 4 3 9 15 21 22 23 29 30 36 30 29 28 34 33 32 31 25 
Beneficio: -3
d 7 d 2 8 2 3 4 5 4 10 11 17 16 10 4 3 9 15 21 22 23 24 30 29 28 34 35 29 30 36 
Beneficio: -5
d 7 d 2 8 2 3 4 5 4 10 11 17 16 10 4 3 9 15 21 22 28 29 30 29 23 22 28 27 33 32 26 20 26 
Beneficio: 0
d 7 d 2 8 2 3 4 5 4 10 11 17 16 10 4 3 9 15 21 27 26 20 26 32 31 32 33 27 28 22 23 24 30 29 28 34 
Beneficio: 1
d 7 d 2 8 2 3 4 5 4 10 11 17 16 10 4 3 9 15 21 27 26 20 26 27 28 34 35 36 30 29 23 22 28 
Beneficio: 1
d 7 d 2 8 2 3 4 5 4 10 11 17 16 10 4 3 9 15 21 27 26 20 19 25 31 32 26 27 28 22 23 24 23 29 28 34 
Beneficio: -3
d 7 d 2 8 2 3 4 5 4 10 11 17 16 10 4 3 9 15 21 27 26 20 21 27 28 29 30 24 23 22 28 29 35 36 
Beneficio: 1
d 7 d 2 8 2 3 4 5 4 10 11 17 16 10 4 3 9 15 21 27 26 20 21 27 33 34 28 29 23 24 30 29 30 36 
Beneficio: -1
d 7 d 2 8 2 3 4 5 4 10 11 17 16 10 4 3 9 15 21 27 26 32 31 32 33 34 28 29 23 24 30 29 28 27 
Beneficio: -1
d 7 d 2 8 2 3 4 5 4 10 11 17 16 10 4 3 9 15 21 27 26 32 33 32 31 25 26 27 28 29 30 24 23 22 28 34 
Beneficio: 0
d 7 d 2 8 2 3 4 5 4 10 11 17 16 10 4 3 9 15 21 27 26 32 33 27 28 29 30 29 23 24 23 22 28 34 35 36 30 
Beneficio: -3
d 7 d 2 8 2 3 4 5 4 10 11 17 16 10 4 3 9 15 21 27 26 32 33 34 28 29 30 29 23 22 28 22 21 20 14 13 
Beneficio: -3
d 7 d 2 8 2 3 4 5 4 10 11 17 16 10 4 3 9 15 21 27 26 32 26 20 21 27 28 29 23 22 28 34 33 32 31 25 
Beneficio: -4
d 7 d 2 8 2 3 4 5 4 10 11 17 16 10 4 3 9 15 21 27 26 32 33 34 35 36 30 24 23 22 28 29 35 34 
Beneficio: 0
d 7 d 2 8 2 3 4 5 4 10 11 17 16 10 4 3 9 15 21 27 26 25 31 32 33 32 26 20 21 22 23 24 30 36 35 
Beneficio: 1
d 7 d 2 8 2 3 4 5 4 10 11 17 16 10 4 3 9 15 21 27 26 32 31 32 33 27 28 29 30 36 35 34 28 22 23 29 
Beneficio: -3
d 7 d 2 8 2 3 4 5 4 10 11 17 16 10 4 3 9 15 21 27 26 32 33 34 28 29 35 36 30 29 23 22 28 
Beneficio: 1
d 7 d 2 8 2 3 4 5 4 10 11 17 16 10 4 3 9 15 21 27 28 34 33 32 31 25 26 27 28 22 23 24 30 36 
Beneficio: -2
d 7 d 2 8 2 3 4 5 4 10 11 17 16 10 4 3 9 15 21 27 28 22 23 24 30 29 28 27 33 32 26 32 31 25 
Beneficio: -1
d 7 d 2 8 2 3 4 5 4 10 11 17 16 10 4 3 9 15 21 27 28 29 30 36 30 29 23 22 28 27 33 32 26 20 21 15 
Beneficio: -1
d 7 d 2 8 2 3 4 5 4 10 11 17 16 10 4 3 9 15 21 27 28 29 23 22 28 34 35 29 30 36 35 34 33 32 26 32 
Beneficio: 2
d 7 d 2 8 2 3 4 5 4 10 11 17 16 10 4 3 9 15 21 27 28 34 33 32 31 32 26 20 26 27 28 22 23 24 23 29 
Beneficio: 0
d 7 d 2 8 2 3 4 5 4 10 11 17 16 10 4 3 9 15 21 27 28 22 23 24 23 29 30 36 35 29 28 27 26 32 26 20 14 
Beneficio: 0
d 7 d 2 8 2 3 4 5 4 10 11 17 16 10 4 3 9 15 21 27 28 22 23 24 30 29 28 27 26 20 19 25 31 32 26 
Beneficio: 1
d 7 d 2 8 2 3 4 5 4 10 11 17 16 10 4 3 9 15 21 27 28 29 30 24 23 29 28 27 26 32 31 32 33 34 28 
Beneficio: -4
d 7 d 2 8 2 3 4 5 4 10 11 17 16 10 4 3 9 15 21 27 28 34 35 36 30 24 23 22 28 29 30 
Beneficio: -3
d 7 d 2 8 2 3 4 5 4 10 11 17 16 10 4 3 9 15 21 27 33 32 26 20 26 27 33 34 28 29 23 24 18 
Beneficio: -8
d 7 d 2 8 2 3 4 5 4 10 11 17 16 10 4 3 9 15 21 27 33 32 26 27 33 34 28 29 23 24 18 
Beneficio: -1
d 7 d 2 8 2 3 4 5 4 10 11 17 16 10 4 3 9 15 21 27 33 34 35 36 30 24 23 22 28 34 28 29 30 29 23 
Beneficio: -2
d 7 d 2 8 2 3 4 5 4 10 11 17 16 10 4 3 9 15 21 27 33 32 31 25 19 20 26 27 28 29 35 34 28 22 
Beneficio: -2
d 7 d 2 8 2 3 4 5 4 10 11 17 16 10 4 3 9 15 21 27 33 32 26 27 28 34 35 29 28 22 23 29 30 24 18 
Beneficio: -3
d 7 d 2 8 2 3 4 5 4 10 11 17 16 10 4 3 9 15 21 27 33 34 28 22 23 24 23 29 28 34 33 32 26 27 33 
Beneficio: 0
d 7 d 2 8 2 3 4 5 4 10 11 17 16 10 4 3 9 15 21 27 26 20 26 32 31 32 33 27 21 22 23 29 30 36 35 29 
Beneficio: -2
d 7 d 2 8 2 3 4 5 4 10 11 17 16 10 4 3 9 15 21 27 26 20 26 32 26 27 28 22 28 29 30 29 23 24 23 22 
Beneficio: 2
d 7 d 2 8 2 3 4 5 4 10 11 17 16 10 4 3 9 15 21 27 26 20 19 25 31 32 33 34 28 29 30 36 35 34 28 22 
Beneficio: -4
d 7 d 2 8 2 3 4 5 4 10 11 17 16 10 4 3 9 15 21 27 26 20 21 27 28 34 35 29 30 36 30 
Beneficio: -3
d 7 d 2 8 2 3 4 5 4 10 11 17 16 10 4 3 9 15 21 27 26 20 21 27 28 22 23 24 30 29 28 34 35 36 
Beneficio: -2
d 7 d 2 8 2 3 4 5 4 10 11 17 16 10 4 3 9 15 21 27 26 32 31 32 33 34 35 29 23 22 28 29 30 36 
Beneficio: -2
d 7 d 2 8 2 3 4 5 4 10 11 17 16 10 4 3 9 15 21 27 26 32 31 25 26 20 21 27 33 34 28 22 23 29 28 
Beneficio: 1
d 7 d 2 8 2 3 4 5 4 10 11 17 16 10 4 3 9 15 21 27 26 32 33 27 28 29 23 24 30 36 30 29 28 34 28 22 23 24 
Beneficio: 0
d 7 d 2 8 2 3 4 5 4 10 11 17 16 10 4 3 9 15 21 27 26 32 33 34 35 36 30 29 23 24 23 22 28 34 35 
Beneficio: 1
d 7 d 2 8 2 3 4 5 4 10 11 17 16 10 4 3 9 15 21 27 26 32 26 20 21 27 28 34 28 29 30 36 30 24 23 
Beneficio: -1
d 7 d 2 8 2 3 4 5 4 10 11 17 16 10 4 3 9 15 21 27 26 32 33 34 35 29 28 34 28 22 23 29 30 36 35 
Beneficio: 1
d 7 d 2 8 2 3 4 5 4 10 11 17 16 10 4 3 9 15 21 27 26 25 31 32 33 34 35 36 30 29 28 22 21 20 26 32 
Beneficio: 1
d 7 d 2 8 2 3 4 5 4 10 11 17 16 10 4 3 9 15 21 27 26 20 26 32 33 34 35 36 30 29 28 22 23 24 30 36 
Beneficio: -1
d 7 d 2 8 2 3 4 5 4 10 11 17 16 10 4 3 9 15 21 27 26 32 33 34 28 29 30 36 35 29 23 22 21 
Beneficio: 2
d 7 d 2 8 2 3 4 5 4 10 11 17 16 10 4 3 9 15 21 27 28 34 33 32 26 20 21 22 28 29 30 24 23 22 
Beneficio: -2
d 7 d 2 8 2 3 4 5 4 10 11 17 16 10 4 3 9 15 21 27 28 22 23 24 30 29 23 22 21 27 26 32 31 32 33 
Beneficio: -3
d 7 d 2 8 2 3 4 5 4 10 11 17 16 10 4 3 9 15 21 27 28 22 23 29 30 36 35 34 
Beneficio: 1
d 7 d 2 8 2 3 4 5 4 10 11 17 16 10 4 3 9 15 21 27 28 29 23 24 30 29 28 34 33 32 31 32 26 20 19 
Beneficio: -1
d 7 d 2 8 2 3 4 5 4 10 11 17 16 10 4 3 9 15 21 27 28 34 28 22 23 29 30 36 35 29 28 
Beneficio: -3
d 7 d 2 8 2 3 4 5 4 10 11 17 16 10 4 3 9 15 21 27 28 34 35 29 30 36 30 24 23 22 28 29 35 
Beneficio: 1
d 7 d 2 8 2 3 4 5 4 10 11 17 16 10 4 3 9 15 21 27 28 22 23 29 35 36 30 29 28 34 33 32 26 20 21 15 
Beneficio: -1
d 7 d 2 8 2 3 4 5 4 10 11 17 16 10 4 3 9 15 21 27 28 29 30 24 23 22 21 27 33 32 31 25 26 20 
Beneficio: 0
d 7 d 2 8 2 3 4 5 4 10 11 17 16 10 4 3 9 15 21 27 28 29 30 36 35 34 33 32 26 20 21 22 23 24 
Beneficio: -2
d 7 d 2 8 2 3 4 5 4 10 11 17 16 10 4 3 9 15 21 27 33 32 31 25 26 27 28 29 35 34 28 22 23 24 18 
Beneficio: -3
d 7 d 2 8 2 3 4 5 4 10 11 17 16 10 4 3 9 15 21 27 33 32 26 27 28 29 35 34 28 22 23 29 30 24 18 
Beneficio: 0
d 7 d 2 8 2 3 4 5 4 10 11 17 16 10 4 3 9 15 21 27 33 34 28 29 35 36 30 29 23 24 23 22 28 27 
Beneficio: 2
d 7 d 2 8 2 3 4 5 4 10 11 17 16 10 4 3 9 15 21 27 33 32 31 32 26 27 33 34 28 22 23 24 30 29 35 
Beneficio: -3
d 7 d 2 8 2 3 4 5 4 10 11 17 16 10 4 3 9 15 21 27 33 32 26 20 21 22 23 29 30 29 28 27 33 
Beneficio: -3
d 7 d 2 8 2 3 4 5 4 10 11 17 16 10 4 3 9 15 21 27 33 32 33 34 28 29 35 36 30 24 23 29 28 
Beneficio: -1
d 7 d 2 8 2 3 4 5 4 10 11 17 16 10 4 3 9 15 21 27 33 34 28 29 35 36 30 29 23 22 21 20 26 32 31 
Beneficio: -2
d 7 d 2 8 2 3 4 5 4 10 11 17 16 10 4 3 9 15 14 13 19 20 26 32 33 27 28 22 23 24 30 36 30 
Beneficio: -1
d 7 d 2 8 2 3 4 5 4 10 11 17 16 10 4 3 9 15 14 13 19 20 26 27 28 29 23 22 28 34 33 32 26 25 31 32 
Beneficio: -3
d 7 d 2 8 2 3 4 5 4 10 11 17 16 10 4 3 9 15 14 13 19 25 26 32 33 27 28 29 30 29 23 22 28 34 
Beneficio: -4
d 7 d 2 8 2 3 4 5 4 10 11 17 16 10 4 3 9 15 14 13 19 25 31 32 26 27 21 22 23 29 28 22 23 24 30 
Beneficio: -4
d 7 d 2 8 2 3 4 5 4 10 11 17 16 10 4 3 9 15 14 13 19 20 26 27 28 34 35 36 30 29 28 34 
Beneficio: -4
d 7 d 2 8 2 3 4 5 4 10 11 17 16 10 4 3 9 15 14 13 19 20 26 32 33 27 28 29 30 29 23 22 28 
Beneficio: -6
d 7 d 2 8 2 3 4 5 4 10 11 17 16 10 4 3 9 15 14 13 19 25 26 32 26 27 28 34 35 29 28 22 23 
Beneficio: -5
d 7 d 2 8 2 3 4 5 4 10 11 17 16 10 4 3 9 15 14 13 19 25 26 32 33 27 28 34 35 
Beneficio: -3
d 7 d 2 8 2 3 4 5 4 10 11 17 16 10 4 3 9 15 14 13 19 20 26 27 28 34 33 32 33 
Beneficio: -1
d 7 d 2 8 2 3 4 5 4 10 11 17 16 10 4 3 9 15 14 13 19 20 26 32 33 34 28 29 30 29 23 22 28 27 21 20 
Beneficio: -6
d 7 d 2 8 2 3 4 5 4 10 11 17 16 10 4 3 9 15 14 13 19 20 21 22 23 24 30 29 28 27 26 
Beneficio: -7
d 7 d 2 8 2 3 4 5 4 10 11 17 16 10 4 3 9 15 14 13 19 25 26 32 26 27 33 34 28 29 23 
Beneficio: -6
d 7 d 2 8 2 3 4 5 4 10 11 17 16 10 4 3 9 15 14 13 19 20 26 32 33 34 35 29 30 36 
Beneficio: 1
d 7 d 2 8 2 3 4 5 4 10 11 17 16 10 4 3 9 15 14 13 19 20 26 32 31 32 33 34 28 29 30 29 23 22 28 27 26 
Beneficio: -2
d 7 d 2 8 2 3 4 5 4 10 11 17 16 10 4 3 9 15 14 13 19 20 26 27 33 34 28 29 30 24 23 22 28 
Beneficio: 1
d 7 d 2 8 2 3 4 5 4 10 11 17 16 10 4 3 9 15 14 13 19 25 31 32 33 34 28 29 30 24 23 22 28 27 26 32 31 
Beneficio: 5
d 7 d 2 8 2 3 4 5 4 10 11 17 16 10 4 3 9 15 14 20 26 32 31 32 33 27 28 22 23 24 30 29 30 36 
Beneficio: 3
d 7 d 2 8 2 3 4 5 4 10 11 17 16 10 4 3 9 15 14 20 26 32 31 32 26 27 28 22 23 29 30 36 35 34 28 27 
Beneficio: 0
d 7 d 2 8 2 3 4 5 4 10 11 17 16 10 4 3 9 15 14 20 26 32 31 25 19 20 21 22 23 24 23 29 28 34 
Beneficio: 0
d 7 d 2 8 2 3 4 5 4 10 11 17 16 10 4 3 9 15 14 20 26 32 33 32 26 27 28 22 23 24 30 29 30 36 
Beneficio: -1
d 7 d 2 8 2 3 4 5 4 10 11 17 16 10 4 3 9 15 14 20 26 32 33 27 21 22 28 34 35 29 30 24 23 
Beneficio: 3
d 7 d 2 8 2 3 4 5 4 10 11 17 16 10 4 3 9 15 14 20 26 32 33 34 28 22 23 24 30 36 30 29 28 27 33 
Beneficio: -2
d 7 d 2 8 2 3 4 5 4 10 11 17 16 10 4 3 9 15 14 20 26 32 33 34 28 29 23 22 28 27 21 20 19 
Beneficio: 0
d 7 d 2 8 2 3 4 5 4 10 11 17 16 10 4 3 9 15 14 20 26 32 26 27 28 34 35 36 30 29 30 24 23 22 28 29 23 
Beneficio: 0
d 7 d 2 8 2 3 4 5 4 10 11 17 16 10 4 3 9 15 14 20 26 32 33 27 28 22 23 29 35 36 30 29 23 24 30 
Beneficio: 0
d 7 d 2 8 2 3 4 5 4 10 11 17 16 10 4 3 9 15 14 20 26 27 21 20 19 25 31 32 33 34 28 22 23 29 30 36 
Beneficio: -1
d 7 d 2 8 2 3 4 5 4 10 11 17 16 10 4 3 9 15 14 20 26 27 28 22 23 29 30 36 30 29 28 27 33 32 26 20 14 
Beneficio: -3
d 7 d 2 8 2 3 4 5 4 10 11 17 16 10 4 3 9 15 14 20 26 27 28 34 33 32 26 27 28 29 23 22 
Beneficio: 4
d 7 d 2 8 2 3 4 5 4 10 11 17 16 10 4 3 9 15 14 20 26 27 28 29 35 36 30 29 23 22 28 34 33 32 31 32 26 32 
Beneficio: -1
d 7 d 2 8 2 3 4 5 4 10 11 17 16 10 4 3 9 15 14 20 26 27 33 34 28 22 23 24 23 29 28 27 26 25 31 32 
Beneficio: 3
d 7 d 2 8 2 3 4 5 4 10 11 17 16 10 4 3 9 15 14 20 26 27 33 34 35 36 30 29 23 24 23 22 28 34 33 32 26 
Beneficio: -5
d 7 d 2 8 2 3 4 5 4 10 11 17 16 10 4 3 9 15 14 20 26 27 21 22 28 34 35 29 23 24 30 
Beneficio: 1
d 7 d 2 8 2 3 4 5 4 10 11 17 16 10 4 3 9 15 14 20 26 27 33 32 26 27 21 22 23 24 30 29 23 22 28 34 
Beneficio: 0
d 7 d 2 8 2 3 4 5 4 10 11 17 16 10 4 3 9 15 14 20 26 32 33 34 35 36 30 29 28 22 23 24 30 29 
Beneficio: 3
d 7 d 2 8 2 3 4 5 4 10 11 17 16 10 4 3 9 15 14 20 26 25 31 32 33 34 28 29 35 36 30 29 23 24 30 
Beneficio: 5
d 7 d 2 8 2 3 4 5 4 10 11 17 16 10 4 3 9 15 14 20 26 25 31 32 26 27 33 32 33 34 28 29 30 36 30 24 23 22 28 
Beneficio: -1
d 7 d 2 8 2 3 4 5 4 10 11 17 16 10 4 3 9 15 14 20 26 25 31 32 33 34 35 36 30 29 28 27 26 20 
Beneficio: -1
d 7 d 2 8 2 3 4 5 4 10 11 17 16 10 4 3 9 15 14 20 26 32 33 27 28 22 23 29 35 34 28 29 35 36 30 29 
Beneficio: -1
d 7 d 2 8 2 3 4 5 4 10 11 17 16 10 4 3 9 15 14 20 26 32 33 34 28 29 30 24 23 22 28 27 26 32 31 
Beneficio: -5
d 7 d 2 8 2 3 4 5 4 10 11 17 16 10 4 3 9 15 14 20 26 27 33 32 31 32 26 27 33 34 28 29 23 22 28 
Beneficio: 1
d 7 d 2 8 2 3 4 5 4 10 11 17 16 10 4 3 9 15 14 20 26 25 31 32 26 27 28 22 23 29 30 36 35 29 28 34 
Beneficio: 0
d 7 d 2 8 2 3 4 5 4 10 11 17 16 10 4 3 9 15 14 20 19 25 31 32 26 27 28 22 23 24 30 29 28 34 35 
Beneficio: -4
d 7 d 2 8 2 3 4 5 4 10 11 17 16 10 4 3 9 15 14 20 19 25 26 32 31 32 33 34 28 29 30 
Beneficio: -4
d 7 d 2 8 2 3 4 5 4 10 11 17 16 10 4 3 9 15 14 20 19 25 31 32 33 34 28 29 30 24 18 
Beneficio: -4
d 7 d 2 8 2 3 4 5 4 10 11 17 16 10 4 3 9 15 14 20 21 22 23 29 28 34 33 32 31 32 26 27 33 
Beneficio: -7
d 7 d 2 8 2 3 4 5 4 10 11 17 16 10 4 3 9 15 14 20 21 22 23 29 35 34 28 27 26 
Beneficio: -2
d 7 d 2 8 2 3 4 5 4 10 11 17 16 10 4 3 9 15 14 20 21 27 33 32 26 27 28 22 23 24 30 29 28 34 33 
Beneficio: -3
d 7 d 2 8 2 3 4 5 4 10 11 17 16 10 4 3 9 15 14 20 21 27 28 29 30 24 23 22 28 27 26 32 33 27 
Beneficio: -1
d 7 d 2 8 2 3 4 5 4 10 11 17 16 10 4 3 9 15 14 20 21 22 23 29 28 27 33 32 26 20 21 22 28 29 30 36 
Beneficio: -4
d 7 d 2 8 2 3 4 5 4 10 11 17 16 10 4 3 9 15 14 20 21 22 23 29 30 24 23 29 28 34 33 32 26 
Beneficio: -3
d 7 d 2 8 2 3 4 5 4 10 11 17 16 10 4 3 9 15 14 20 21 27 28 22 23 24 23 29 30 36 30 
Beneficio: -1
d 7 d 2 8 2 3 4 5 4 10 11 17 16 10 4 3 9 15 14 20 21 27 28 34 35 36 30 29 28 22 21 27 26 32 33 
Beneficio: 0
d 7 d 2 8 2 3 4 5 4 10 11 17 16 10 4 3 9 15 14 20 26 32 31 32 33 34 35 29 28 22 23 24 
Beneficio: -4
d 7 d 2 8 2 3 4 5 4 10 11 17 16 10 4 3 9 15 14 20 26 32 31 25 26 27 28 34 35 36 
Beneficio: -1
d 7 d 2 8 2 3 4 5 4 10 11 17 16 10 4 3 9 15 14 20 26 32 31 25 26 27 28 29 35 36 30 29 28 22 
Beneficio: 0
d 7 d 2 8 2 3 4 5 4 10 11 17 16 10 4 3 9 15 14 20 26 32 33 27 28 29 30 24 23 29 35 36 30 24 18 
Beneficio: 0
d 7 d 2 8 2 3 4 5 4 10 11 17 16 10 4 3 9 15 14 20 26 32 33 27 28 29 30 29 28 22 23 24 30 36 
Beneficio: 1
d 7 d 2 8 2 3 4 5 4 10 11 17 16 10 4 3 9 15 14 20 26 32 33 34 35 36 30 29 23 22 28 34 33 
Beneficio: -2
d 7 d 2 8 2 3 4 5 4 10 11 17 16 10 4 3 9 15 14 20 26 32 26 27 21 22 23 24 30 29 28 22 21 20 19 
Beneficio: -4
d 7 d 2 8 2 3 4 5 4 10 11 17 16 10 4 3 9 15 14 20 26 32 26 27 21 22 28 34 35 
Beneficio: -5
d 7 d 2 8 2 3 4 5 4 10 11 17 16 10 4 3 9 15 14 20 26 27 21 22 28 34 33 32 31 25 19 
Beneficio: 5
d 7 d 2 8 2 3 4 5 4 10 11 17 16 10 4 3 9 15 14 20 26 27 28 34 28 22 23 24 23 29 30 36 35 34 33 32 31 
Beneficio: -2
d 7 d 2 8 2 3 4 5 4 10 11 17 16 10 4 3 9 15 14 20 26 27 28 29 23 24 30 29 28 34 33 27 26 20 
Beneficio: -4
d 7 d 2 8 2 3 4 5 4 10 11 17 16 10 4 3 9 15 14 20 26 27 28 22 23 29 35 34 33 32 
Beneficio: 1
d 7 d 2 8 2 3 4 5 4 10 11 17 16 10 4 3 9 15 14 20 26 27 33 32 26 27 28 34 35 36 30 29 23 22 28 29 35 34 
Beneficio: 0
d 7 d 2 8 2 3 4 5 4 10 11 17 16 10 4 3 9 15 14 20 26 27 33 32 26 27 28 34 35 29 30 36 30 24 
Beneficio: -2
d 7 d 2 8 2 3 4 5 4 10 11 17 16 10 4 3 9 15 14 20 26 20 21 27 33 32 33 34 28 22 23 29 30 
Beneficio: 1
d 7 d 2 8 2 3 4 5 4 10 11 17 16 10 4 3 9 15 14 20 26 27 28 22 23 24 30 29 30 36 35 34 28 22 
Beneficio: -2
d 7 d 2 8 2 3 4 5 4 10 11 17 16 10 4 3 9 15 14 20 26 32 33 27 28 22 23 29 30 29 28 34 35 29 
Beneficio: 2
d 7 d 2 8 2 3 4 5 4 10 11 17 16 10 4 3 9 15 14 20 26 25 31 32 26 27 28 22 28 29 30 36 35 34 28 34 
Beneficio: 0
d 7 d 2 8 2 3 4 5 4 10 11 17 16 10 4 3 9 15 14 20 26 25 31 32 33 27 28 22 23 29 30 29 28 27 26 32 
Beneficio: 1
d 7 d 2 8 2 3 4 5 4 10 11 17 16 10 4 3 9 15 14 20 26 25 31 32 26 27 21 22 23 29 30 36 35 29 28 34 33 
Beneficio: -2
d 7 d 2 8 2 3 4 5 4 10 11 17 16 10 4 3 9 15 14 20 26 32 31 25 26 27 21 22 23 24 30 29 28 
Beneficio: -5
d 7 d 2 8 2 3 4 5 4 10 11 17 16 10 4 3 9 15 14 20 26 32 33 34 35 29 28 22 23 24 23 29 28 27 
Beneficio: -4
d 7 d 2 8 2 3 4 5 4 10 11 17 16 10 4 3 9 15 14 20 26 27 28 29 30 29 23 22 28 34 33 32 31 25 
Beneficio: 2
d 7 d 2 8 2 3 4 5 4 10 11 17 16 10 4 3 9 15 14 20 26 27 28 29 30 24 23 22 28 34 33 32 26 32 31 
Beneficio: -1
d 7 d 2 8 2 3 4 5 4 10 11 17 16 10 4 3 9 15 14 20 19 25 26 32 33 34 28 22 23 29 30 36 35 34 28 29 
Beneficio: 1
d 7 d 2 8 2 3 4 5 4 10 11 17 16 10 4 3 9 15 14 20 19 25 31 32 26 27 28 29 30 24 23 22 28 34 33 32 
Beneficio: -2
d 7 d 2 8 2 3 4 5 4 10 11 17 16 10 4 3 9 15 14 20 19 25 31 32 26 27 33 34 28 22 23 24 30 29 
Beneficio: -1
d 7 d 2 8 2 3 4 5 4 10 11 17 16 10 4 3 9 15 14 20 21 22 28 29 30 36 30 24 23 22 28 34 35 
Beneficio: -3
d 7 d 2 8 2 3 4 5 4 10 11 17 16 10 4 3 9 15 14 20 21 22 28 27 26 32 26 20 26 25 31 32 33 
Beneficio: -3
d 7 d 2 8 2 3 4 5 4 10 11 17 16 10 4 3 9 15 14 20 21 27 26 32 33 34 28 22 28 29 30 24 23 22 
Beneficio: -3
d 7 d 2 8 2 3 4 5 4 10 11 17 16 10 4 3 9 15 14 20 21 27 26 32 33 34 28 22 23 29 30 36 35 34 33 
Beneficio: -3
d 7 d 2 8 2 3 4 5 4 10 11 17 16 10 4 3 9 15 14 20 21 22 28 29 23 24 30 29 35 34 33 32 
Beneficio: -5
d 7 d 2 8 2 3 4 5 4 10 11 17 16 10 4 3 9 15 14 20 21 22 28 22 23 24 30 29 35 34 
Beneficio: -3
d 7 d 2 8 2 3 4 5 4 10 11 17 16 10 4 3 9 15 14 20 21 27 26 32 33 34 35 29 28 22 23 24 23 29 30 24 
Beneficio: -5
d 7 d 2 8 2 3 4 5 4 10 11 17 16 10 4 3 9 15 14 20 21 27 26 32 33 27 28 22 23 29 35 36 30 
Beneficio: -4
d 7 d 2 8 2 3 4 5 4 10 11 17 16 10 4 3 9 15 14 13 19 20 26 32 33 27 28 34 35 29 30 
Beneficio: -4
d 7 d 2 8 2 3 4 5 4 10 11 17 16 10 4 3 9 15 14 13 19 20 21 27 26 32 33 27 28 29 23 24 30 36 
Beneficio: 0
d 7 d 2 8 2 3 4 5 4 10 11 17 16 10 4 3 9 15 14 13 19 20 26 25 31 32 26 27 28 22 23 29 30 29 28 34 
Beneficio: -4
d 7 d 2 8 2 3 4 5 4 10 11 17 16 10 4 3 9 15 14 13 19 25 31 32 33 34 28 29 23 22 28 27 26 20 21 
Beneficio: -5
d 7 d 2 8 2 3 4 5 4 10 11 17 16 10 4 3 9 15 14 13 19 25 31 32 33 34 28 29 23 22 28 27 26 
Beneficio: -2
d 7 d 2 8 2 3 4 5 4 10 11 17 16 10 4 3 9 15 14 13 19 20 26 32 26 27 33 34 28 22 23 24 30 29 23 
Beneficio: -3
d 7 d 2 8 2 3 4 5 4 10 11 17 16 10 4 3 9 15 14 13 19 20 26 27 33 34 28 22 23 29 35 36 30 29 
Beneficio: -1
d 7 d 2 8 2 3 4 5 4 10 11 17 16 10 4 3 9 15 14 13 19 25 31 32 26 20 21 22 23 29 28 34 35 36 30 
Beneficio: -1
d 7 d 2 8 2 3 4 5 4 10 11 17 16 10 4 3 9 15 14 13 19 25 31 32 26 20 26 27 28 34 28 29 23 22 28 
Beneficio: -2
d 7 d 2 8 2 3 4 5 4 10 11 17 16 10 4 3 9 15 14 13 19 20 26 32 33 27 28 29 23 22 28 34 35 29 30 
Beneficio: -3
d 7 d 2 8 2 3 4 5 4 10 11 17 16 10 4 3 9 15 14 13 19 20 26 27 28 29 30 24 23 22 28 22 
Beneficio: -2
d 7 d 2 8 2 3 4 5 4 10 11 17 16 10 4 3 9 15 14 13 19 25 26 32 33 27 28 34 35 36 30 29 23 
Beneficio: -4
d 7 d 2 8 2 3 4 5 4 10 11 17 16 10 4 3 9 15 14 13 19 25 31 32 26 27 21 22 28 29 30 29 23 22 
Beneficio: -4
d 7 d 2 8 2 3 4 5 4 10 11 17 16 10 4 3 9 15 14 13 19 20 26 27 28 34 35 29 30 36 35 
Beneficio: -4
d 7 d 2 8 2 3 4 5 4 10 11 17 16 10 4 3 9 15 14 13 19 20 26 32 33 27 28 22 23 29 30 24 
Beneficio: -4
d 7 d 2 8 2 3 4 5 4 10 11 17 16 10 4 3 9 15 14 13 19 25 26 32 26 27 21 22 28 29 23 24 30 29 
Beneficio: -4
d 7 d 2 8 2 3 4 5 4 10 11 17 16 10 4 3 9 15 14 13 19 25 26 32 33 27 28 29 23 24 
Beneficio: 3
d 7 d 2 8 2 3 4 5 4 10 11 17 16 10 4 3 9 15 14 20 26 32 31 32 33 34 28 22 23 29 30 24 18 12 6 12 11 
Beneficio: -2
d 7 d 2 8 2 3 4 5 4 10 11 17 16 10 4 3 9 15 14 20 26 32 31 32 33 34 35 29 28 34 28 22 21 
Beneficio: 0
d 7 d 2 8 2 3 4 5 4 10 11 17 16 10 4 3 9 15 14 20 26 32 31 25 26 27 21 22 28 29 35 36 30 29 35 
Beneficio: 1
d 7 d 2 8 2 3 4 5 4 10 11 17 16 10 4 3 9 15 14 20 26 32 33 27 28 34 28 22 23 24 30 29 35 34 
Beneficio: -1
d 7 d 2 8 2 3 4 5 4 10 11 17 16 10 4 3 9 15 14 20 26 32 33 27 28 34 35 36 30 29 28 22 23 29 35 34 
Beneficio: 0
d 7 d 2 8 2 3 4 5 4 10 11 17 16 10 4 3 9 15 14 20 26 32 33 34 35 36 30 29 23 22 21 27 28 34 28 
Beneficio: -1
d 7 d 2 8 2 3 4 5 4 10 11 17 16 10 4 3 9 15 14 20 26 32 33 34 35 29 23 24 30 29 28 22 28 27 
Beneficio: 0
d 7 d 2 8 2 3 4 5 4 10 11 17 16 10 4 3 9 15 14 20 26 32 26 27 33 34 35 36 30 29 28 22 23 24 18 12 
Beneficio: -1
d 7 d 2 8 2 3 4 5 4 10 11 17 16 10 4 3 9 15 14 20 26 32 33 34 28 29 23 24 30 29 28 27 21 
Beneficio: -1
d 7 d 2 8 2 3 4 5 4 10 11 17 16 10 4 3 9 15 14 20 26 27 21 22 28 22 23 24 30 29 30 36 35 34 
Beneficio: 3
d 7 d 2 8 2 3 4 5 4 10 11 17 16 10 4 3 9 15 14 20 26 27 28 29 30 36 35 29 28 34 33 32 26 27 28 22 23 24 
Beneficio: 2
d 7 d 2 8 2 3 4 5 4 10 11 17 16 10 4 3 9 15 14 20 26 27 28 22 23 24 30 36 30 29 28 27 26 32 31 25 26 
Beneficio: -3
d 7 d 2 8 2 3 4 5 4 10 11 17 16 10 4 3 9 15 14 20 26 27 33 32 31 25 26 32 26 20 19 
Beneficio: 0
d 7 d 2 8 2 3 4 5 4 10 11 17 16 10 4 3 9 15 14 20 26 27 33 32 31 25 19 20 21 22 28 29 30 24 23 22 
Beneficio: -3
d 7 d 2 8 2 3 4 5 4 10 11 17 16 10 4 3 9 15 14 20 26 20 21 22 28 22 23 29 35 36 30 29 28 
Beneficio: 1
d 7 d 2 8 2 3 4 5 4 10 11 17 16 10 4 3 9 15 14 20 26 27 28 29 30 36 30 24 23 22 28 34 33 32 31 
Beneficio: 3
d 7 d 2 8 2 3 4 5 4 10 11 17 16 10 4 3 9 15 14 20 26 32 31 32 33 34 28 29 30 36 35 29 23 24 23 29 
Beneficio: -1
d 7 d 2 8 2 3 4 5 4 10 11 17 16 10 4 3 9 15 14 20 26 32 33 34 28 29 23 24 30 29 28 22 28 27 26 
Beneficio: 2
d 7 d 2 8 2 3 4 5 4 10 11 17 16 10 4 3 9 15 14 20 26 25 31 32 26 27 33 34 28 29 23 22 28 29 35 36 30 29 
Beneficio: 2
d 7 d 2 8 2 3 4 5 4 10 11 17 16 10 4 3 9 15 14 20 26 25 31 32 33 34 28 29 30 36 30 24 23 22 28 34 
Beneficio: -1
d 7 d 2 8 2 3 4 5 4 10 11 17 16 10 4 3 9 15 14 20 26 32 31 32 33 34 35 29 30 36 35 29 28 22 
Beneficio: -2
d 7 d 2 8 2 3 4 5 4 10 11 17 16 10 4 3 9 15 14 20 26 32 33 34 35 36 30 24 23 29 28 22 
Beneficio: -1
d 7 d 2 8 2 3 4 5 4 10 11 17 16 10 4 3 9 15 14 20 26 27 28 34 35 36 30 24 23 29 30 29 28 22 23 
Beneficio: -5
d 7 d 2 8 2 3 4 5 4 10 11 17 16 10 4 3 9 15 14 20 26 27 33 34 35 29 30 24 23 22 28 34 
Beneficio: -6
d 7 d 2 8 2 3 4 5 4 10 11 17 16 10 4 3 9 15 14 20 26 25 31 32 33 34 28 22 23 29 
Beneficio: -1
d 7 d 2 8 2 3 4 5 4 10 11 17 16 10 4 3 9 15 14 20 19 25 26 32 33 34 28 22 23 24 23 29 30 36 
Beneficio: -4
d 7 d 2 8 2 3 4 5 4 10 11 17 16 10 4 3 9 15 14 20 19 25 31 32 26 20 26 27 28 22 28 29 23 
Beneficio: -1
d 7 d 2 8 2 3 4 5 4 10 11 17 16 10 4 3 9 15 14 20 21 22 28 34 35 36 30 29 28 27 26 32 33 27 
Beneficio: -2
d 7 d 2 8 2 3 4 5 4 10 11 17 16 10 4 3 9 15 14 20 21 22 28 29 30 24 23 22 21 27 26 20 26 32 33 
Beneficio: -3
d 7 d 2 8 2 3 4 5 4 10 11 17 16 10 4 3 9 15 14 20 21 27 26 32 33 27 28 29 30 24 23 22 28 29 23 
Beneficio: -2
d 7 d 2 8 2 3 4 5 4 10 11 17 16 10 4 3 9 15 14 20 21 27 26 32 31 32 33 27 28 29 30 24 23 22 21 
Beneficio: -4
d 7 d 2 8 2 3 4 5 4 10 11 17 16 10 4 3 9 15 14 20 21 22 28 34 33 32 26 20 26 27 28 29 35 
Beneficio: -1
d 7 d 2 8 2 3 4 5 4 10 11 17 16 10 4 3 9 15 14 20 21 22 28 34 35 36 30 29 23 22 28 27 26 32 33 
Beneficio: -5
d 7 d 2 8 2 3 4 5 4 10 11 17 16 10 4 3 9 15 14 20 21 27 26 32 31 32 26 27 28 22 23 24 
Beneficio: -7
d 7 d 2 8 2 3 4 5 4 10 11 17 16 10 4 3 9 15 14 20 21 27 26 20 21 22 23 29 35 36 
Beneficio: -6
d 7 d 2 8 2 3 4 5 4 10 11 17 16 10 4 3 9 15 14 20 21 27 33 34 28 29 30 36 35 34 
Beneficio: 3
d 7 d 2 8 2 3 4 5 4 10 11 17 16 10 4 3 9 15 14 20 26 32 31 32 33 34 35 36 30 24 23 22 28 34 33 27 
Beneficio: 4
d 7 d 2 8 2 3 4 5 4 10 11 17 16 10 4 3 9 15 14 20 26 32 31 25 26 27 28 29 30 36 35 34 28 22 23 24 23 29 
Beneficio: 2
d 7 d 2 8 2 3 4 5 4 10 11 17 16 10 4 3 9 15 14 20 26 32 33 32 31 25 26 27 28 34 35 36 30 29 28 
Beneficio: -2
d 7 d 2 8 2 3 4 5 4 10 11 17 16 10 4 3 9 15 14 20 26 32 33 27 26 20 21 22 28 29 23 24 30 29 
Beneficio: 1
d 7 d 2 8 2 3 4 5 4 10 11 17 16 10 4 3 9 15 14 20 26 32 33 34 28 29 30 24 23 22 28 34 33 27 26 20 19 
Beneficio: 3
d 7 d 2 8 2 3 4 5 4 10 11 17 16 10 4 3 9 15 14 20 26 32 33 34 28 29 23 24 30 36 30 29 23 22 28 27 21 15 
Beneficio: 0
d 7 d 2 8 2 3 4 5 4 10 11 17 16 10 4 3 9 15 14 20 26 32 26 27 28 29 30 24 23 22 28 27 26 25 31 32 
Beneficio: -3
d 7 d 2 8 2 3 4 5 4 10 11 17 16 10 4 3 9 15 14 20 26 32 33 27 28 29 23 24 30 29 30 36 35 
Beneficio: 1
d 7 d 2 8 2 3 4 5 4 10 11 17 16 10 4 3 9 15 14 20 26 27 21 22 23 24 23 29 30 36 35 34 28 27 33 32 
Beneficio: 0
d 7 d 2 8 2 3 4 5 4 10 11 17 16 10 4 3 9 15 14 20 26 27 28 34 35 36 30 29 23 22 21 27 33 32 26 27 
Beneficio: -1
d 7 d 2 8 2 3 4 5 4 10 11 17 16 10 4 3 9 15 14 20 26 27 28 34 35 29 30 36 35 29 23 24 23 22 28 
Beneficio: -2
d 7 d 2 8 2 3 4 5 4 10 11 17 16 10 4 3 9 15 14 20 26 27 28 29 23 24 23 22 28 34 33 32 26 25 19 20 
Beneficio: -1
d 7 d 2 8 2 3 4 5 4 10 11 17 16 10 4 3 9 15 14 20 26 27 33 34 28 29 23 22 28 29 30 36 35 29 23 24 
Beneficio: -2
d 7 d 2 8 2 3 4 5 4 10 11 17 16 10 4 3 9 15 14 20 26 27 33 34 28 29 23 24 23 22 28 27 33 32 
Beneficio: 1
d 7 d 2 8 2 3 4 5 4 10 11 17 16 10 4 3 9 15 14 20 26 27 21 22 23 29 30 36 35 29 28 34 33 32 26 
Beneficio: -1
d 7 d 2 8 2 3 4 5 4 10 11 17 16 10 4 3 9 15 14 20 26 27 33 32 33 34 28 29 23 24 30 29 35 34 
Beneficio: 0
d 7 d 2 8 2 3 4 5 4 10 11 17 16 10 4 3 9 15 14 20 26 32 33 34 28 29 30 24 23 22 21 15 14 
Beneficio: -3
d 7 d 2 8 2 3 4 5 4 10 11 17 16 10 4 3 9 15 14 20 26 25 31 32 33 27 28 29 30 29 23 22 28 34 
Beneficio: -1
d 7 d 2 8 2 3 4 5 4 10 11 17 16 10 4 3 9 15 14 20 26 25 31 32 26 27 28 34 35 29 28 22 23 24 23 
Beneficio: 0
d 7 d 2 8 2 3 4 5 4 10 11 17 16 10 4 3 9 15 14 20 26 25 31 32 33 32 26 27 21 22 23 24 30 29 23 
Beneficio: -3
d 7 d 2 8 2 3 4 5 4 10 11 17 16 10 4 3 9 15 14 20 26 32 33 27 28 29 35 34 28 22 23 24 30 29 
Beneficio: -3
d 7 d 2 8 2 3 4 5 4 10 11 17 16 10 4 3 9 15 14 20 26 32 26 27 33 34 28 29 23 24 18 12 6 
Beneficio: -2
d 7 d 2 8 2 3 4 5 4 10 11 17 16 10 4 3 9 15 14 20 26 27 28 29 30 36 35 34 28 22 21 20 26 32 
Beneficio: -3
d 7 d 2 8 2 3 4 5 4 10 11 17 16 10 4 3 9 15 14 20 26 32 33 34 28 29 23 24 30 36 35 34 
Beneficio: -5
d 7 d 2 8 2 3 4 5 4 10 11 17 16 10 4 3 9 15 14 20 19 25 31 32 26 27 21 22 23 29 28 22 
Beneficio: -5
d 7 d 2 8 2 3 4 5 4 10 11 17 16 10 4 3 9 15 14 20 19 25 26 32 31 25 26 27 21 22 23 29 30 
Beneficio: 1
d 7 d 2 8 2 3 4 5 4 10 11 17 16 10 4 3 9 15 14 20 19 25 31 32 26 20 21 22 28 29 30 36 30 
Beneficio: -2
d 7 d 2 8 2 3 4 5 4 10 11 17 16 10 4 3 9 15 14 20 21 22 23 29 30 24 23 29 28 27 26 32 33 27 26 20 
Beneficio: -6
d 7 d 2 8 2 3 4 5 4 10 11 17 16 10 4 3 9 15 14 20 21 22 23 29 28 34 33 32 26 27 28 29 35 
Beneficio: -5
d 7 d 2 8 2 3 4 5 4 10 11 17 16 10 4 3 9 15 14 20 21 27 28 22 23 29 28 34 33 32 26 27 28 29 
Beneficio: -4
d 7 d 2 8 2 3 4 5 4 10 11 17 16 10 4 3 9 15 14 20 21 27 28 29 23 24 23 29 30 36 35 29 
Beneficio: -3
d 7 d 2 8 2 3 4 5 4 10 11 17 16 10 4 3 9 15 14 20 21 22 23 29 30 36 30 29 28 27 26 25 31 32 26 
Beneficio: 1
d 7 d 2 8 2 3 4 5 4 10 11 17 16 10 4 3 9 15 14 20 21 22 23 29 30 24 23 29 28 34 33 32 31 25 26 20 
Beneficio: -5
d 7 d 2 8 2 3 4 5 4 10 11 17 16 10 4 3 9 15 14 20 21 27 28 34 35 36 30 29 23 22 28 29 
Beneficio: -3
d 7 d 2 8 2 3 4 5 4 10 11 17 16 10 4 3 9 15 14 20 21 27 28 22 23 24 23 29 35 36 30 29 30 
Beneficio: 4
d 7 d 2 8 2 3 4 5 4 10 11 17 16 10 4 3 9 15 21 20 26 32 31 32 33 34 28 22 28 29 30 24 23 22 21 27 
Beneficio: -2
d 7 d 2 8 2 3 4 5 4 10 11 17 16 10 4 3 9 15 21 20 26 32 31 25 19 20 21 22 28 29 30 29 23 22 
Beneficio: 2
d 7 d 2 8 2 3 4 5 4 10 11 17 16 10 4 3 9 15 21 20 26 32 31 25 26 27 21 22 28 22 23 29 30 36 35 29 28 34 
Beneficio: 1
d 7 d 2 8 2 3 4 5 4 10 11 17 16 10 4 3 9 15 21 20 26 32 33 27 28 22 23 24 23 29 35 34 28 29 30 36 35 
Beneficio: 1
d 7 d 2 8 2 3 4 5 4 10 11 17 16 10 4 3 9 15 21 20 26 32 33 27 28 22 23 24 23 29 30 29 28 34 35 36 
Beneficio: -1
d 7 d 2 8 2 3 4 5 4 10 11 17 16 10 4 3 9 15 21 20 26 32 33 34 35 29 30 29 28 22 23 24 23 29 28 27 
Beneficio: 2
d 7 d 2 8 2 3 4 5 4 10 11 17 16 10 4 3 9 15 21 20 26 32 33 34 35 36 30 24 23 29 30 29 28 34 35 36 
Beneficio: -4
d 7 d 2 8 2 3 4 5 4 10 11 17 16 10 4 3 9 15 21 20 26 32 26 27 28 29 23 24 23 22 28 34 33 
Beneficio: -1
d 7 d 2 8 2 3 4 5 4 10 11 17 16 10 4 3 9 15 21 20 26 27 21 22 23 29 30 36 35 34 33 32 31 25 26 
Beneficio: -4
d 7 d 2 8 2 3 4 5 4 10 11 17 16 10 4 3 9 15 21 20 26 27 28 34 33 32 26 20 19 13 
Beneficio: 1
d 7 d 2 8 2 3 4 5 4 10 11 17 16 10 4 3 9 15 21 20 26 27 28 29 35 36 30 29 23 22 28 34 33 32 26 25 19 
Beneficio: -5
d 7 d 2 8 2 3 4 5 4 10 11 17 16 10 4 3 9 15 21 20 26 27 28 22 28 29 35 34 33 32 
Beneficio: 2
d 7 d 2 8 2 3 4 5 4 10 11 17 16 10 4 3 9 15 21 20 26 27 33 32 33 34 28 29 30 24 23 22 28 34 35 36 30 
Beneficio: -4
d 7 d 2 8 2 3 4 5 4 10 11 17 16 10 4 3 9 15 21 20 26 27 33 32 33 34 35 36 30 29 23 22 
Beneficio: 0
d 7 d 2 8 2 3 4 5 4 10 11 17 16 10 4 3 9 15 21 20 26 27 28 34 35 36 30 29 23 22 28 29 35 34 33 32 
Beneficio: -2
d 7 d 2 8 2 3 4 5 4 10 11 17 16 10 4 3 9 15 21 20 26 32 33 27 28 22 23 24 23 29 28 34 35 
Beneficio: -1
d 7 d 2 8 2 3 4 5 4 10 11 17 16 10 4 3 9 15 21 20 26 25 31 32 26 27 33 34 28 29 30 36 35 
Beneficio: -1
d 7 d 2 8 2 3 4 5 4 10 11 17 16 10 4 3 9 15 21 20 26 25 31 32 33 34 28 29 23 22 28 34 33 32 26 20 
Beneficio: 1
d 7 d 2 8 2 3 4 5 4 10 11 17 16 10 4 3 9 15 21 20 26 25 31 32 26 27 33 34 28 29 35 36 30 24 23 29 
Beneficio: -1
d 7 d 2 8 2 3 4 5 4 10 11 17 16 10 4 3 9 15 21 20 26 32 33 27 28 29 23 24 30 36 35 34 28 22 23 
Beneficio: -2
d 7 d 2 8 2 3 4 5 4 10 11 17 16 10 4 3 9 15 21 20 26 32 33 34 28 29 30 24 23 22 21 27 
Beneficio: -2
d 7 d 2 8 2 3 4 5 4 10 11 17 16 10 4 3 9 15 21 20 26 27 33 34 28 34 35 36 30 29 28 22 
Beneficio: -6
d 7 d 2 8 2 3 4 5 4 10 11 17 16 10 4 3 9 15 21 20 14 13 19 25 31 32 33 34 28 22 23 29 
Beneficio: -3
d 7 d 2 8 2 3 4 5 4 10 11 17 16 10 4 3 9 15 21 20 19 25 31 32 26 27 28 29 23 24 30 29 35 
Beneficio: -3
d 7 d 2 8 2 3 4 5 4 10 11 17 16 10 4 3 9 15 21 20 19 25 26 32 33 34 28 22 23 24 23 29 28 34 35 
Beneficio: 2
d 7 d 2 8 2 3 4 5 4 10 11 17 16 10 4 3 9 15 21 20 26 32 31 32 33 34 28 22 23 24 30 29 28 22 21 
Beneficio: -2
d 7 d 2 8 2 3 4 5 4 10 11 17 16 10 4 3 9 15 21 20 26 32 31 25 26 27 28 22 28 29 30 24 23 29 35 
Beneficio: 2
d 7 d 2 8 2 3 4 5 4 10 11 17 16 10 4 3 9 15 21 20 26 32 31 25 26 27 28 22 23 24 30 36 30 29 30 
Beneficio: -1
d 7 d 2 8 2 3 4 5 4 10 11 17 16 10 4 3 9 15 21 20 26 32 33 27 28 29 23 24 30 36 35 34 28 22 23 29 
Beneficio: 4
d 7 d 2 8 2 3 4 5 4 10 11 17 16 10 4 3 9 15 21 20 26 32 33 27 28 29 23 24 30 29 30 36 35 34 28 22 23 
Beneficio: -3
d 7 d 2 8 2 3 4 5 4 10 11 17 16 10 4 3 9 15 21 20 26 32 33 34 35 36 30 24 23 29 28 22 23 24 
Beneficio: 0
d 7 d 2 8 2 3 4 5 4 10 11 17 16 10 4 3 9 15 21 20 26 32 26 27 21 22 28 29 35 34 28 22 23 24 30 36 
Beneficio: 0
d 7 d 2 8 2 3 4 5 4 10 11 17 16 10 4 3 9 15 21 20 26 32 26 27 33 34 28 22 23 29 30 36 30 29 23 
Beneficio: 2
d 7 d 2 8 2 3 4 5 4 10 11 17 16 10 4 3 9 15 21 20 26 27 21 22 28 34 35 29 30 36 35 34 33 32 31 
Beneficio: 1
d 7 d 2 8 2 3 4 5 4 10 11 17 16 10 4 3 9 15 21 20 26 27 28 34 35 36 30 29 23 22 28 27 26 32 33 34 
Beneficio: 1
d 7 d 2 8 2 3 4 5 4 10 11 17 16 10 4 3 9 15 21 20 26 27 28 22 23 24 30 29 28 34 33 32 
Beneficio: -3
d 7 d 2 8 2 3 4 5 4 10 11 17 16 10 4 3 9 15 21 20 26 27 28 29 30 29 23 22 28 34 33 27 26 32 31 
Beneficio: 0
d 7 d 2 8 2 3 4 5 4 10 11 17 16 10 4 3 9 15 21 20 26 27 33 34 28 22 23 29 30 24 23 29 28 34 33 32 26 
Beneficio: 0
d 7 d 2 8 2 3 4 5 4 10 11 17 16 10 4 3 9 15 21 20 26 27 33 34 28 22 28 29 35 36 30 24 23 
Beneficio: 1
d 7 d 2 8 2 3 4 5 4 10 11 17 16 10 4 3 9 15 21 20 26 27 28 22 23 24 30 29 28 34 33 32 26 20 21 
Beneficio: -4
d 7 d 2 8 2 3 4 5 4 10 11 17 16 10 4 3 9 15 21 20 26 32 33 27 28 34 35 36 30 
Beneficio: 1
d 7 d 2 8 2 3 4 5 4 10 11 17 16 10 4 3 9 15 21 20 26 25 31 32 26 32 33 34 35 29 23 24 30 29 28 22 
Beneficio: -2
d 7 d 2 8 2 3 4 5 4 10 11 17 16 10 4 3 9 15 21 20 26 25 31 32 33 34 28 29 30 24 23 29 35 
Beneficio: -1
d 7 d 2 8 2 3 4 5 4 10 11 17 16 10 4 3 9 15 21 20 26 25 31 32 26 32 33 34 28 22 23 24 30 36 
Beneficio: -1
d 7 d 2 8 2 3 4 5 4 10 11 17 16 10 4 3 9 15 21 20 26 32 33 27 28 22 23 29 28 34 35 29 30 36 35 34 
Beneficio: -4
d 7 d 2 8 2 3 4 5 4 10 11 17 16 10 4 3 9 15 21 20 26 27 28 34 35 36 30 29 28 22 23 24 
Beneficio: 0
d 7 d 2 8 2 3 4 5 4 10 11 17 16 10 4 3 9 15 21 20 26 27 28 22 23 29 30 24 23 22 28 34 33 32 31 
Beneficio: -5
d 7 d 2 8 2 3 4 5 4 10 11 17 16 10 4 3 9 15 21 20 14 13 19 25 31 32 26 27 28 22 23 29 30 
Beneficio: 1
d 7 d 2 8 2 3 4 5 4 10 11 17 16 10 4 3 9 15 21 20 19 25 31 32 26 20 26 27 28 22 23 24 30 29 
Beneficio: -3
d 7 d 2 8 2 3 4 5 4 10 11 17 16 10 4 3 9 15 21 20 19 25 31 32 26 20 21 22 23 24 30 29 28 
Beneficio: -1
d 7 d 2 8 2 3 4 5 4 10 11 17 16 10 4 3 9 15 21 22 28 34 28 27 26 32 33 27 26 20 21 22 23 29 30 29 28 
Beneficio: 1
d 7 d 2 8 2 3 4 5 4 10 11 17 16 10 4 3 9 15 21 22 28 34 33 32 26 20 26 27 28 29 30 24 18 12 6 
Beneficio: -2
d 7 d 2 8 2 3 4 5 4 10 11 17 16 10 4 3 9 15 21 22 28 34 35 36 30 29 28 22 21 20 14 
Beneficio: 3
d 7 d 2 8 2 3 4 5 4 10 11 17 16 10 4 3 9 15 21 22 28 29 30 36 30 24 23 29 28 34 33 32 31 25 26 32 
Beneficio: -4
d 7 d 2 8 2 3 4 5 4 10 11 17 16 10 4 3 9 15 21 22 28 29 30 29 28 34 33 27 26 25 31 32 26 
Beneficio: 0
d 7 d 2 8 2 3 4 5 4 10 11 17 16 10 4 3 9 15 21 22 28 29 23 24 23 29 30 36 35 34 33 32 26 20 21 
Beneficio: -3
d 7 d 2 8 2 3 4 5 4 10 11 17 16 10 4 3 9 15 21 22 28 29 35 34 28 27 26 25 31 32 26 32 33 27 
Beneficio: 2
d 7 d 2 8 2 3 4 5 4 10 11 17 16 10 4 3 9 15 21 22 28 22 23 29 30 36 30 24 23 29 28 34 33 32 31 25 26 
Beneficio: -2
d 7 d 2 8 2 3 4 5 4 10 11 17 16 10 4 3 9 15 21 22 28 29 23 24 30 36 35 29 30 24 
Beneficio: -1
d 7 d 2 8 2 3 4 5 4 10 11 17 16 10 4 3 9 15 21 22 28 27 33 32 26 27 33 34 28 29 30 24 23 29 30 
Beneficio: 2
d 7 d 2 8 2 3 4 5 4 10 11 17 16 10 4 3 9 15 21 22 23 24 23 29 30 36 35 34 28 27 33 32 31 32 26 27 21 
Beneficio: -1
d 7 d 2 8 2 3 4 5 4 10 11 17 16 10 4 3 9 15 21 22 23 24 23 29 35 36 30 29 28 34 33 32 33 27 21 
Beneficio: 1
d 7 d 2 8 2 3 4 5 4 10 11 17 16 10 4 3 9 15 21 22 23 24 30 29 28 27 33 32 31 32 26 20 26 27 28 22 21 
Beneficio: -2
d 7 d 2 8 2 3 4 5 4 10 11 17 16 10 4 3 9 15 21 22 23 24 30 29 23 22 28 27 33 32 31 32 26 25 
Beneficio: 0
d 7 d 2 8 2 3 4 5 4 10 11 17 16 10 4 3 9 15 21 22 23 24 30 36 30 29 35 34 28 27 21 20 26 
Beneficio: 0
d 7 d 2 8 2 3 4 5 4 10 11 17 16 10 4 3 9 15 21 22 23 29 30 36 35 29 28 34 28 22 21 20 26 27 33 32 
Beneficio: -3
d 7 d 2 8 2 3 4 5 4 10 11 17 16 10 4 3 9 15 21 22 23 29 30 29 28 34 33 27 26 25 31 32 26 20 14 
Beneficio: -3
d 7 d 2 8 2 3 4 5 4 10 11 17 16 10 4 3 9 15 21 22 23 29 28 34 28 27 26 20 26 25 31 32 26 25 31 
Beneficio: -2
d 7 d 2 8 2 3 4 5 4 10 11 17 16 10 4 3 9 15 21 22 23 29 28 27 26 32 33 34 28 22 23 24 30 36 35 34 
Beneficio: -3
d 7 d 2 8 2 3 4 5 4 10 11 17 16 10 4 3 9 15 21 22 23 29 35 34 28 29 30 36 35 34 33 32 33 27 26 
Beneficio: -3
d 7 d 2 8 2 3 4 5 4 10 11 17 16 10 4 3 9 15 21 22 23 29 30 36 35 34 28 34 33 32 26 25 
Beneficio: -4
d 7 d 2 8 2 3 4 5 4 10 11 17 16 10 4 3 9 15 21 22 23 24 23 29 35 34 33 32 26 20 19 
Beneficio: -2
d 7 d 2 8 2 3 4 5 4 10 11 17 16 10 4 3 9 15 21 22 23 29 30 24 23 29 28 34 33 32 26 20 19 25 
Beneficio: 0
d 7 d 2 8 2 3 4 5 4 10 11 17 16 10 4 3 9 15 21 22 28 34 33 32 26 20 26 27 21 22 23 29 30 24 23 24 
Beneficio: -6
d 7 d 2 8 2 3 4 5 4 10 11 17 16 10 4 3 9 15 21 22 28 29 35 36 30 29 23 22 28 27 33 
Beneficio: 0
d 7 d 2 8 2 3 4 5 4 10 11 17 16 10 4 3 9 15 21 22 28 34 28 29 30 24 23 22 21 27 26 20 26 32 
Beneficio: 0
d 7 d 2 8 2 3 4 5 4 10 11 17 16 10 4 3 9 15 21 22 28 34 33 32 31 25 26 20 21 22 23 29 30 36 35 
Beneficio: 1
d 7 d 2 8 2 3 4 5 4 10 11 17 16 10 4 3 9 15 21 22 28 34 35 36 30 29 35 34 33 32 26 20 21 27 26 
Beneficio: -1
d 7 d 2 8 2 3 4 5 4 10 11 17 16 10 4 3 9 15 21 22 28 29 30 36 30 29 23 22 21 27 26 32 31 32 33 
Beneficio: -7
d 7 d 2 8 2 3 4 5 4 10 11 17 16 10 4 3 9 15 21 22 28 29 30 29 23 22 28 27 26 25 19 20 
Beneficio: -1
d 7 d 2 8 2 3 4 5 4 10 11 17 16 10 4 3 9 15 21 22 28 29 23 24 23 22 28 34 33 27 26 32 26 20 26 
Beneficio: -3
d 7 d 2 8 2 3 4 5 4 10 11 17 16 10 4 3 9 15 21 22 28 29 30 36 35 34 28 27 26 20 21 22 23 29 30 
Beneficio: 2
d 7 d 2 8 2 3 4 5 4 10 11 17 16 10 4 3 9 15 21 22 28 22 23 24 30 29 28 34 33 27 26 20 19 25 31 32 26 
Beneficio: -5
d 7 d 2 8 2 3 4 5 4 10 11 17 16 10 4 3 9 15 21 22 28 29 23 24 30 29 23 22 21 27 26 25 19 
Beneficio: 1
d 7 d 2 8 2 3 4 5 4 10 11 17 16 10 4 3 9 15 21 22 28 27 26 32 31 32 33 34 28 29 23 24 30 29 30 36 
Beneficio: -1
d 7 d 2 8 2 3 4 5 4 10 11 17 16 10 4 3 9 15 21 22 28 27 33 32 26 27 33 34 28 29 23 24 
Beneficio: 0
d 7 d 2 8 2 3 4 5 4 10 11 17 16 10 4 3 9 15 21 22 23 24 23 29 35 36 30 29 28 27 33 32 31 32 26 27 28 
Beneficio: 1
d 7 d 2 8 2 3 4 5 4 10 11 17 16 10 4 3 9 15 21 22 23 24 30 29 28 34 33 32 31 32 26 20 21 27 
Beneficio: -3
d 7 d 2 8 2 3 4 5 4 10 11 17 16 10 4 3 9 15 21 22 23 24 30 29 28 27 26 32 33 34 28 27 
Beneficio: 3
d 7 d 2 8 2 3 4 5 4 10 11 17 16 10 4 3 9 15 21 22 23 24 30 36 30 29 28 34 33 32 26 27 28 22 21 20 26 25 
Beneficio: -4
d 7 d 2 8 2 3 4 5 4 10 11 17 16 10 4 3 9 15 21 22 23 29 30 36 35 29 28 34 28 27 26 25 19 
Beneficio: 0
d 7 d 2 8 2 3 4 5 4 10 11 17 16 10 4 3 9 15 21 22 23 29 30 29 28 22 23 24 30 36 35 34 28 27 
Beneficio: -2
d 7 d 2 8 2 3 4 5 4 10 11 17 16 10 4 3 9 15 21 22 23 29 30 24 23 29 35 34 33 32 26 27 28 34 35 
Beneficio: -8
d 7 d 2 8 2 3 4 5 4 10 11 17 16 10 4 3 9 15 21 22 23 29 28 27 26 20 19 13 14 
Beneficio: 0
d 7 d 2 8 2 3 4 5 4 10 11 17 16 10 4 3 9 15 21 22 23 29 35 36 30 29 35 34 28 22 21 20 26 32 26 
Beneficio: -1
d 7 d 2 8 2 3 4 5 4 10 11 17 16 10 4 3 9 15 21 22 23 29 30 36 35 29 28 22 28 34 33 32 26 27 21 20 
Beneficio: -2
d 7 d 2 8 2 3 4 5 4 10 11 17 16 10 4 3 9 15 21 22 23 24 23 29 28 34 33 27 26 25 31 32 33 32 26 
Beneficio: -2
d 7 d 2 8 2 3 4 5 4 10 11 17 16 10 4 3 9 15 21 22 23 29 30 29 28 34 28 27 26 32 26 20 14 
Beneficio: -3
d 7 d 2 8 2 3 4 5 4 10 11 17 16 10 4 3 9 15 21 22 23 29 35 36 30 29 28 27 33 32 31 25 
Beneficio: 0
d 7 d 2 8 2 3 4 5 4 10 11 17 16 10 4 3 9 15 21 22 28 29 23 24 30 36 35 29 28 34 33 32 26 20 21 
Beneficio: 0
d 7 d 2 8 2 3 4 5 4 10 11 17 16 10 4 3 9 15 21 27 26 20 26 32 33 27 21 22 23 24 30 29 23 
Beneficio: -2
d 7 d 2 8 2 3 4 5 4 10 11 17 16 10 4 3 9 15 21 27 26 20 26 32 33 27 28 34 35 36 30 29 28 22 
Beneficio: -2
d 7 d 2 8 2 3 4 5 4 10 11 17 16 10 4 3 9 15 21 27 26 20 21 22 23 24 23 29 28 34 33 32 26 20 21 
Beneficio: 2
d 7 d 2 8 2 3 4 5 4 10 11 17 16 10 4 3 9 15 21 27 26 20 21 22 28 29 30 24 23 29 35 34 28 27 33 32 31 
Beneficio: -1
d 7 d 2 8 2 3 4 5 4 10 11 17 16 10 4 3 9 15 21 27 26 20 21 27 33 34 28 29 23 22 28 34 35 36 30 29 
Beneficio: 0
d 7 d 2 8 2 3 4 5 4 10 11 17 16 10 4 3 9 15 21 27 26 32 31 32 33 27 28 29 23 22 28 29 30 36 
Beneficio: -3
d 7 d 2 8 2 3 4 5 4 10 11 17 16 10 4 3 9 15 21 27 26 32 33 27 28 22 23 24 30 29 28 22 21 27 26 
Beneficio: -2
d 7 d 2 8 2 3 4 5 4 10 11 17 16 10 4 3 9 15 21 27 26 32 33 34 28 29 30 36 35 34 28 27 21 22 23 
Beneficio: -1
d 7 d 2 8 2 3 4 5 4 10 11 17 16 10 4 3 9 15 21 27 26 32 33 34 28 22 23 24 30 29 28 22 
Beneficio: 1
d 7 d 2 8 2 3 4 5 4 10 11 17 16 10 4 3 9 15 21 27 26 32 33 34 28 22 23 29 30 24 23 22 21 20 26 
Beneficio: 3
d 7 d 2 8 2 3 4 5 4 10 11 17 16 10 4 3 9 15 21 27 26 25 31 32 33 32 26 20 21 22 28 22 23 24 30 29 28 34 
Beneficio: -2
d 7 d 2 8 2 3 4 5 4 10 11 17 16 10 4 3 9 15 21 27 26 25 31 32 26 20 21 22 28 29 23 24 30 36 35 
Beneficio: -2
d 7 d 2 8 2 3 4 5 4 10 11 17 16 10 4 3 9 15 21 27 26 32 31 25 26 20 21 22 28 22 23 24 23 29 
Beneficio: -1
d 7 d 2 8 2 3 4 5 4 10 11 17 16 10 4 3 9 15 21 27 26 25 31 32 33 34 28 22 23 29 30 36 35 29 
Beneficio: -1
d 7 d 2 8 2 3 4 5 4 10 11 17 16 10 4 3 9 15 21 27 28 34 35 29 30 24 23 29 28 27 26 32 31 25 
Beneficio: 1
d 7 d 2 8 2 3 4 5 4 10 11 17 16 10 4 3 9 15 21 27 28 22 23 29 30 36 35 34 28 27 26 20 26 32 33 27 21 
Beneficio: -3
d 7 d 2 8 2 3 4 5 4 10 11 17 16 10 4 3 9 15 21 27 28 29 30 36 35 29 23 22 28 27 26 20 14 13 
Beneficio: -5
d 7 d 2 8 2 3 4 5 4 10 11 17 16 10 4 3 9 15 21 27 28 29 35 34 28 22 23 29 35 36 30 36 
Beneficio: 2
d 7 d 2 8 2 3 4 5 4 10 11 17 16 10 4 3 9 15 21 27 28 34 33 32 31 32 26 20 21 22 28 29 30 24 23 29 
Beneficio: 1
d 7 d 2 8 2 3 4 5 4 10 11 17 16 10 4 3 9 15 21 27 28 22 23 24 30 36 35 29 28 34 33 32 26 20 19 13 
Beneficio: -3
d 7 d 2 8 2 3 4 5 4 10 11 17 16 10 4 3 9 15 21 27 28 22 28 29 30 36 35 34 28 34 33 32 26 27 
Beneficio: 0
d 7 d 2 8 2 3 4 5 4 10 11 17 16 10 4 3 9 15 21 27 28 29 23 24 30 29 35 34 28 27 26 32 33 27 26 20 
Beneficio: 1
d 7 d 2 8 2 3 4 5 4 10 11 17 16 10 4 3 9 15 21 27 33 32 31 32 26 27 28 29 35 36 30 29 28 34 
Beneficio: -1
d 7 d 2 8 2 3 4 5 4 10 11 17 16 10 4 3 9 15 21 27 33 32 26 20 21 27 28 22 23 29 28 34 35 36 30 29 
Beneficio: -2
d 7 d 2 8 2 3 4 5 4 10 11 17 16 10 4 3 9 15 21 27 33 32 26 20 26 27 28 22 23 29 35 36 30 29 28 
Beneficio: 2
d 7 d 2 8 2 3 4 5 4 10 11 17 16 10 4 3 9 15 21 27 33 34 28 29 30 24 23 29 30 36 35 34 33 32 26 20 
Beneficio: -1
d 7 d 2 8 2 3 4 5 4 10 11 17 16 10 4 3 9 15 21 27 33 32 31 25 26 27 33 34 28 29 30 24 23 29 
Beneficio: 1
d 7 d 2 8 2 3 4 5 4 10 11 17 16 10 4 3 9 15 21 27 33 32 26 27 28 22 28 34 35 36 30 29 23 24 23 22 
Beneficio: -3
d 7 d 2 8 2 3 4 5 4 10 11 17 16 10 4 3 9 15 21 27 33 34 28 29 23 24 23 22 28 27 26 20 19 25 31 
Beneficio: -3
d 7 d 2 8 2 3 4 5 4 10 11 17 16 10 4 3 9 15 21 27 26 20 26 32 31 25 26 27 28 
Beneficio: -1
d 7 d 2 8 2 3 4 5 4 10 11 17 16 10 4 3 9 15 21 27 26 20 26 27 28 29 23 24 30 36 30 29 28 22 21 
Beneficio: -1
d 7 d 2 8 2 3 4 5 4 10 11 17 16 10 4 3 9 15 21 27 26 20 19 25 31 32 33 34 28 22 23 29 30 36 35 
Beneficio: -2
d 7 d 2 8 2 3 4 5 4 10 11 17 16 10 4 3 9 15 21 27 26 20 21 27 28 34 35 36 30 29 23 24 30 
Beneficio: 1
d 7 d 2 8 2 3 4 5 4 10 11 17 16 10 4 3 9 15 21 27 26 20 21 27 28 22 23 24 30 29 28 34 33 32 26 25 
Beneficio: 1
d 7 d 2 8 2 3 4 5 4 10 11 17 16 10 4 3 9 15 21 27 26 32 31 32 33 34 35 36 30 29 28 34 28 22 23 24 18 
Beneficio: 1
d 7 d 2 8 2 3 4 5 4 10 11 17 16 10 4 3 9 15 21 27 26 32 33 32 31 25 26 20 21 22 28 29 30 24 23 22 
Beneficio: -1
d 7 d 2 8 2 3 4 5 4 10 11 17 16 10 4 3 9 15 21 27 26 32 33 27 28 29 35 34 28 22 23 24 30 29 35 36 
Beneficio: 0
d 7 d 2 8 2 3 4 5 4 10 11 17 16 10 4 3 9 15 21 27 26 32 33 34 28 29 23 24 23 22 21 20 26 32 31 32 33 
Beneficio: -5
d 7 d 2 8 2 3 4 5 4 10 11 17 16 10 4 3 9 15 21 27 26 32 26 20 21 27 33 34 28 29 23 24 
Beneficio: -5
d 7 d 2 8 2 3 4 5 4 10 11 17 16 10 4 3 9 15 21 27 26 32 33 34 35 36 30 29 28 22 23 24 
Beneficio: -2
d 7 d 2 8 2 3 4 5 4 10 11 17 16 10 4 3 9 15 21 27 26 25 31 32 33 27 28 34 28 22 28 29 23 24 18 
Beneficio: -1
d 7 d 2 8 2 3 4 5 4 10 11 17 16 10 4 3 9 15 21 27 26 32 31 32 33 34 28 22 23 29 30 29 28 27 
Beneficio: -4
d 7 d 2 8 2 3 4 5 4 10 11 17 16 10 4 3 9 15 21 27 26 32 31 32 33 34 35 29 23 24 
Beneficio: -3
d 7 d 2 8 2 3 4 5 4 10 11 17 16 10 4 3 9 15 21 27 28 34 33 32 26 20 26 27 33 34 28 22 23 29 
Beneficio: 3
d 7 d 2 8 2 3 4 5 4 10 11 17 16 10 4 3 9 15 21 27 28 22 23 24 30 36 30 29 28 34 33 32 26 20 21 15 9 
Beneficio: 4
d 7 d 2 8 2 3 4 5 4 10 11 17 16 10 4 3 9 15 21 27 28 29 30 36 30 24 23 22 28 34 33 32 26 20 14 
Beneficio: -1
d 7 d 2 8 2 3 4 5 4 10 11 17 16 10 4 3 9 15 21 27 28 29 23 22 28 34 33 32 31 25 26 32 26 20 14 
Beneficio: 1
d 7 d 2 8 2 3 4 5 4 10 11 17 16 10 4 3 9 15 21 27 28 34 33 32 31 25 19 20 26 27 28 29 30 24 23 22 
Beneficio: 2
d 7 d 2 8 2 3 4 5 4 10 11 17 16 10 4 3 9 15 21 27 28 22 23 24 23 29 28 34 35 29 30 36 35 34 33 32 31 
######### Overtime ############
Mejor solucion encontrada!
Beneficio: 6
d 2 8 14 20 26 32 33 34 28 22 23 24 18 17 11 10 4 5 6 12 18 24 30 29 28 27 26 32 31 25 19 13 7 d 
Time taken: 7200.00s
