Evaluando ./Instances\GRID\G15NoRPP
Solucion inicial: ./Instances\GRID\G15NoRPP-salida.txt

Nueva solucion parcial! a los 1.001s
Imprimiendo solucion: 
Beneficio: 21
1  * 2
2  * 2
8  * 2
9  * 1
3  * 1
2  * -1
1  * 0
7  * 1
8  * 0
14  * 0
15  * 1
9  * -1
3  * -1
4  * 2
5  * -1
4  * 1
10  * 2
11  * 1
17  * 2
16  * 0
10  * -1
11  * 0
12  * -1
18  * 2
17  * -1
18  * -1
24  * 1
23  * 2
22  * -1
23  * 1
29  * 1
35  * 2
36  * 2
30  * 0
29  * 0
28  * -1
27  * 1
33  * -1
32  * 0
26  * 1
20  * 2
19  * 2
25  * 1
31  * -1
25  * -1
19  * -1
13  * 0
7  * -1
1
Beneficio: 14
d 2 8 9 3 2 d 7 8 14 15 9 3 4 5 4 10 11 17 16 10 11 12 18 17 18 24 23 22 21 20 19 25 26 27 28 29 23 24 
Beneficio: 21
d 2 8 9 3 2 d 7 8 14 15 9 3 4 5 4 10 11 17 16 10 11 12 18 17 18 24 23 29 35 36 30 29 28 27 21 20 19 25 31 32 26 20 21 22 23 
Beneficio: 10
d 2 8 9 3 2 d 7 8 14 15 9 3 4 5 4 10 11 17 16 10 11 12 18 17 18 24 23 29 28 22 21 27 33 32 26 20 14 13 7 
Beneficio: 16
d 2 8 9 3 2 d 7 8 14 15 9 3 4 5 4 10 11 17 16 10 11 12 18 17 18 24 23 29 30 36 35 34 33 32 26 25 19 20 21 27 
Beneficio: 16
d 2 8 9 3 2 d 7 8 14 15 9 3 4 5 4 10 11 17 16 10 11 12 18 17 18 24 23 29 35 36 35 34 33 27 21 20 19 25 31 
Beneficio: 16
d 2 8 9 3 2 d 7 8 14 15 9 3 4 5 4 10 11 17 16 10 11 12 18 17 18 24 23 29 35 36 30 29 28 27 26 25 19 20 19 25 
Beneficio: 17
d 2 8 9 3 2 d 7 8 14 15 9 3 4 5 4 10 11 17 16 10 11 12 18 17 18 24 30 36 35 29 23 22 21 20 19 25 26 20 14 15 
Beneficio: 13
d 2 8 9 3 2 d 7 8 14 15 9 3 4 5 4 10 11 17 16 10 11 12 18 17 18 24 30 36 35 29 23 24 30 29 28 27 21 20 26 25 
Beneficio: 11
d 2 8 9 3 2 d 7 8 14 15 9 3 4 5 4 10 11 17 16 10 11 12 18 17 18 24 30 36 35 29 28 27 33 27 26 25 31 32 
Beneficio: 12
d 2 8 9 3 2 d 7 8 14 15 9 3 4 5 4 10 11 17 16 10 11 12 18 17 18 24 30 29 23 22 28 27 26 20 19 25 19 20 
Beneficio: 15
d 2 8 9 3 2 d 7 8 14 15 9 3 4 5 4 10 11 17 16 10 11 12 18 17 18 24 30 29 35 34 28 22 23 29 28 27 26 25 19 20 26 32 
Beneficio: 11
d 2 8 9 3 2 d 7 8 14 15 9 3 4 5 4 10 11 17 16 10 11 12 18 17 18 24 30 29 23 22 28 29 35 34 33 27 26 32 31 
Beneficio: 20
d 2 8 9 3 2 d 7 8 14 15 9 3 4 5 4 10 11 17 16 10 11 12 18 17 18 24 23 29 35 36 30 29 28 22 23 22 21 27 26 20 19 25 31 
Beneficio: 12
d 2 8 9 3 2 d 7 8 14 15 9 3 4 5 4 10 11 17 16 10 11 12 18 17 18 24 30 36 30 29 23 22 21 27 26 
Beneficio: 18
d 2 8 9 3 2 d 7 8 14 15 9 3 4 5 4 10 11 17 16 10 11 12 18 17 18 24 23 22 23 29 30 36 35 29 28 22 21 27 26 20 19 25 
Beneficio: 15
d 2 8 9 3 2 d 7 8 14 15 9 3 4 5 4 10 11 17 16 10 11 12 18 17 18 24 23 22 28 29 23 29 35 36 30 29 28 27 33 34 
Beneficio: 16
d 2 8 9 3 2 d 7 8 14 15 9 3 4 5 4 10 11 17 16 10 11 12 18 17 18 24 23 29 35 36 30 29 28 27 33 27 26 25 19 20 26 
Beneficio: 18
d 2 8 9 3 2 d 7 8 14 15 9 3 4 5 4 10 11 17 16 10 11 12 18 17 18 24 23 29 30 36 35 29 28 22 21 27 33 32 31 25 26 20 19 
Beneficio: 13
d 2 8 9 3 2 d 7 8 14 15 9 3 4 5 4 10 11 17 16 10 11 12 18 17 18 24 23 29 30 36 35 29 28 22 21 20 26 25 19 
Beneficio: 10
d 2 8 9 3 2 d 7 8 14 15 9 3 4 5 4 10 11 17 16 10 11 12 18 17 18 24 23 24 30 36 30 29 23 29 28 27 21 22 
Beneficio: 14
d 2 8 9 3 2 d 7 8 14 15 9 3 4 5 4 10 11 17 16 10 11 12 18 17 18 24 23 29 30 36 35 29 28 27 21 20 19 13 
Beneficio: 20
d 2 8 9 3 2 d 7 8 14 15 9 3 4 5 4 10 11 17 16 10 11 12 18 17 18 24 30 36 35 29 28 27 26 32 31 25 19 20 21 22 23 24 23 29 
Beneficio: 15
d 2 8 9 3 2 d 7 8 14 15 9 3 4 5 4 10 11 17 16 10 11 12 18 17 18 24 30 36 35 34 33 27 28 29 30 24 23 22 21 
Beneficio: 20
d 2 8 9 3 2 d 7 8 14 15 9 3 4 5 4 10 11 17 16 10 11 12 18 17 18 24 30 29 23 22 21 27 26 20 19 25 26 32 33 27 28 29 35 36 30 
Beneficio: 21
d 2 8 9 3 2 d 7 8 14 15 9 3 4 5 4 10 11 17 16 10 11 12 18 17 18 24 30 29 35 36 30 29 23 22 28 27 33 32 26 25 19 20 26 
Beneficio: 12
d 2 8 9 3 2 d 7 8 14 15 9 3 4 5 4 10 11 17 16 10 11 12 18 17 18 24 30 29 28 27 26 20 19 25 31 32 26 27 28 34 
Beneficio: 15
d 2 8 9 3 2 d 7 8 14 15 9 3 4 5 4 10 11 17 16 10 11 12 18 17 18 24 30 36 35 29 23 22 21 27 26 32 31 25 19 13 7 
Beneficio: 15
d 2 8 9 3 2 d 7 8 14 15 9 3 4 5 4 10 11 17 16 10 11 12 18 17 18 24 23 29 30 36 35 29 23 22 21 27 26 20 19 
Beneficio: 12
d 2 8 9 3 2 d 7 8 14 15 9 3 4 5 4 10 11 17 16 10 11 12 18 17 18 24 30 29 28 27 33 32 31 25 19 20 26 
Beneficio: 13
d 2 8 9 3 2 d 7 8 14 15 9 3 4 5 4 10 11 17 16 10 11 12 18 17 23 22 23 24 30 36 30 29 28 27 21 20 26 25 
Beneficio: 14
d 2 8 9 3 2 d 7 8 14 15 9 3 4 5 4 10 11 17 16 10 11 12 18 17 23 22 23 24 30 29 35 36 30 24 23 29 28 27 33 
Beneficio: 13
d 2 8 9 3 2 d 7 8 14 15 9 3 4 5 4 10 11 17 16 10 11 12 18 17 23 22 23 24 30 36 30 29 35 29 28 34 33 27 21 
Beneficio: 17
d 2 8 9 3 2 d 7 8 14 15 9 3 4 5 4 10 11 17 16 10 11 12 18 17 23 22 23 29 35 29 28 27 33 32 31 25 19 20 26 32 
Beneficio: 18
d 2 8 9 3 2 d 7 8 14 15 9 3 4 5 4 10 11 17 16 10 11 12 18 17 23 22 23 29 30 36 35 29 28 22 21 27 33 32 26 20 19 
Beneficio: 17
d 2 8 9 3 2 d 7 8 14 15 9 3 4 5 4 10 11 17 16 10 11 12 18 17 23 22 23 29 30 36 35 29 28 27 33 32 31 25 19 13 7 
Beneficio: 18
d 2 8 9 3 2 d 7 8 14 15 9 3 4 5 4 10 11 17 16 10 11 12 18 17 23 22 23 29 30 36 35 29 28 27 21 20 19 25 26 27 33 
Beneficio: 18
d 2 8 9 3 2 d 7 8 14 15 9 3 4 5 4 10 11 17 16 10 11 12 18 17 23 22 21 20 19 25 26 27 28 29 23 24 30 36 35 29 30 
Beneficio: 11
d 2 8 9 3 2 d 7 8 14 15 9 3 4 5 4 10 11 17 16 10 11 12 18 17 23 22 21 20 19 20 26 32 33 34 35 36 
Beneficio: 15
d 2 8 9 3 2 d 7 8 14 15 9 3 4 5 4 10 11 17 16 10 11 12 18 17 23 22 21 27 28 34 35 36 30 24 23 29 35 34 33 
Beneficio: 19
d 2 8 9 3 2 d 7 8 14 15 9 3 4 5 4 10 11 17 16 10 11 12 18 17 23 22 21 20 19 25 31 32 26 27 33 34 28 29 23 24 30 36 35 29 30 
Beneficio: 14
d 2 8 9 3 2 d 7 8 14 15 9 3 4 5 4 10 11 17 16 10 11 12 18 17 23 22 21 20 26 32 33 27 28 29 30 36 35 34 33 
Beneficio: 16
d 2 8 9 3 2 d 7 8 14 15 9 3 4 5 4 10 11 17 16 10 11 12 18 17 23 22 21 27 33 34 35 29 23 24 30 29 28 34 35 36 30 24 
Beneficio: 16
d 2 8 9 3 2 d 7 8 14 15 9 3 4 5 4 10 11 17 16 10 11 12 18 17 23 22 28 29 23 24 30 29 35 34 28 27 26 20 19 25 31 
Beneficio: 21
d 2 8 9 3 2 d 7 8 14 15 9 3 4 5 4 10 11 17 16 10 11 12 18 17 23 22 28 29 30 36 35 29 23 24 30 36 35 34 33 27 26 20 19 25 31 
Beneficio: 14
d 2 8 9 3 2 d 7 8 14 15 9 3 4 5 4 10 11 17 16 10 11 12 18 17 23 22 28 29 30 24 23 29 35 36 35 34 28 27 
Beneficio: 14
d 2 8 9 3 2 d 7 8 14 15 9 3 4 5 4 10 11 17 16 10 11 12 18 17 23 22 28 27 21 20 19 25 31 32 33 27 28 29 30 
Beneficio: 22
d 2 8 9 3 2 d 7 8 14 15 9 3 4 5 4 10 11 17 16 10 11 12 18 17 23 22 28 29 23 24 30 36 35 34 33 27 33 32 31 25 19 20 26 
Beneficio: 17
d 2 8 9 3 2 d 7 8 14 15 9 3 4 5 4 10 11 17 16 10 11 12 18 17 23 22 28 29 35 36 30 29 28 27 26 32 31 25 19 20 26 27 
Beneficio: 17
d 2 8 9 3 2 d 7 8 14 15 9 3 4 5 4 10 11 17 16 10 11 12 18 17 23 22 28 29 30 24 23 29 35 34 33 27 26 25 19 20 26 27 28 
Beneficio: 16
d 2 8 9 3 2 d 7 8 14 15 9 3 4 5 4 10 11 17 16 10 11 12 18 17 23 22 28 27 33 32 26 20 19 25 26 27 28 29 30 24 23 29 35 
Beneficio: 17
d 2 8 9 3 2 d 7 8 14 15 9 3 4 5 4 10 11 17 16 10 11 12 18 17 23 22 28 34 35 36 30 29 23 24 30 29 28 27 26 20 19 13 7 
Nueva solucion parcial! a los 525.86s
Imprimiendo solucion: 
Beneficio: 22
1  * 2
2  * 2
8  * 2
9  * 1
3  * 1
2  * -1
1  * 0
7  * 1
8  * 0
14  * 0
15  * 1
9  * -1
3  * -1
4  * 2
5  * -1
4  * 1
10  * 2
11  * 1
17  * 2
16  * 0
10  * -1
11  * 0
12  * -1
18  * 2
17  * -1
23  * 1
24  * 0
30  * 2
36  * 2
35  * 1
29  * 1
23  * 2
22  * -1
21  * -1
20  * 2
19  * 2
25  * 1
31  * -1
32  * 0
26  * 1
20  * -1
19  * -1
13  * 0
7  * -1
1
Beneficio: 19
d 2 8 9 3 2 d 7 8 14 15 9 3 4 5 4 10 11 17 16 10 11 12 18 17 23 24 30 36 35 29 28 27 26 25 31 25 19 20 26 25 19 
Beneficio: 15
d 2 8 9 3 2 d 7 8 14 15 9 3 4 5 4 10 11 17 16 10 11 12 18 17 23 24 30 36 30 29 28 27 21 20 19 25 26 20 19 
Beneficio: 22
d 2 8 9 3 2 d 7 8 14 15 9 3 4 5 4 10 11 17 16 10 11 12 18 17 23 24 30 29 35 36 30 29 23 22 21 27 33 32 31 25 19 20 21 
Beneficio: 9
d 2 8 9 3 2 d 7 8 14 15 9 3 4 5 4 10 11 17 16 10 11 12 18 17 23 24 30 29 28 34 33 27 26 20 26 32 31 
Beneficio: 15
d 2 8 9 3 2 d 7 8 14 15 9 3 4 5 4 10 11 17 16 10 11 12 18 17 23 24 23 22 21 27 33 32 26 20 19 
Beneficio: 17
d 2 8 9 3 2 d 7 8 14 15 9 3 4 5 4 10 11 17 16 10 11 12 18 17 23 24 30 36 30 29 23 22 21 20 19 25 31 32 26 
Beneficio: 20
d 2 8 9 3 2 d 7 8 14 15 9 3 4 5 4 10 11 17 16 10 11 12 18 17 23 29 35 36 30 29 28 22 23 22 21 20 19 25 26 20 26 
Beneficio: 14
d 2 8 9 3 2 d 7 8 14 15 9 3 4 5 4 10 11 17 16 10 11 12 18 17 23 29 35 36 35 34 33 27 21 20 26 32 31 25 
Beneficio: 15
d 2 8 9 3 2 d 7 8 14 15 9 3 4 5 4 10 11 17 16 10 11 12 18 17 23 29 28 22 23 24 30 29 35 34 33 27 26 20 19 13 7 
Beneficio: 17
d 2 8 9 3 2 d 7 8 14 15 9 3 4 5 4 10 11 17 16 10 11 12 18 17 23 29 30 36 35 29 23 22 28 27 33 27 21 
Beneficio: 20
d 2 8 9 3 2 d 7 8 14 15 9 3 4 5 4 10 11 17 16 10 11 12 18 17 23 29 30 24 23 22 28 29 35 36 35 34 33 32 31 25 19 20 26 32 
Beneficio: 15
d 2 8 9 3 2 d 7 8 14 15 9 3 4 5 4 10 11 17 16 10 11 12 18 17 23 29 23 24 30 36 35 29 30 24 23 22 28 27 33 
Beneficio: 10
d 2 8 9 3 2 d 7 8 14 15 9 3 4 5 4 10 11 17 16 10 11 12 18 17 23 22 21 27 33 34 28 29 30 36 30 24 
Beneficio: 17
d 2 8 9 3 2 d 7 8 14 15 9 3 4 5 4 10 11 17 16 10 11 12 18 17 23 29 35 36 30 24 23 29 28 27 21 20 19 25 31 
Beneficio: 15
d 2 8 9 3 2 d 7 8 14 15 9 3 4 5 4 10 11 17 16 10 11 12 18 17 23 22 23 24 30 36 35 29 28 27 21 20 19 13 
Beneficio: 10
d 2 8 9 3 2 d 7 8 14 15 9 3 4 5 4 10 11 17 16 10 11 12 18 17 23 22 23 29 35 34 28 27 26 32 
Beneficio: 14
d 2 8 9 3 2 d 7 8 14 15 9 3 4 5 4 10 11 17 16 10 11 12 18 17 23 22 28 29 23 24 30 29 35 34 33 27 26 20 21 15 
Beneficio: 17
d 2 8 9 3 2 d 7 8 14 15 9 3 4 5 4 10 11 17 16 10 11 12 18 17 23 22 28 29 23 24 30 36 35 34 33 32 26 20 19 25 
Beneficio: 21
d 2 8 9 3 2 d 7 8 14 15 9 3 4 5 4 10 11 17 16 10 11 12 18 17 23 24 30 36 35 29 28 34 33 27 21 20 19 25 31 32 26 20 
Beneficio: 19
d 2 8 9 3 2 d 7 8 14 15 9 3 4 5 4 10 11 17 16 10 11 12 18 17 23 24 30 36 35 29 23 22 21 20 26 32 31 25 19 20 
Beneficio: 18
d 2 8 9 3 2 d 7 8 14 15 9 3 4 5 4 10 11 17 16 10 11 12 18 17 23 24 30 29 35 36 30 29 28 34 33 27 26 32 31 25 19 20 26 
Beneficio: 16
d 2 8 9 3 2 d 7 8 14 15 9 3 4 5 4 10 11 17 16 10 11 12 18 17 23 24 30 29 23 22 28 27 33 32 26 20 19 25 19 
Beneficio: 21
d 2 8 9 3 2 d 7 8 14 15 9 3 4 5 4 10 11 17 16 10 11 12 18 17 23 24 23 29 35 36 30 29 28 27 33 27 26 32 31 25 19 20 26 27 
Beneficio: 14
d 2 8 9 3 2 d 7 8 14 15 9 3 4 5 4 10 11 17 16 10 11 12 18 17 23 24 30 29 23 22 28 27 33 32 26 20 19 13 
Beneficio: 18
d 2 8 9 3 2 d 7 8 14 15 9 3 4 5 4 10 11 17 16 10 11 12 18 17 23 29 35 36 30 29 28 27 21 20 26 25 31 25 19 
Beneficio: 17
d 2 8 9 3 2 d 7 8 14 15 9 3 4 5 4 10 11 17 16 10 11 12 18 17 23 29 35 29 30 36 35 34 33 32 26 20 19 13 
Beneficio: 18
d 2 8 9 3 2 d 7 8 14 15 9 3 4 5 4 10 11 17 16 10 11 12 18 17 23 29 28 27 33 32 26 20 19 25 26 20 21 22 23 24 30 29 35 
Beneficio: 23
d 2 8 9 3 2 d 7 8 14 15 9 3 4 5 4 10 11 17 16 10 11 12 18 17 23 29 30 36 35 29 30 24 23 22 21 27 33 27 26 20 19 25 31 25 
Beneficio: 18
d 2 8 9 3 2 d 7 8 14 15 9 3 4 5 4 10 11 17 16 10 11 12 18 17 23 29 30 24 23 22 28 27 33 32 26 20 19 25 19 
Beneficio: 19
d 2 8 9 3 2 d 7 8 14 15 9 3 4 5 4 10 11 17 16 10 11 12 18 17 23 29 23 24 30 36 35 29 28 27 33 32 31 25 19 20 26 32 31 
Beneficio: 10
d 2 8 9 3 2 d 7 8 14 15 9 3 4 5 4 10 11 17 16 10 11 12 18 17 23 22 28 27 33 34 35 29 30 36 
Beneficio: 17
d 2 8 9 3 2 d 7 8 14 15 9 3 4 5 4 10 11 17 16 10 11 12 18 17 23 29 35 36 30 24 23 22 28 34 33 27 26 20 
Beneficio: 16
d 2 8 9 3 2 d 7 8 14 15 9 3 4 5 4 10 11 17 16 10 11 12 18 24 23 22 23 29 30 36 35 29 28 34 33 27 26 20 19 25 
Beneficio: 17
d 2 8 9 3 2 d 7 8 14 15 9 3 4 5 4 10 11 17 16 10 11 12 18 24 23 22 28 29 30 36 35 34 33 27 26 20 19 25 31 32 26 
Beneficio: 15
d 2 8 9 3 2 d 7 8 14 15 9 3 4 5 4 10 11 17 16 10 11 12 18 24 23 29 35 36 30 29 23 22 21 20 26 20 14 13 
Beneficio: 12
d 2 8 9 3 2 d 7 8 14 15 9 3 4 5 4 10 11 17 16 10 11 12 18 24 23 29 28 22 21 20 26 32 31 25 19 20 21 
Beneficio: 13
d 2 8 9 3 2 d 7 8 14 15 9 3 4 5 4 10 11 17 16 10 11 12 18 24 23 29 30 36 35 34 33 27 26 25 19 20 
Beneficio: 13
d 2 8 9 3 2 d 7 8 14 15 9 3 4 5 4 10 11 17 16 10 11 12 18 24 23 29 35 36 30 29 28 27 26 32 
Beneficio: 16
d 2 8 9 3 2 d 7 8 14 15 9 3 4 5 4 10 11 17 16 10 11 12 18 24 23 24 30 36 35 29 23 17 18 24 30 29 28 22 23 
Beneficio: 18
d 2 8 9 3 2 d 7 8 14 15 9 3 4 5 4 10 11 17 16 10 11 12 18 24 30 36 35 29 23 24 23 22 21 27 33 32 26 20 19 
Beneficio: 12
d 2 8 9 3 2 d 7 8 14 15 9 3 4 5 4 10 11 17 16 10 11 12 18 24 30 36 35 29 30 24 23 29 28 27 26 20 14 15 
Beneficio: 18
d 2 8 9 3 2 d 7 8 14 15 9 3 4 5 4 10 11 17 16 10 11 12 18 24 30 36 30 29 23 22 28 29 35 36 35 34 33 32 26 20 19 25 
Beneficio: 11
d 2 8 9 3 2 d 7 8 14 15 9 3 4 5 4 10 11 17 16 10 11 12 18 24 30 29 23 22 28 27 33 27 21 20 19 13 
Beneficio: 16
d 2 8 9 3 2 d 7 8 14 15 9 3 4 5 4 10 11 17 16 10 11 12 18 24 30 29 35 36 30 24 18 17 23 29 23 22 21 20 26 
Beneficio: 9
d 2 8 9 3 2 d 7 8 14 15 9 3 4 5 4 10 11 17 16 10 11 12 18 24 30 29 28 22 23 29 35 34 33 32 26 20 21 
Beneficio: 11
d 2 8 9 3 2 d 7 8 14 15 9 3 4 5 4 10 11 17 16 10 11 12 18 24 30 29 28 27 26 20 19 25 31 32 33 34 
Beneficio: 12
d 2 8 9 3 2 d 7 8 14 15 9 3 4 5 4 10 11 17 16 10 11 12 18 24 23 29 28 27 33 32 26 25 19 20 26 25 31 
Beneficio: 11
d 2 8 9 3 2 d 7 8 14 15 9 3 4 5 4 10 11 17 16 10 11 12 18 24 30 29 23 24 23 22 21 27 33 34 
Beneficio: 16
d 2 8 9 3 2 d 7 8 14 15 9 3 4 5 4 10 11 17 16 10 11 12 18 24 23 22 23 24 30 29 35 29 23 29 28 27 33 32 26 20 19 25 
Beneficio: 18
d 2 8 9 3 2 d 7 8 14 15 9 3 4 5 4 10 11 17 16 10 11 12 18 24 23 22 28 29 35 36 30 29 23 24 18 17 11 
Beneficio: 15
d 2 8 9 3 2 d 7 8 14 15 9 3 4 5 4 10 11 17 16 10 11 12 18 24 23 29 35 36 30 29 28 27 26 25 19 20 26 32 
Beneficio: 16
d 2 8 9 3 2 d 7 8 14 15 9 3 4 5 4 10 11 17 16 10 11 12 18 24 23 29 28 27 26 32 31 25 19 20 26 27 33 34 35 36 
Beneficio: 12
d 2 8 9 3 2 d 7 8 14 15 9 3 4 5 4 10 11 17 16 10 11 12 18 24 23 29 30 36 35 29 28 34 33 32 26 25 31 
Beneficio: 15
d 2 8 9 3 2 d 7 8 14 15 9 3 4 5 4 10 11 17 16 10 11 12 18 24 23 22 28 29 35 36 30 29 28 27 33 32 26 20 19 13 
Beneficio: 13
d 2 8 9 3 2 d 7 8 14 15 9 3 4 5 4 10 11 17 16 10 11 12 18 24 23 29 35 36 30 29 23 22 21 20 19 
Beneficio: 17
d 2 8 9 3 2 d 7 8 14 15 9 3 4 5 4 10 11 17 16 10 11 12 18 24 30 36 35 29 23 24 18 17 23 22 21 20 26 27 28 
Beneficio: 15
d 2 8 9 3 2 d 7 8 14 15 9 3 4 5 4 10 11 17 16 10 11 12 18 24 30 36 35 29 28 27 33 32 31 25 26 20 19 13 7 
Beneficio: 9
d 2 8 9 3 2 d 7 8 14 15 9 3 4 5 4 10 11 17 16 10 11 12 18 24 30 36 30 29 28 27 26 25 19 20 14 
Beneficio: 11
d 2 8 9 3 2 d 7 8 14 15 9 3 4 5 4 10 11 17 16 10 11 12 18 24 30 29 23 24 23 22 28 27 33 32 31 25 26 
Beneficio: 13
d 2 8 9 3 2 d 7 8 14 15 9 3 4 5 4 10 11 17 16 10 11 12 18 24 30 29 35 36 30 29 23 22 21 27 26 20 26 32 
Beneficio: 12
d 2 8 9 3 2 d 7 8 14 15 9 3 4 5 4 10 11 17 16 10 11 12 18 24 30 29 28 27 26 20 19 25 31 32 26 27 33 34 
Beneficio: 16
d 2 8 9 3 2 d 7 8 14 15 9 3 4 5 4 10 11 17 16 10 11 12 18 24 30 36 35 29 23 29 28 27 33 32 26 20 19 25 
Beneficio: 13
d 2 8 9 3 2 d 7 8 14 15 9 3 4 5 4 10 11 17 16 10 11 12 18 24 23 29 30 24 23 22 28 27 33 32 26 20 19 25 
Beneficio: 9
d 2 8 9 3 2 d 7 8 14 15 9 3 4 5 4 10 11 17 16 10 11 12 18 24 30 29 35 36 30 29 28 27 33 27 
Beneficio: 13
d 2 8 9 3 2 d 7 8 14 15 9 3 4 5 4 10 11 17 16 10 11 12 18 17 18 24 23 29 30 24 23 22 21 20 
Beneficio: 14
d 2 8 9 3 2 d 7 8 14 15 9 3 4 5 4 10 11 17 16 10 11 12 18 17 18 24 30 29 35 36 30 29 28 27 33 32 31 
Beneficio: 15
d 2 8 9 3 2 d 7 8 14 15 9 3 4 5 4 10 11 17 16 10 11 12 18 17 18 24 23 29 35 36 30 29 28 34 33 27 26 20 
Beneficio: 15
d 2 8 9 3 2 d 7 8 14 15 9 3 4 5 4 10 11 17 16 10 11 12 18 17 18 24 30 36 35 34 33 27 26 20 19 13 14 
Beneficio: 21
d 2 8 9 3 2 d 7 8 14 15 9 3 4 5 4 10 11 17 16 10 11 12 18 17 23 22 23 24 30 36 35 29 28 22 21 27 26 32 31 25 19 20 26 
Beneficio: 15
d 2 8 9 3 2 d 7 8 14 15 9 3 4 5 4 10 11 17 16 10 11 12 18 17 23 22 23 29 28 27 33 32 26 20 19 25 31 25 
Beneficio: 16
d 2 8 9 3 2 d 7 8 14 15 9 3 4 5 4 10 11 17 16 10 11 12 18 17 23 22 21 27 28 29 23 24 30 36 35 34 33 27 26 32 
Beneficio: 12
d 2 8 9 3 2 d 7 8 14 15 9 3 4 5 4 10 11 17 16 10 11 12 18 17 23 22 28 29 35 34 33 27 26 20 26 32 
Beneficio: 18
d 2 8 9 3 2 d 7 8 14 15 9 3 4 5 4 10 11 17 16 10 11 12 18 17 23 24 30 36 35 29 28 27 21 20 19 25 26 32 33 27 
Beneficio: 10
d 2 8 9 3 2 d 7 8 14 15 9 3 4 5 4 10 11 17 16 10 11 12 18 17 23 24 30 36 30 29 28 22 21 27 26 32 
Beneficio: 20
d 2 8 9 3 2 d 7 8 14 15 9 3 4 5 4 10 11 17 16 10 11 12 18 17 23 24 30 29 35 36 30 24 23 29 28 34 33 32 31 25 19 20 26 32 
Beneficio: 13
d 2 8 9 3 2 d 7 8 14 15 9 3 4 5 4 10 11 17 16 10 11 12 18 17 23 24 30 29 28 27 26 20 19 25 31 32 26 27 33 34 
Beneficio: 12
d 2 8 9 3 2 d 7 8 14 15 9 3 4 5 4 10 11 17 16 10 11 12 18 17 23 24 23 22 16 15 21 20 26 32 31 25 
Beneficio: 14
d 2 8 9 3 2 d 7 8 14 15 9 3 4 5 4 10 11 17 16 10 11 12 18 17 23 24 30 36 35 34 33 27 28 22 23 
Beneficio: 20
d 2 8 9 3 2 d 7 8 14 15 9 3 4 5 4 10 11 17 16 10 11 12 18 17 23 29 35 36 30 24 23 22 28 34 33 27 26 20 19 25 
Beneficio: 14
d 2 8 9 3 2 d 7 8 14 15 9 3 4 5 4 10 11 17 16 10 11 12 18 17 23 29 35 36 35 34 28 29 23 24 23 22 21 
Beneficio: 16
d 2 8 9 3 2 d 7 8 14 15 9 3 4 5 4 10 11 17 16 10 11 12 18 17 23 29 28 22 23 24 30 29 35 34 33 27 26 20 19 25 26 
Beneficio: 21
d 2 8 9 3 2 d 7 8 14 15 9 3 4 5 4 10 11 17 16 10 11 12 18 17 23 29 30 36 35 29 23 22 21 20 26 25 19 20 26 32 
Beneficio: 16
d 2 8 9 3 2 d 7 8 14 15 9 3 4 5 4 10 11 17 16 10 11 12 18 17 23 29 30 24 23 22 21 27 26 20 19 25 26 27 28 
Beneficio: 17
d 2 8 9 3 2 d 7 8 14 15 9 3 4 5 4 10 11 17 16 10 11 12 18 17 23 29 23 24 30 36 30 29 28 27 21 20 26 20 19 25 31 
Beneficio: 15
d 2 8 9 3 2 d 7 8 14 15 9 3 4 5 4 10 11 17 16 10 11 12 18 17 23 22 21 20 26 32 33 34 28 29 35 36 30 29 23 24 30 
Beneficio: 15
d 2 8 9 3 2 d 7 8 14 15 9 3 4 5 4 10 11 17 16 10 11 12 18 17 23 29 35 36 30 24 23 22 28 27 21 20 14 
Beneficio: 13
d 2 8 9 3 2 d 7 8 14 15 9 3 4 5 4 10 11 17 16 10 11 12 18 17 23 22 23 24 30 36 30 29 28 22 21 20 26 27 
Beneficio: 14
d 2 8 9 3 2 d 7 8 14 15 9 3 4 5 4 10 11 17 16 10 11 12 18 17 23 22 23 29 35 36 30 24 23 29 28 34 
Beneficio: 20
d 2 8 9 3 2 d 7 8 14 15 9 3 4 5 4 10 11 17 16 10 11 12 18 17 23 22 28 29 23 24 30 36 30 29 35 34 33 32 26 20 19 25 
Beneficio: 19
d 2 8 9 3 2 d 7 8 14 15 9 3 4 5 4 10 11 17 16 10 11 12 18 17 23 22 28 29 30 24 23 29 35 36 30 
Beneficio: 17
d 2 8 9 3 2 d 7 8 14 15 9 3 4 5 4 10 11 17 16 10 11 12 18 17 23 24 30 36 35 29 28 27 26 25 19 20 26 25 31 32 
Beneficio: 12
d 2 8 9 3 2 d 7 8 14 15 9 3 4 5 4 10 11 17 16 10 11 12 18 17 23 24 30 36 30 29 35 34 33 27 26 32 31 
Beneficio: 19
d 2 8 9 3 2 d 7 8 14 15 9 3 4 5 4 10 11 17 16 10 11 12 18 17 23 24 30 29 35 36 30 29 28 27 33 27 26 20 19 25 26 32 33 
Beneficio: 16
d 2 8 9 3 2 d 7 8 14 15 9 3 4 5 4 10 11 17 16 10 11 12 18 17 23 24 30 29 23 22 21 27 33 32 26 20 19 25 
Beneficio: 15
d 2 8 9 3 2 d 7 8 14 15 9 3 4 5 4 10 11 17 16 10 11 12 18 17 23 24 23 22 28 27 26 20 19 25 26 32 31 
Beneficio: 17
d 2 8 9 3 2 d 7 8 14 15 9 3 4 5 4 10 11 17 16 10 11 12 18 17 23 24 30 29 23 22 21 27 33 32 31 25 19 20 21 
Beneficio: 17
d 2 8 9 3 2 d 7 8 14 15 9 3 4 5 4 10 11 17 16 10 11 12 18 17 23 29 35 36 30 29 28 27 33 32 31 25 19 13 7 
Beneficio: 16
d 2 8 9 3 2 d 7 8 14 15 9 3 4 5 4 10 11 17 16 10 11 12 18 17 23 29 35 29 30 36 35 34 28 29 30 24 23 22 28 29 
Beneficio: 19
d 2 8 9 3 2 d 7 8 14 15 9 3 4 5 4 10 11 17 16 10 11 12 18 17 23 29 28 27 33 27 26 20 21 22 23 24 30 36 35 29 30 
Beneficio: 19
d 2 8 9 3 2 d 7 8 14 15 9 3 4 5 4 10 11 17 16 10 11 12 18 17 23 29 30 36 35 29 30 24 23 22 16 15 21 27 26 20 19 
Beneficio: 14
d 2 8 9 3 2 d 7 8 14 15 9 3 4 5 4 10 11 17 16 10 11 12 18 17 23 29 30 24 23 22 28 29 35 34 33 27 26 25 
Beneficio: 15
d 2 8 9 3 2 d 7 8 14 15 9 3 4 5 4 10 11 17 16 10 11 12 18 17 23 29 23 24 30 29 28 34 33 27 26 25 19 20 26 27 
Beneficio: 15
d 2 8 9 3 2 d 7 8 14 15 9 3 4 5 4 10 11 17 16 10 11 12 18 17 23 22 28 29 35 36 30 29 35 34 33 32 26 20 19 
Beneficio: 18
d 2 8 9 3 2 d 7 8 14 15 9 3 4 5 4 10 11 17 16 10 11 12 18 17 23 29 35 36 30 29 23 24 23 22 21 20 26 20 19 
Beneficio: 20
d 2 8 9 3 2 d 7 8 14 15 9 3 4 5 4 10 11 17 16 10 11 12 18 24 23 22 23 29 30 36 35 29 28 27 26 25 19 20 26 27 33 34 
Beneficio: 18
d 2 8 9 3 2 d 7 8 14 15 9 3 4 5 4 10 11 17 16 10 11 12 18 24 23 22 28 29 30 36 35 34 33 27 21 20 19 25 31 32 
Beneficio: 16
d 2 8 9 3 2 d 7 8 14 15 9 3 4 5 4 10 11 17 16 10 11 12 18 24 23 29 35 36 30 29 28 34 33 27 26 32 31 25 19 13 
Beneficio: 17
d 2 8 9 3 2 d 7 8 14 15 9 3 4 5 4 10 11 17 16 10 11 12 18 24 23 29 28 22 23 29 35 34 33 27 26 20 19 25 31 32 26 
Beneficio: 13
d 2 8 9 3 2 d 7 8 14 15 9 3 4 5 4 10 11 17 16 10 11 12 18 24 23 29 30 36 35 34 28 29 23 17 18 12 11 
Beneficio: 14
d 2 8 9 3 2 d 7 8 14 15 9 3 4 5 4 10 11 17 16 10 11 12 18 24 23 29 35 36 30 29 28 22 23 22 21 20 26 25 
Beneficio: 12
d 2 8 9 3 2 d 7 8 14 15 9 3 4 5 4 10 11 17 16 10 11 12 18 24 23 24 30 36 35 29 28 34 33 32 26 20 19 13 
Beneficio: 16
d 2 8 9 3 2 d 7 8 14 15 9 3 4 5 4 10 11 17 16 10 11 12 18 24 30 36 35 29 23 24 23 22 16 15 21 27 33 32 26 20 
Beneficio: 18
d 2 8 9 3 2 d 7 8 14 15 9 3 4 5 4 10 11 17 16 10 11 12 18 24 30 36 35 29 30 24 23 29 28 27 26 20 19 25 26 32 33 27 
Beneficio: 11
d 2 8 9 3 2 d 7 8 14 15 9 3 4 5 4 10 11 17 16 10 11 12 18 24 30 36 30 29 23 22 21 20 26 32 33 34 35 
Beneficio: 15
d 2 8 9 3 2 d 7 8 14 15 9 3 4 5 4 10 11 17 16 10 11 12 18 24 30 29 23 22 28 29 35 34 33 27 26 25 19 20 26 25 
Beneficio: 11
d 2 8 9 3 2 d 7 8 14 15 9 3 4 5 4 10 11 17 16 10 11 12 18 24 30 29 35 36 30 24 23 29 28 27 26 20 14 
Beneficio: 11
d 2 8 9 3 2 d 7 8 14 15 9 3 4 5 4 10 11 17 16 10 11 12 18 24 30 29 28 22 23 29 28 27 33 32 26 25 19 13 7 
Beneficio: 19
d 2 8 9 3 2 d 7 8 14 15 9 3 4 5 4 10 11 17 16 10 11 12 18 24 30 29 28 22 23 29 30 36 35 29 28 27 33 32 26 20 19 25 
Beneficio: 10
d 2 8 9 3 2 d 7 8 14 15 9 3 4 5 4 10 11 17 16 10 11 12 18 24 23 29 28 27 33 32 31 25 19 20 21 
Beneficio: 12
d 2 8 9 3 2 d 7 8 14 15 9 3 4 5 4 10 11 17 16 10 11 12 18 24 30 29 23 22 28 34 33 27 26 32 31 25 19 
Beneficio: 14
d 2 8 9 3 2 d 7 8 14 15 9 3 4 5 4 10 11 17 16 10 11 12 18 24 23 22 23 24 30 36 35 29 28 27 33 32 26 25 31 
Beneficio: 19
d 2 8 9 3 2 d 7 8 14 15 9 3 4 5 4 10 11 17 16 10 11 12 18 24 23 22 28 29 23 29 30 36 35 34 33 32 26 20 19 25 31 
Beneficio: 12
d 2 8 9 3 2 d 7 8 14 15 9 3 4 5 4 10 11 17 16 10 11 12 18 24 23 29 35 36 30 29 28 22 16 17 18 24 
Beneficio: 13
d 2 8 9 3 2 d 7 8 14 15 9 3 4 5 4 10 11 17 16 10 11 12 18 24 23 29 28 27 26 20 19 25 31 32 33 34 35 
Beneficio: 17
d 2 8 9 3 2 d 7 8 14 15 9 3 4 5 4 10 11 17 16 10 11 12 18 24 23 29 30 36 35 29 28 27 33 32 26 20 19 25 26 32 
Beneficio: 9
d 2 8 9 3 2 d 7 8 14 15 9 3 4 5 4 10 11 17 16 10 11 12 18 24 23 22 21 20 19 25 31 32 26 
Beneficio: 13
d 2 8 9 3 2 d 7 8 14 15 9 3 4 5 4 10 11 17 16 10 11 12 18 24 23 29 35 36 30 29 28 27 33 32 26 20 21 15 
Beneficio: 14
d 2 8 9 3 2 d 7 8 14 15 9 3 4 5 4 10 11 17 16 10 11 12 18 24 30 36 35 29 23 24 18 17 23 22 21 20 26 
Beneficio: 17
d 2 8 9 3 2 d 7 8 14 15 9 3 4 5 4 10 11 17 16 10 11 12 18 24 30 36 35 29 28 22 23 29 28 27 33 32 26 20 19 13 
Beneficio: 15
d 2 8 9 3 2 d 7 8 14 15 9 3 4 5 4 10 11 17 16 10 11 12 18 24 30 36 30 29 28 22 23 29 28 27 33 32 26 20 19 25 31 
Beneficio: 15
d 2 8 9 3 2 d 7 8 14 15 9 3 4 5 4 10 11 17 16 10 11 12 18 24 30 29 23 24 23 22 21 20 19 25 31 32 26 27 28 29 35 
Beneficio: 14
d 2 8 9 3 2 d 7 8 14 15 9 3 4 5 4 10 11 17 16 10 11 12 18 24 30 29 35 36 30 29 28 27 26 20 19 13 7 d 
Beneficio: 12
d 2 8 9 3 2 d 7 8 14 15 9 3 4 5 4 10 11 17 16 10 11 12 18 24 30 29 28 27 33 34 35 36 30 29 23 24 18 17 
Beneficio: 14
d 2 8 9 3 2 d 7 8 14 15 9 3 4 5 4 10 11 17 16 10 11 12 18 24 30 36 35 29 23 24 18 17 16 22 23 22 21 
Beneficio: 10
d 2 8 9 3 2 d 7 8 14 15 9 3 4 5 4 10 11 17 16 10 11 12 18 24 23 29 30 36 35 29 28 27 33 32 26 25 31 
Beneficio: 7
d 2 8 9 3 2 d 7 8 14 15 9 3 4 5 4 10 11 17 16 10 11 12 18 24 30 29 35 29 23 29 28 27 26 32 33 
Beneficio: 20
d 2 8 9 3 2 d 7 8 14 15 9 3 4 5 4 10 11 17 16 10 11 12 18 17 23 22 23 24 30 36 35 29 28 27 33 32 26 25 19 20 14 
Beneficio: 9
d 2 8 9 3 2 d 7 8 14 15 9 3 4 5 4 10 11 17 16 10 11 12 18 17 23 24 30 29 35 34 28 27 21 20 
Beneficio: 14
d 2 8 9 3 2 d 7 8 14 15 9 3 4 5 4 10 11 17 16 10 11 12 18 17 23 29 30 36 35 29 28 22 21 20 26 32 33 34 
Beneficio: 18
d 2 8 9 3 2 d 7 8 14 15 9 3 4 5 4 10 11 17 16 10 11 12 18 17 23 22 21 20 19 25 26 32 33 27 28 29 30 36 35 
Beneficio: 10
d 2 8 9 3 2 d 7 8 14 15 9 3 4 5 4 10 11 17 16 10 11 12 18 17 23 24 30 29 28 22 23 22 21 15 
Beneficio: 14
d 2 8 9 3 2 d 7 8 14 15 9 3 4 5 4 10 11 17 16 10 11 12 18 17 23 29 30 36 35 29 28 22 21 20 19 
Beneficio: 17
d 2 8 9 3 2 d 7 8 14 15 9 3 4 5 4 10 11 17 16 10 11 12 18 24 23 29 35 36 30 29 28 34 33 27 26 20 19 13 
Beneficio: 15
d 2 8 9 3 2 d 7 8 14 15 9 3 4 5 4 10 11 17 16 10 11 12 18 24 30 36 35 29 30 24 23 22 21 27 33 32 26 20 14 
Beneficio: 12
d 2 8 9 3 2 d 7 8 14 15 9 3 4 5 4 10 11 17 16 10 11 12 18 24 23 29 30 36 35 29 28 27 33 32 
Beneficio: 13
d 2 8 9 3 2 d 7 8 14 15 9 3 4 5 4 10 11 17 16 10 11 12 18 24 23 29 23 22 28 29 30 36 30 24 18 17 11 
Beneficio: 18
d 2 8 9 3 2 d 7 8 14 15 9 3 4 5 4 10 11 17 16 10 11 12 18 24 30 29 35 36 30 24 23 29 28 27 33 32 31 25 19 20 26 32 
Beneficio: 13
d 2 8 9 3 2 d 7 8 14 15 9 3 4 5 4 10 11 17 16 10 11 12 18 17 18 24 30 29 35 36 30 29 23 29 28 27 33 
Beneficio: 17
d 2 8 9 3 2 d 7 8 14 15 9 3 4 5 4 10 11 17 16 10 11 12 18 17 23 24 30 36 35 29 28 27 26 20 26 32 31 25 19 
Beneficio: 15
d 2 8 9 3 2 d 7 8 14 15 9 3 4 5 4 10 11 17 16 10 11 12 18 17 23 29 35 36 30 29 28 27 26 20 26 32 31 25 31 
Beneficio: 16
d 2 8 9 3 2 d 7 8 14 15 9 3 4 5 4 10 11 17 16 10 11 12 18 17 23 24 30 36 35 29 23 22 21 20 26 
Beneficio: 14
d 2 8 9 3 2 d 7 8 14 15 9 3 4 5 4 10 11 17 16 10 11 12 18 17 23 24 30 36 30 29 23 22 28 29 35 34 33 27 
Beneficio: 14
d 2 8 9 3 2 d 7 8 14 15 9 3 4 5 4 10 11 17 16 10 11 12 18 17 23 29 35 29 30 24 23 22 28 27 26 20 
Beneficio: 13
d 2 8 9 3 2 d 7 8 14 15 9 3 4 5 4 10 11 17 16 10 11 12 18 17 23 29 30 36 35 29 28 34 33 27 21 
Beneficio: 12
d 2 8 9 3 2 d 7 8 14 15 9 3 4 5 4 10 11 17 16 10 11 12 18 24 23 24 30 36 35 29 28 34 33 32 26 20 19 
Beneficio: 11
d 2 8 9 3 2 d 7 8 14 15 9 3 4 5 4 10 11 17 16 10 11 12 18 24 30 29 35 34 33 27 21 20 19 25 31 
Beneficio: 13
d 2 8 9 3 2 d 7 8 14 15 9 3 4 5 4 10 11 17 16 10 11 12 18 24 23 29 35 36 30 24 18 17 16 22 
Beneficio: 15
d 2 8 9 3 2 d 7 8 14 15 9 3 4 5 4 10 11 17 16 10 11 12 18 24 30 36 35 29 28 27 26 25 19 20 
Beneficio: 16
d 2 8 9 3 2 d 7 8 14 15 9 3 4 5 4 10 11 17 16 10 11 12 18 24 30 36 35 29 30 24 23 22 21 20 26 25 19 
Beneficio: 16
d 2 8 9 3 2 d 7 8 14 15 9 3 4 5 4 10 11 17 16 10 11 17 18 17 23 24 30 29 23 22 28 29 30 36 35 29 35 34 33 
Beneficio: 17
d 2 8 9 3 2 d 7 8 14 15 9 3 4 5 4 10 11 17 16 10 11 17 18 17 23 29 28 22 23 24 30 36 35 29 28 27 33 27 26 
Beneficio: 11
d 2 8 9 3 2 d 7 8 14 15 9 3 4 5 4 10 11 17 16 10 11 17 18 17 23 22 23 24 30 29 23 29 28 34 33 32 26 
Beneficio: 12
d 2 8 9 3 2 d 7 8 14 15 9 3 4 5 4 10 11 17 16 10 11 17 18 17 23 24 30 29 35 34 33 32 31 25 19 13 7 
Beneficio: 14
d 2 8 9 3 2 d 7 8 14 15 9 3 4 5 4 10 11 17 16 10 11 17 18 17 23 29 30 36 35 29 28 22 21 27 33 32 26 
Beneficio: 16
d 2 8 9 3 2 d 7 8 14 15 9 3 4 5 4 10 11 17 16 10 11 17 18 24 23 22 23 29 28 27 33 32 31 25 19 20 26 32 33 
Beneficio: 16
d 2 8 9 3 2 d 7 8 14 15 9 3 4 5 4 10 11 17 16 10 11 17 18 24 23 22 28 29 30 36 35 29 23 22 21 27 28 34 
Beneficio: 15
d 2 8 9 3 2 d 7 8 14 15 9 3 4 5 4 10 11 17 16 10 11 17 18 24 23 29 35 36 30 29 28 22 21 27 26 20 26 
Beneficio: 15
d 2 8 9 3 2 d 7 8 14 15 9 3 4 5 4 10 11 17 16 10 11 17 18 24 23 29 28 27 26 25 19 20 26 32 33 27 33 
Beneficio: 15
d 2 8 9 3 2 d 7 8 14 15 9 3 4 5 4 10 11 17 16 10 11 17 18 24 23 29 30 36 35 29 28 22 23 22 21 27 
Beneficio: 13
d 2 8 9 3 2 d 7 8 14 15 9 3 4 5 4 10 11 17 16 10 11 17 18 24 23 22 28 29 30 36 35 34 33 27 21 
Beneficio: 15
d 2 8 9 3 2 d 7 8 14 15 9 3 4 5 4 10 11 17 16 10 11 17 18 24 23 29 35 29 28 27 26 25 31 25 19 20 26 
Beneficio: 18
d 2 8 9 3 2 d 7 8 14 15 9 3 4 5 4 10 11 17 16 10 11 17 18 24 30 36 35 29 23 29 28 27 21 20 19 25 26 27 33 
Beneficio: 17
d 2 8 9 3 2 d 7 8 14 15 9 3 4 5 4 10 11 17 16 10 11 17 18 24 30 36 35 29 28 22 21 27 33 32 26 20 19 25 31 
Beneficio: 16
d 2 8 9 3 2 d 7 8 14 15 9 3 4 5 4 10 11 17 16 10 11 17 18 24 30 36 35 29 28 27 21 20 26 32 31 25 19 20 19 
Beneficio: 13
d 2 8 9 3 2 d 7 8 14 15 9 3 4 5 4 10 11 17 16 10 11 17 18 24 30 29 23 22 28 27 26 32 31 25 19 20 26 
Beneficio: 11
d 2 8 9 3 2 d 7 8 14 15 9 3 4 5 4 10 11 17 16 10 11 17 18 24 30 29 35 36 30 29 23 29 28 27 26 32 
Beneficio: 16
d 2 8 9 3 2 d 7 8 14 15 9 3 4 5 4 10 11 17 16 10 11 17 18 24 30 29 23 22 23 24 30 36 35 29 28 27 26 
Beneficio: 10
d 2 8 9 3 2 d 7 8 14 15 9 3 4 5 4 10 11 17 16 10 11 17 18 24 23 22 28 27 26 25 31 32 
Beneficio: 19
d 2 8 9 3 2 d 7 8 14 15 9 3 4 5 4 10 11 17 16 10 11 17 18 24 30 36 35 29 28 34 33 27 26 20 19 25 31 32 26 
Beneficio: 15
d 2 8 9 3 2 d 7 8 14 15 9 3 4 5 4 10 11 17 16 10 11 17 18 24 23 22 23 29 28 34 33 27 26 25 19 20 26 32 
Beneficio: 15
d 2 8 9 3 2 d 7 8 14 15 9 3 4 5 4 10 11 17 16 10 11 17 18 24 23 22 28 29 30 36 35 34 33 32 31 25 26 
Beneficio: 20
d 2 8 9 3 2 d 7 8 14 15 9 3 4 5 4 10 11 17 16 10 11 17 18 24 23 29 35 36 30 29 28 27 26 20 19 25 31 32 26 27 21 
Beneficio: 12
d 2 8 9 3 2 d 7 8 14 15 9 3 4 5 4 10 11 17 16 10 11 17 18 24 23 29 28 27 33 32 26 20 19 13 14 
Beneficio: 18
d 2 8 9 3 2 d 7 8 14 15 9 3 4 5 4 10 11 17 16 10 11 17 18 24 23 29 30 36 35 29 28 34 33 27 26 25 19 20 26 32 31 
Beneficio: 13
d 2 8 9 3 2 d 7 8 14 15 9 3 4 5 4 10 11 17 16 10 11 17 18 24 23 22 28 27 33 34 35 36 30 29 35 
Beneficio: 12
d 2 8 9 3 2 d 7 8 14 15 9 3 4 5 4 10 11 17 16 10 11 17 18 24 23 29 35 34 33 27 26 20 26 32 31 25 
Beneficio: 14
d 2 8 9 3 2 d 7 8 14 15 9 3 4 5 4 10 11 17 16 10 11 17 18 24 30 36 35 29 23 17 16 22 21 27 33 32 26 
Beneficio: 13
d 2 8 9 3 2 d 7 8 14 15 9 3 4 5 4 10 11 17 16 10 11 17 18 24 30 36 35 29 28 27 26 20 26 25 31 32 
Beneficio: 19
d 2 8 9 3 2 d 7 8 14 15 9 3 4 5 4 10 11 17 16 10 11 17 18 24 30 36 35 29 30 24 23 22 23 29 28 27 33 32 26 20 19 25 
Beneficio: 15
d 2 8 9 3 2 d 7 8 14 15 9 3 4 5 4 10 11 17 16 10 11 17 18 24 30 29 23 29 35 29 28 27 33 32 26 25 31 25 19 20 
Beneficio: 9
d 2 8 9 3 2 d 7 8 14 15 9 3 4 5 4 10 11 17 16 10 11 17 18 24 30 29 35 34 33 27 21 20 19 25 
Beneficio: 18
d 2 8 9 3 2 d 7 8 14 15 9 3 4 5 4 10 11 17 16 10 11 17 18 24 30 29 23 22 28 29 23 24 30 36 35 29 
Beneficio: 15
d 2 8 9 3 2 d 7 8 14 15 9 3 4 5 4 10 11 17 16 10 11 17 18 24 23 22 28 27 33 34 35 36 30 29 23 
Beneficio: 14
d 2 8 9 3 2 d 7 8 14 15 9 3 4 5 4 10 11 17 16 10 11 17 18 24 30 36 35 29 28 27 26 20 19 13 7 
Beneficio: 17
d 2 8 9 3 2 d 7 8 14 15 9 3 4 5 4 10 11 17 16 10 11 17 18 24 23 29 35 36 30 29 28 22 21 20 26 25 19 20 26 
Beneficio: 14
d 2 8 9 3 2 d 7 8 14 15 9 3 4 5 4 10 11 17 16 10 11 17 18 24 30 36 35 29 30 24 23 29 28 34 33 27 26 20 14 
Beneficio: 12
d 2 8 9 3 2 d 7 8 14 15 9 3 4 5 4 10 11 17 16 10 11 17 18 24 30 29 23 22 21 20 19 20 26 
Beneficio: 11
d 2 8 9 3 2 d 7 8 14 15 9 3 4 5 4 10 11 17 16 10 11 17 18 24 23 24 30 29 23 22 28 34 35 36 35 
Beneficio: 7
d 2 8 9 3 2 d 7 8 14 15 9 3 4 5 4 10 11 17 16 10 11 17 18 24 30 29 23 22 21 27 26 32 33 
Beneficio: 11
d 2 8 9 3 2 d 7 8 14 15 9 3 4 5 4 10 11 17 16 10 11 17 23 22 23 24 18 17 23 29 28 22 21 20 
Beneficio: 15
d 2 8 9 3 2 d 7 8 14 15 9 3 4 5 4 10 11 17 16 10 11 17 23 22 21 20 26 32 33 34 35 36 30 24 23 29 28 
Beneficio: 9
d 2 8 9 3 2 d 7 8 14 15 9 3 4 5 4 10 11 17 16 10 11 17 23 22 28 29 35 34 33 32 26 20 21 15 
Beneficio: 14
d 2 8 9 3 2 d 7 8 14 15 9 3 4 5 4 10 11 17 16 10 11 17 23 22 28 29 23 29 35 36 30 
Beneficio: 17
d 2 8 9 3 2 d 7 8 14 15 9 3 4 5 4 10 11 17 16 10 11 17 23 24 30 36 35 29 28 34 33 27 26 32 31 25 19 20 19 13 
Beneficio: 15
d 2 8 9 3 2 d 7 8 14 15 9 3 4 5 4 10 11 17 16 10 11 17 23 24 30 36 30 29 28 27 33 32 31 25 19 20 26 32 33 
Beneficio: 19
d 2 8 9 3 2 d 7 8 14 15 9 3 4 5 4 10 11 17 16 10 11 17 23 24 30 29 35 36 30 29 23 22 21 27 33 32 31 25 19 20 26 32 
Beneficio: 13
d 2 8 9 3 2 d 7 8 14 15 9 3 4 5 4 10 11 17 16 10 11 17 23 24 30 29 28 34 33 27 26 25 31 25 19 20 26 27 
Beneficio: 17
d 2 8 9 3 2 d 7 8 14 15 9 3 4 5 4 10 11 17 16 10 11 17 23 24 23 22 21 27 33 34 28 29 30 36 35 29 23 17 18 
Beneficio: 15
d 2 8 9 3 2 d 7 8 14 15 9 3 4 5 4 10 11 17 16 10 11 17 23 24 30 36 35 29 23 22 21 20 26 32 33 27 
Beneficio: 19
d 2 8 9 3 2 d 7 8 14 15 9 3 4 5 4 10 11 17 16 10 11 17 23 24 18 17 23 29 30 36 35 29 28 34 33 32 26 20 19 25 31 
Beneficio: 15
d 2 8 9 3 2 d 7 8 14 15 9 3 4 5 4 10 11 17 16 10 11 17 23 29 35 36 30 29 28 27 33 32 31 25 19 13 7 
Beneficio: 15
d 2 8 9 3 2 d 7 8 14 15 9 3 4 5 4 10 11 17 16 10 11 17 23 29 35 29 30 36 30 24 23 22 21 27 26 20 19 13 
Beneficio: 10
d 2 8 9 3 2 d 7 8 14 15 9 3 4 5 4 10 11 17 16 10 11 17 23 29 28 22 21 27 33 32 31 25 19 25 
Beneficio: 16
d 2 8 9 3 2 d 7 8 14 15 9 3 4 5 4 10 11 17 16 10 11 17 23 29 30 36 35 29 23 22 21 27 26 25 19 20 26 
Beneficio: 13
d 2 8 9 3 2 d 7 8 14 15 9 3 4 5 4 10 11 17 16 10 11 17 23 29 30 24 23 22 21 20 26 25 31 25 19 20 19 
Beneficio: 19
d 2 8 9 3 2 d 7 8 14 15 9 3 4 5 4 10 11 17 16 10 11 17 23 29 23 24 30 36 35 29 28 22 21 20 26 32 31 25 19 20 
Beneficio: 13
d 2 8 9 3 2 d 7 8 14 15 9 3 4 5 4 10 11 17 16 10 11 17 23 29 35 36 30 29 28 27 33 32 26 20 19 25 31 25 
Beneficio: 6
d 2 8 9 3 2 d 7 8 14 15 9 3 4 5 4 10 11 17 16 10 11 17 23 24 30 29 28 34 33 27 33 32 31 
Beneficio: 6
d 2 8 9 3 2 d 7 8 14 15 9 3 4 5 4 10 11 17 16 10 11 17 23 29 30 24 23 29 28 27 26 32 33 34 
Beneficio: 13
d 2 8 9 3 2 d 7 8 14 15 9 3 4 5 4 10 11 17 16 10 11 17 23 22 23 29 28 34 33 32 31 25 19 20 26 32 
Beneficio: 13
d 2 8 9 3 2 d 7 8 14 15 9 3 4 5 4 10 11 17 16 10 11 17 23 22 21 20 19 25 26 32 33 27 28 29 23 24 30 29 35 
Beneficio: 12
d 2 8 9 3 2 d 7 8 14 15 9 3 4 5 4 10 11 17 16 10 11 17 23 22 28 27 33 34 35 36 30 
Beneficio: 16
d 2 8 9 3 2 d 7 8 14 15 9 3 4 5 4 10 11 17 16 10 11 17 23 24 30 36 35 29 23 22 21 20 26 20 14 15 
Beneficio: 20
d 2 8 9 3 2 d 7 8 14 15 9 3 4 5 4 10 11 17 16 10 11 17 23 24 30 36 35 29 23 22 21 27 33 32 31 25 19 20 26 32 33 
Beneficio: 10
d 2 8 9 3 2 d 7 8 14 15 9 3 4 5 4 10 11 17 16 10 11 17 23 24 30 36 35 34 33 32 31 25 26 20 
Beneficio: 16
d 2 8 9 3 2 d 7 8 14 15 9 3 4 5 4 10 11 17 16 10 11 17 23 24 30 29 35 29 23 22 28 34 33 32 26 20 19 25 31 32 
Beneficio: 12
d 2 8 9 3 2 d 7 8 14 15 9 3 4 5 4 10 11 17 16 10 11 17 23 24 30 29 35 34 33 32 31 25 19 20 26 32 31 
Beneficio: 13
d 2 8 9 3 2 d 7 8 14 15 9 3 4 5 4 10 11 17 16 10 11 17 23 24 23 29 35 29 28 27 33 32 26 25 19 20 14 
Beneficio: 17
d 2 8 9 3 2 d 7 8 14 15 9 3 4 5 4 10 11 17 16 10 11 17 23 24 30 29 35 36 30 29 28 22 21 20 26 20 19 25 31 
Beneficio: 18
d 2 8 9 3 2 d 7 8 14 15 9 3 4 5 4 10 11 17 16 10 11 17 23 29 35 36 30 24 23 22 21 27 33 27 26 20 19 
Beneficio: 13
d 2 8 9 3 2 d 7 8 14 15 9 3 4 5 4 10 11 17 16 10 11 17 23 29 35 36 30 29 35 34 33 27 33 32 26 
Beneficio: 16
d 2 8 9 3 2 d 7 8 14 15 9 3 4 5 4 10 11 17 16 10 11 17 23 29 35 36 30 24 18 17 23 29 28 27 26 20 19 25 
Beneficio: 10
d 2 8 9 3 2 d 7 8 14 15 9 3 4 5 4 10 11 17 16 10 11 17 23 29 28 27 26 32 31 25 19 20 14 13 7 
Beneficio: 14
d 2 8 9 3 2 d 7 8 14 15 9 3 4 5 4 10 11 17 16 10 11 17 23 29 30 36 35 29 23 22 21 20 19 25 26 32 
Beneficio: 10
d 2 8 9 3 2 d 7 8 14 15 9 3 4 5 4 10 11 17 16 10 11 17 23 29 30 24 23 29 35 36 35 34 33 32 31 
Beneficio: 14
d 2 8 9 3 2 d 7 8 14 15 9 3 4 5 4 10 11 17 16 10 11 17 23 29 23 24 23 22 28 29 30 36 30 24 18 17 
Beneficio: 10
d 2 8 9 3 2 d 7 8 14 15 9 3 4 5 4 10 11 17 16 10 11 17 23 22 28 29 35 36 30 24 23 29 28 27 
Beneficio: 10
d 2 8 9 3 2 d 7 8 14 15 9 3 4 5 4 10 11 17 16 10 11 17 23 29 35 36 30 29 28 22 21 27 26 32 33 
Beneficio: 22
d 2 8 9 3 2 d 7 8 14 15 9 3 4 5 4 10 11 17 16 10 11 5 6 12 18 17 23 24 30 36 35 29 23 22 28 27 33 27 26 20 19 25 
Beneficio: 14
d 2 8 9 3 2 d 7 8 14 15 9 3 4 5 4 10 11 17 16 10 11 5 6 12 18 24 30 29 23 22 28 27 26 20 19 25 
Beneficio: 17
d 2 8 9 3 2 d 7 8 14 15 9 3 4 5 4 10 11 17 16 10 11 5 6 12 18 17 23 22 23 24 30 36 35 34 33 32 26 20 19 
Beneficio: 13
d 2 8 9 3 2 d 7 8 14 15 9 3 4 5 4 10 11 17 16 10 11 5 6 12 18 24 30 36 35 29 23 22 28 27 33 34 
Beneficio: 14
d 2 8 9 3 2 d 7 8 14 15 9 3 4 5 4 10 11 17 16 10 11 5 6 12 18 17 23 24 30 29 23 22 28 27 33 32 26 20 19 
Beneficio: 14
d 2 8 9 3 2 d 7 8 14 15 9 3 4 5 4 10 11 17 16 10 11 5 6 12 18 24 23 29 30 36 35 29 28 27 26 20 19 
Beneficio: 18
d 2 8 9 3 2 d 7 8 14 15 9 3 4 5 4 10 11 17 16 10 11 5 6 12 18 24 23 29 35 36 30 29 28 34 33 27 26 25 19 20 26 
Beneficio: 11
d 2 8 9 3 2 d 7 8 14 15 9 3 4 5 4 10 11 17 16 10 11 5 6 12 18 17 23 22 23 24 30 29 35 34 33 
Beneficio: 16
d 2 8 9 3 2 d 7 8 14 15 9 3 4 5 4 10 11 17 16 10 11 5 6 12 18 24 30 36 35 29 23 24 18 17 16 22 23 29 30 
Beneficio: 9
d 2 8 9 3 2 d 7 8 14 15 9 3 4 5 4 10 11 17 16 10 11 5 6 12 18 17 23 29 30 24 23 22 21 20 26 
Beneficio: 17
d 2 8 9 3 2 d 7 8 14 15 9 3 4 5 4 10 11 17 16 10 11 5 6 12 18 24 23 24 30 36 35 29 23 22 21 20 19 25 
Beneficio: 14
d 2 8 9 3 2 d 7 8 14 15 9 3 4 5 4 10 11 17 16 10 11 5 6 12 18 17 23 22 28 29 35 29 23 24 30 36 35 
Beneficio: 17
d 2 8 9 3 2 d 7 8 14 15 9 3 4 5 4 10 11 17 16 10 11 5 6 12 18 24 30 29 35 36 30 29 23 22 21 20 19 25 19 
Beneficio: 15
d 2 8 9 3 2 d 7 8 14 15 9 3 4 5 4 10 11 17 16 10 11 5 6 12 18 17 23 29 35 36 30 29 28 27 26 20 19 13 7 
Beneficio: 14
d 2 8 9 3 2 d 7 8 14 15 9 3 4 5 4 10 11 17 16 10 11 12 18 17 18 24 23 22 28 29 35 36 30 36 
Beneficio: 15
d 2 8 9 3 2 d 7 8 14 15 9 3 4 5 4 10 11 17 16 10 11 12 18 17 23 22 28 29 30 24 23 29 30 36 35 29 35 
Beneficio: 14
d 2 8 9 3 2 d 7 8 14 15 9 3 4 5 4 10 11 17 16 10 11 12 18 17 23 24 23 29 23 22 21 27 26 20 19 
Beneficio: 17
d 2 8 9 3 2 d 7 8 14 15 9 3 4 5 4 10 11 17 16 10 11 12 18 17 23 29 30 36 35 29 28 27 26 20 19 25 31 32 26 27 
Beneficio: 20
d 2 8 9 3 2 d 7 8 14 15 9 3 4 5 4 10 11 17 16 10 11 12 18 17 23 24 30 36 35 29 23 22 21 27 26 25 19 20 14 
Beneficio: 21
d 2 8 9 3 2 d 7 8 14 15 9 3 4 5 4 10 11 17 16 10 11 12 18 17 23 29 35 36 30 24 23 22 28 27 26 25 19 20 26 25 
Beneficio: 15
d 2 8 9 3 2 d 7 8 14 15 9 3 4 5 4 10 11 17 16 10 11 12 18 17 23 29 35 36 30 24 23 29 28 27 33 32 26 20 26 
Beneficio: 17
d 2 8 9 3 2 d 7 8 14 15 9 3 4 5 4 10 11 17 16 10 11 12 18 24 23 29 30 36 35 29 28 22 23 
Beneficio: 14
d 2 8 9 3 2 d 7 8 14 15 9 3 4 5 4 10 11 17 16 10 11 12 18 24 30 29 23 22 21 27 26 32 31 25 19 20 26 
Beneficio: 10
d 2 8 9 3 2 d 7 8 14 15 9 3 4 5 4 10 11 17 16 10 11 12 18 24 23 22 21 20 26 27 33 27 28 29 
Beneficio: 14
d 2 8 9 3 2 d 7 8 14 15 9 3 4 5 4 10 11 17 16 10 11 12 18 24 30 36 35 29 23 22 16 15 21 27 33 32 26 
Beneficio: 13
d 2 8 9 3 2 d 7 8 14 15 9 3 4 5 4 10 11 17 16 10 11 12 18 24 30 29 35 36 30 24 23 29 28 27 33 27 26 32 
Beneficio: 13
d 2 8 9 3 2 d 7 8 14 15 9 3 4 5 4 10 11 17 16 10 11 12 18 17 18 24 30 29 35 29 23 22 28 29 23 24 
Beneficio: 12
d 2 8 9 3 2 d 7 8 14 15 9 3 4 5 4 10 11 17 16 10 11 12 18 17 23 24 30 29 23 29 35 34 33 27 33 
Beneficio: 16
d 2 8 9 3 2 d 7 8 14 15 9 3 4 5 4 10 11 17 16 10 11 12 18 17 23 29 28 27 33 27 21 22 23 24 30 36 35 29 
Beneficio: 21
d 2 8 9 3 2 d 7 8 14 15 9 3 4 5 4 10 11 17 16 10 11 12 18 17 23 22 23 29 35 36 30 29 28 27 33 32 26 20 19 25 19 13 
Beneficio: 15
d 2 8 9 3 2 d 7 8 14 15 9 3 4 5 4 10 11 17 16 10 11 12 18 17 23 24 30 29 28 27 33 32 31 25 19 20 26 25 19 
Beneficio: 20
d 2 8 9 3 2 d 7 8 14 15 9 3 4 5 4 10 11 17 16 10 11 12 18 17 23 29 30 36 35 29 23 24 23 22 21 20 19 25 19 
Beneficio: 14
d 2 8 9 3 2 d 7 8 14 15 9 3 4 5 4 10 11 17 16 10 11 12 18 24 23 22 28 29 35 36 30 24 18 17 11 
Beneficio: 17
d 2 8 9 3 2 d 7 8 14 15 9 3 4 5 4 10 11 17 16 10 11 12 18 24 30 36 35 29 23 29 28 27 33 32 31 25 19 20 26 32 
Beneficio: 12
d 2 8 9 3 2 d 7 8 14 15 9 3 4 5 4 10 11 17 16 10 11 12 18 24 23 22 21 20 19 20 26 25 19 
Beneficio: 14
d 2 8 9 3 2 d 7 8 14 15 9 3 4 5 4 10 11 17 16 10 11 12 18 24 23 29 30 36 35 29 28 27 33 32 26 25 19 13 
Beneficio: 11
d 2 8 9 3 2 d 7 8 14 15 9 3 4 5 4 10 11 17 16 10 11 12 18 24 30 29 23 22 28 29 30 36 35 29 23 24 
Beneficio: 12
d 2 8 9 3 2 d 7 8 14 15 9 3 4 5 4 10 11 17 16 10 11 12 18 17 23 22 28 34 35 36 30 29 23 
Beneficio: 10
d 2 8 9 3 2 d 7 8 14 15 9 3 4 5 4 10 11 17 16 10 11 12 18 24 30 29 23 22 23 24 23 29 28 
Beneficio: 15
d 2 8 9 3 2 d 7 8 14 15 9 3 4 5 4 10 11 17 16 10 11 12 18 17 23 29 28 22 23 29 35 36 30 
Beneficio: 15
d 2 8 9 3 2 d 7 8 14 15 9 3 4 5 4 10 11 17 16 10 11 12 18 24 30 36 35 29 28 27 26 20 19 25 19 20 
Beneficio: 12
d 2 8 9 3 2 d 7 8 14 15 9 3 4 5 4 10 11 17 16 10 11 5 6 12 18 24 23 24 30 36 35 29 28 22 23 29 30 
Beneficio: 16
d 2 8 9 3 2 d 7 8 14 15 9 3 4 5 4 10 11 17 16 17 18 17 23 22 23 29 30 36 35 29 30 24 23 24 18 12 6 5 
Beneficio: 15
d 2 8 9 3 2 d 7 8 14 15 9 3 4 5 4 10 11 17 16 17 18 17 23 22 21 20 19 25 31 32 26 27 33 34 28 29 30 
Beneficio: 18
d 2 8 9 3 2 d 7 8 14 15 9 3 4 5 4 10 11 17 16 17 18 17 23 22 28 29 23 24 30 36 35 34 33 27 21 20 26 32 31 25 
Beneficio: 17
d 2 8 9 3 2 d 7 8 14 15 9 3 4 5 4 10 11 17 16 17 18 17 23 24 30 36 35 29 23 22 28 27 26 32 31 25 19 13 7 
Beneficio: 19
d 2 8 9 3 2 d 7 8 14 15 9 3 4 5 4 10 11 17 16 17 18 17 23 24 30 36 35 34 33 32 26 20 19 25 31 32 33 27 28 
Beneficio: 14
d 2 8 9 3 2 d 7 8 14 15 9 3 4 5 4 10 11 17 16 17 18 17 23 24 30 29 23 22 28 29 35 34 33 32 26 20 19 
Beneficio: 21
d 2 8 9 3 2 d 7 8 14 15 9 3 4 5 4 10 11 17 16 17 18 17 23 24 30 29 28 22 23 29 30 36 35 34 33 32 31 25 19 20 26 32 
Beneficio: 17
d 2 8 9 3 2 d 7 8 14 15 9 3 4 5 4 10 11 17 16 17 18 17 23 24 30 36 35 29 23 22 21 27 26 20 19 25 26 
Beneficio: 15
d 2 8 9 3 2 d 7 8 14 15 9 3 4 5 4 10 11 17 16 17 18 17 23 24 23 29 30 36 35 34 33 27 26 20 26 
Beneficio: 21
d 2 8 9 3 2 d 7 8 14 15 9 3 4 5 4 10 11 17 16 17 18 17 23 29 35 36 30 24 23 22 21 20 19 25 26 20 26 27 21 
Beneficio: 18
d 2 8 9 3 2 d 7 8 14 15 9 3 4 5 4 10 11 17 16 17 18 17 23 29 35 36 30 24 23 22 28 34 33 27 26 20 19 
Beneficio: 16
d 2 8 9 3 2 d 7 8 14 15 9 3 4 5 4 10 11 17 16 17 18 17 23 29 35 36 30 29 28 27 33 27 21 20 19 25 
Beneficio: 13
d 2 8 9 3 2 d 7 8 14 15 9 3 4 5 4 10 11 17 16 17 18 17 23 29 28 34 33 27 26 20 19 25 19 13 7 
Beneficio: 17
d 2 8 9 3 2 d 7 8 14 15 9 3 4 5 4 10 11 17 16 17 18 17 23 29 30 36 35 34 33 27 26 20 19 25 31 25 26 
Beneficio: 13
d 2 8 9 3 2 d 7 8 14 15 9 3 4 5 4 10 11 17 16 17 18 17 23 29 30 24 23 22 21 27 33 32 26 20 14 13 7 
Beneficio: 19
d 2 8 9 3 2 d 7 8 14 15 9 3 4 5 4 10 11 17 16 17 18 17 23 29 30 36 35 29 30 24 23 22 28 27 33 32 26 25 19 
Beneficio: 14
d 2 8 9 3 2 d 7 8 14 15 9 3 4 5 4 10 11 17 16 17 18 17 23 24 30 36 30 29 28 22 21 27 26 20 19 25 
Beneficio: 13
d 2 8 9 3 2 d 7 8 14 15 9 3 4 5 4 10 11 17 16 17 18 17 23 29 28 34 35 36 30 29 35 34 33 27 28 
Beneficio: 21
d 2 8 9 3 2 d 7 8 14 15 9 3 4 5 4 10 11 17 16 17 18 17 23 22 23 29 35 36 30 29 28 27 33 27 26 20 19 25 26 32 31 
Beneficio: 12
d 2 8 9 3 2 d 7 8 14 15 9 3 4 5 4 10 11 17 16 17 18 17 23 22 21 20 26 27 28 29 23 24 30 29 35 34 
Beneficio: 14
d 2 8 9 3 2 d 7 8 14 15 9 3 4 5 4 10 11 17 16 17 18 17 23 22 28 29 30 36 35 29 30 24 23 29 35 34 33 
Beneficio: 16
d 2 8 9 3 2 d 7 8 14 15 9 3 4 5 4 10 11 17 16 17 18 17 23 24 30 36 35 29 23 22 16 15 21 27 26 25 
Beneficio: 20
d 2 8 9 3 2 d 7 8 14 15 9 3 4 5 4 10 11 17 16 17 18 17 23 24 30 36 35 29 23 22 21 27 26 25 19 20 26 32 31 
Beneficio: 19
d 2 8 9 3 2 d 7 8 14 15 9 3 4 5 4 10 11 17 16 17 18 17 23 24 30 36 35 34 28 22 23 29 28 27 26 20 19 25 31 
Beneficio: 14
d 2 8 9 3 2 d 7 8 14 15 9 3 4 5 4 10 11 17 16 17 18 17 23 24 30 29 35 29 23 29 28 27 21 20 19 25 26 32 
Beneficio: 13
d 2 8 9 3 2 d 7 8 14 15 9 3 4 5 4 10 11 17 16 17 18 17 23 24 30 29 23 22 21 20 26 32 33 34 
Beneficio: 13
d 2 8 9 3 2 d 7 8 14 15 9 3 4 5 4 10 11 17 16 17 18 17 23 24 23 29 35 34 33 27 28 22 23 22 
Beneficio: 13
d 2 8 9 3 2 d 7 8 14 15 9 3 4 5 4 10 11 17 16 17 18 17 23 24 30 29 35 34 28 27 33 32 26 20 19 13 7 
Beneficio: 16
d 2 8 9 3 2 d 7 8 14 15 9 3 4 5 4 10 11 17 16 17 18 17 23 29 35 36 30 29 28 27 26 20 26 25 19 13 7 
Beneficio: 10
d 2 8 9 3 2 d 7 8 14 15 9 3 4 5 4 10 11 17 16 17 18 17 23 29 35 29 30 24 23 29 28 22 21 27 26 32 
Beneficio: 13
d 2 8 9 3 2 d 7 8 14 15 9 3 4 5 4 10 11 17 16 17 18 17 23 29 28 27 26 20 21 22 23 24 30 29 35 34 33 
Beneficio: 20
d 2 8 9 3 2 d 7 8 14 15 9 3 4 5 4 10 11 17 16 17 18 17 23 29 30 36 35 29 30 24 23 22 28 27 26 20 19 25 26 
Beneficio: 14
d 2 8 9 3 2 d 7 8 14 15 9 3 4 5 4 10 11 17 16 17 18 17 23 29 30 24 23 22 28 27 33 32 26 25 19 13 7 d 
Beneficio: 13
d 2 8 9 3 2 d 7 8 14 15 9 3 4 5 4 10 11 17 16 17 18 17 23 29 23 24 30 36 35 29 28 22 21 20 26 
Beneficio: 13
d 2 8 9 3 2 d 7 8 14 15 9 3 4 5 4 10 11 17 16 17 18 17 23 22 28 29 30 36 35 29 23 22 16 10 4 3 
Beneficio: 18
d 2 8 9 3 2 d 7 8 14 15 9 3 4 5 4 10 11 17 16 17 18 17 23 29 35 36 30 29 28 34 33 27 26 20 19 25 26 20 
Beneficio: 17
d 2 8 9 3 2 d 7 8 14 15 9 3 4 5 4 10 11 17 16 17 18 12 11 17 23 22 21 20 26 32 33 27 28 29 30 36 35 29 23 24 30 
Beneficio: 15
d 2 8 9 3 2 d 7 8 14 15 9 3 4 5 4 10 11 17 16 17 18 12 11 17 23 24 30 36 35 34 33 27 28 29 23 22 
Beneficio: 17
d 2 8 9 3 2 d 7 8 14 15 9 3 4 5 4 10 11 17 16 17 18 12 11 17 23 29 30 24 23 22 21 27 26 25 19 20 26 27 33 
Beneficio: 13
d 2 8 9 3 2 d 7 8 14 15 9 3 4 5 4 10 11 17 16 17 18 12 11 17 23 22 28 29 23 24 30 29 35 34 33 32 26 20 26 
Beneficio: 16
d 2 8 9 3 2 d 7 8 14 15 9 3 4 5 4 10 11 17 16 17 18 12 11 17 23 24 30 36 35 29 28 27 26 20 19 25 31 
Beneficio: 20
d 2 8 9 3 2 d 7 8 14 15 9 3 4 5 4 10 11 17 16 17 18 12 11 17 23 29 23 24 30 36 35 29 28 27 21 20 26 32 31 25 19 20 
Beneficio: 20
d 2 8 9 3 2 d 7 8 14 15 9 3 4 5 4 10 11 17 16 17 18 12 11 17 23 24 30 36 35 29 23 29 28 22 21 27 26 20 19 25 31 
Beneficio: 20
d 2 8 9 3 2 d 7 8 14 15 9 3 4 5 4 10 11 17 16 17 18 12 11 17 23 29 35 36 30 24 23 29 28 22 23 22 21 20 19 25 
Beneficio: 14
d 2 8 9 3 2 d 7 8 14 15 9 3 4 5 4 10 11 17 16 17 18 12 11 17 23 29 35 36 30 29 28 27 33 32 31 25 
Beneficio: 12
d 2 8 9 3 2 d 7 8 14 15 9 3 4 5 4 10 11 17 16 17 18 12 11 17 23 24 30 36 35 36 30 29 28 27 26 32 
Beneficio: 15
d 2 8 9 3 2 d 7 8 14 15 9 3 4 5 4 10 11 17 16 17 18 12 11 17 23 29 35 36 30 29 28 27 21 20 19 20 
Beneficio: 20
d 2 8 9 3 2 d 7 8 14 15 9 3 4 5 4 10 11 17 16 17 18 12 11 17 23 29 35 36 30 24 23 22 21 20 19 25 26 20 21 
Nueva solucion parcial! a los 3705.94s
Imprimiendo solucion: 
Beneficio: 23
1  * 2
2  * 2
8  * 2
9  * 1
3  * 1
2  * -1
1  * 0
7  * 1
8  * 0
14  * 0
15  * 1
9  * -1
3  * -1
4  * 2
5  * -1
4  * 1
10  * 2
11  * 1
17  * 2
16  * -1
17  * 2
18  * -1
24  * 1
23  * 2
22  * -1
23  * 1
29  * 1
35  * 2
36  * 2
30  * 0
29  * 0
28  * -1
27  * 1
33  * -1
32  * 0
26  * 1
20  * 2
19  * 2
25  * 1
31  * -1
25  * -1
19  * -1
13  * 0
7  * -1
1
Beneficio: 17
d 2 8 9 3 2 d 7 8 14 15 9 3 4 5 4 10 11 17 16 17 18 24 23 22 21 20 26 27 33 34 28 29 35 36 30 
Beneficio: 20
d 2 8 9 3 2 d 7 8 14 15 9 3 4 5 4 10 11 17 16 17 18 24 23 29 35 36 30 24 23 22 28 27 26 32 31 25 19 13 7 
Beneficio: 16
d 2 8 9 3 2 d 7 8 14 15 9 3 4 5 4 10 11 17 16 17 18 24 23 29 35 29 30 36 35 34 28 27 
Beneficio: 19
d 2 8 9 3 2 d 7 8 14 15 9 3 4 5 4 10 11 17 16 17 18 24 23 29 30 36 35 29 28 34 33 27 26 20 19 25 19 13 
Beneficio: 20
d 2 8 9 3 2 d 7 8 14 15 9 3 4 5 4 10 11 17 16 17 18 24 23 29 23 24 30 36 35 29 28 34 33 27 21 20 19 25 
Beneficio: 15
d 2 8 9 3 2 d 7 8 14 15 9 3 4 5 4 10 11 17 16 17 18 24 23 24 30 29 23 22 21 27 26 25 19 
Beneficio: 22
d 2 8 9 3 2 d 7 8 14 15 9 3 4 5 4 10 11 17 16 17 18 24 30 36 35 29 23 22 23 24 30 29 28 27 33 32 26 20 19 25 
Beneficio: 20
d 2 8 9 3 2 d 7 8 14 15 9 3 4 5 4 10 11 17 16 17 18 24 30 36 35 29 28 27 26 25 19 20 26 27 33 32 31 25 
Beneficio: 16
d 2 8 9 3 2 d 7 8 14 15 9 3 4 5 4 10 11 17 16 17 18 24 30 36 35 34 28 22 23 29 35 29 28 34 33 
Beneficio: 16
d 2 8 9 3 2 d 7 8 14 15 9 3 4 5 4 10 11 17 16 17 18 24 30 29 23 22 21 20 26 32 31 25 19 13 14 
Beneficio: 21
d 2 8 9 3 2 d 7 8 14 15 9 3 4 5 4 10 11 17 16 17 18 24 30 29 35 36 30 24 23 29 28 27 26 20 19 25 26 32 33 27 28 
Beneficio: 14
d 2 8 9 3 2 d 7 8 14 15 9 3 4 5 4 10 11 17 16 17 18 24 30 29 28 22 21 27 26 25 31 25 19 20 26 32 
Beneficio: 13
d 2 8 9 3 2 d 7 8 14 15 9 3 4 5 4 10 11 17 16 17 18 24 30 29 35 36 30 29 28 22 
Beneficio: 15
d 2 8 9 3 2 d 7 8 14 15 9 3 4 5 4 10 11 17 16 17 18 24 23 29 35 36 30 29 28 27 26 20 21 22 23 
Beneficio: 20
d 2 8 9 3 2 d 7 8 14 15 9 3 4 5 4 10 11 17 16 17 18 24 30 36 35 29 23 24 30 29 28 27 33 32 26 20 19 25 31 
Beneficio: 16
d 2 8 9 3 2 d 7 8 14 15 9 3 4 5 4 10 11 17 16 17 18 24 23 22 23 29 30 36 35 29 28 27 26 32 
Beneficio: 17
d 2 8 9 3 2 d 7 8 14 15 9 3 4 5 4 10 11 17 16 17 18 24 23 22 28 27 26 20 19 25 31 32 26 27 28 
Beneficio: 22
d 2 8 9 3 2 d 7 8 14 15 9 3 4 5 4 10 11 17 16 17 18 24 23 29 35 36 30 29 28 27 33 32 31 25 19 20 26 27 28 
Beneficio: 19
d 2 8 9 3 2 d 7 8 14 15 9 3 4 5 4 10 11 17 16 17 18 24 23 29 28 27 26 20 19 25 26 32 33 34 35 36 30 
Beneficio: 19
d 2 8 9 3 2 d 7 8 14 15 9 3 4 5 4 10 11 17 16 17 18 24 23 29 30 36 35 29 28 34 33 27 26 20 19 25 
Beneficio: 15
d 2 8 9 3 2 d 7 8 14 15 9 3 4 5 4 10 11 17 16 17 18 24 23 22 28 29 35 36 30 29 35 34 
Beneficio: 15
d 2 8 9 3 2 d 7 8 14 15 9 3 4 5 4 10 11 17 16 17 18 24 23 29 35 29 28 22 21 20 19 25 31 32 
Beneficio: 18
d 2 8 9 3 2 d 7 8 14 15 9 3 4 5 4 10 11 17 16 17 18 24 30 36 35 29 23 29 28 27 33 32 26 20 19 13 7 d 
Beneficio: 14
d 2 8 9 3 2 d 7 8 14 15 9 3 4 5 4 10 11 17 16 17 18 24 30 36 35 29 23 24 23 22 21 15 16 
Beneficio: 17
d 2 8 9 3 2 d 7 8 14 15 9 3 4 5 4 10 11 17 16 17 18 24 30 36 35 29 23 22 28 27 33 32 26 20 19 
Beneficio: 14
d 2 8 9 3 2 d 7 8 14 15 9 3 4 5 4 10 11 17 16 17 18 24 30 29 23 24 30 36 30 29 28 27 33 27 
Beneficio: 9
d 2 8 9 3 2 d 7 8 14 15 9 3 4 5 4 10 11 17 16 17 18 24 30 29 35 29 28 22 21 20 19 13 7 
Beneficio: 12
d 2 8 9 3 2 d 7 8 14 15 9 3 4 5 4 10 11 17 16 17 18 24 30 29 28 22 23 29 28 27 26 
Beneficio: 10
d 2 8 9 3 2 d 7 8 14 15 9 3 4 5 4 10 11 17 16 17 18 24 30 36 35 29 28 27 33 32 
Beneficio: 18
d 2 8 9 3 2 d 7 8 14 15 9 3 4 5 4 10 11 17 16 17 18 24 30 36 35 29 23 22 21 27 33 32 26 20 14 13 
Beneficio: 13
d 2 8 9 3 2 d 7 8 14 15 9 3 4 5 4 10 11 17 16 17 18 24 30 36 35 29 23 22 16 15 
Beneficio: 16
d 2 8 9 3 2 d 7 8 14 15 9 3 4 5 4 10 11 17 16 17 11 12 18 24 23 22 23 29 35 36 30 29 28 34 33 27 26 
Beneficio: 14
d 2 8 9 3 2 d 7 8 14 15 9 3 4 5 4 10 11 17 16 17 11 12 18 17 23 24 30 29 35 34 28 22 23 29 28 27 33 
Beneficio: 13
d 2 8 9 3 2 d 7 8 14 15 9 3 4 5 4 10 11 17 16 17 11 12 18 24 30 29 28 27 33 27 26 32 31 25 19 20 26 
Beneficio: 15
d 2 8 9 3 2 d 7 8 14 15 9 3 4 5 4 10 11 17 16 17 18 24 23 22 28 29 35 36 30 29 23 22 28 27 21 
Beneficio: 17
d 2 8 9 3 2 d 7 8 14 15 9 3 4 5 4 10 11 17 16 17 18 24 30 36 35 29 28 22 23 29 28 27 26 20 19 13 
Beneficio: 10
d 2 8 9 3 2 d 7 8 14 15 9 3 4 5 4 10 11 17 16 17 18 24 23 29 28 22 21 27 26 20 19 
Beneficio: 14
d 2 8 9 3 2 d 7 8 14 15 9 3 4 5 4 10 11 17 16 17 18 24 23 29 23 22 21 20 19 25 19 13 
Beneficio: 12
d 2 8 9 3 2 d 7 8 14 15 9 3 4 5 4 10 11 17 16 17 18 24 30 29 35 36 30 29 28 27 33 27 26 32 31 
Beneficio: 16
d 2 8 9 3 2 d 7 8 14 15 9 3 4 5 4 10 11 17 16 17 23 22 23 24 30 29 28 34 33 27 21 20 26 32 31 25 19 20 
Beneficio: 15
d 2 8 9 3 2 d 7 8 14 15 9 3 4 5 4 10 11 17 16 17 23 22 23 29 28 27 33 32 26 20 19 25 31 32 26 
Beneficio: 16
d 2 8 9 3 2 d 7 8 14 15 9 3 4 5 4 10 11 17 16 17 23 22 28 29 23 24 30 36 35 29 35 34 33 27 21 20 
Beneficio: 15
d 2 8 9 3 2 d 7 8 14 15 9 3 4 5 4 10 11 17 16 17 23 22 28 29 35 36 30 24 23 22 21 27 28 
Beneficio: 18
d 2 8 9 3 2 d 7 8 14 15 9 3 4 5 4 10 11 17 16 17 23 24 30 36 35 29 23 29 28 22 21 20 26 20 19 25 26 32 
Beneficio: 12
d 2 8 9 3 2 d 7 8 14 15 9 3 4 5 4 10 11 17 16 17 23 24 30 36 35 34 33 27 26 25 31 32 
Beneficio: 17
d 2 8 9 3 2 d 7 8 14 15 9 3 4 5 4 10 11 17 16 17 23 24 30 29 23 22 28 29 35 34 33 32 31 25 19 20 26 
Beneficio: 12
d 2 8 9 3 2 d 7 8 14 15 9 3 4 5 4 10 11 17 16 17 23 24 30 29 35 34 33 27 26 32 31 25 19 20 26 
Beneficio: 15
d 2 8 9 3 2 d 7 8 14 15 9 3 4 5 4 10 11 17 16 17 23 24 30 29 35 34 33 27 33 32 31 25 19 20 26 32 
Beneficio: 19
d 2 8 9 3 2 d 7 8 14 15 9 3 4 5 4 10 11 17 16 17 23 24 23 29 30 36 35 29 28 27 33 32 26 25 19 20 26 25 31 
Beneficio: 11
d 2 8 9 3 2 d 7 8 14 15 9 3 4 5 4 10 11 17 16 17 23 24 30 29 28 27 21 20 26 25 31 25 19 
Beneficio: 21
d 2 8 9 3 2 d 7 8 14 15 9 3 4 5 4 10 11 17 16 17 23 29 35 36 30 24 23 22 28 27 26 20 19 25 31 32 26 27 28 29 
Beneficio: 20
d 2 8 9 3 2 d 7 8 14 15 9 3 4 5 4 10 11 17 16 17 23 29 35 36 30 24 23 22 28 27 33 32 31 25 26 20 19 
Beneficio: 15
d 2 8 9 3 2 d 7 8 14 15 9 3 4 5 4 10 11 17 16 17 23 29 35 36 30 29 28 27 21 20 26 20 19 25 26 
Beneficio: 14
d 2 8 9 3 2 d 7 8 14 15 9 3 4 5 4 10 11 17 16 17 23 29 28 27 26 25 19 20 26 27 33 34 35 29 
Beneficio: 11
d 2 8 9 3 2 d 7 8 14 15 9 3 4 5 4 10 11 17 16 17 23 29 30 36 35 29 28 27 21 15 14 13 
Beneficio: 12
d 2 8 9 3 2 d 7 8 14 15 9 3 4 5 4 10 11 17 16 17 23 29 30 24 23 22 21 20 26 20 19 25 31 32 26 
Beneficio: 12
d 2 8 9 3 2 d 7 8 14 15 9 3 4 5 4 10 11 17 16 17 23 29 23 24 30 29 28 22 21 20 26 32 31 25 19 13 7 
Beneficio: 14
d 2 8 9 3 2 d 7 8 14 15 9 3 4 5 4 10 11 17 16 17 23 29 35 36 30 29 28 27 26 20 19 25 26 20 
Beneficio: 14
d 2 8 9 3 2 d 7 8 14 15 9 3 4 5 4 10 11 17 16 17 23 24 30 36 35 29 28 27 26 32 31 25 19 13 
Beneficio: 17
d 2 8 9 3 2 d 7 8 14 15 9 3 4 5 4 10 11 17 16 17 23 29 30 36 35 29 28 27 33 32 26 20 19 25 31 
Beneficio: 16
d 2 8 9 3 2 d 7 8 14 15 9 3 4 5 4 10 11 17 16 17 23 22 23 29 30 36 35 29 28 27 33 32 26 20 14 13 7 
Beneficio: 14
d 2 8 9 3 2 d 7 8 14 15 9 3 4 5 4 10 11 17 16 17 23 22 21 20 26 32 33 34 35 29 30 36 30 24 23 29 28 
Beneficio: 13
d 2 8 9 3 2 d 7 8 14 15 9 3 4 5 4 10 11 17 16 17 23 22 28 29 30 24 23 29 28 27 33 32 26 20 19 
Beneficio: 12
d 2 8 9 3 2 d 7 8 14 15 9 3 4 5 4 10 11 17 16 17 23 22 28 34 35 29 23 24 30 29 28 27 26 20 14 
Beneficio: 14
d 2 8 9 3 2 d 7 8 14 15 9 3 4 5 4 10 11 17 16 17 23 24 30 36 35 29 28 22 23 17 11 12 6 5 
Beneficio: 13
d 2 8 9 3 2 d 7 8 14 15 9 3 4 5 4 10 11 17 16 17 23 24 30 36 35 29 28 22 23 22 21 20 26 32 33 
Beneficio: 19
d 2 8 9 3 2 d 7 8 14 15 9 3 4 5 4 10 11 17 16 17 23 24 30 29 35 36 30 29 23 22 28 34 33 32 26 20 19 25 
Beneficio: 13
d 2 8 9 3 2 d 7 8 14 15 9 3 4 5 4 10 11 17 16 17 23 24 30 29 23 22 21 27 33 32 26 20 19 25 
Beneficio: 16
d 2 8 9 3 2 d 7 8 14 15 9 3 4 5 4 10 11 17 16 17 23 24 23 22 28 27 33 34 35 36 30 29 35 29 23 
Beneficio: 14
d 2 8 9 3 2 d 7 8 14 15 9 3 4 5 4 10 11 17 16 17 23 24 30 36 35 29 28 27 33 32 31 25 
Beneficio: 17
d 2 8 9 3 2 d 7 8 14 15 9 3 4 5 4 10 11 17 16 17 23 24 18 17 23 22 23 29 35 36 30 29 28 22 21 
Beneficio: 15
d 2 8 9 3 2 d 7 8 14 15 9 3 4 5 4 10 11 17 16 17 23 29 35 36 30 29 28 27 33 32 26 25 19 20 21 15 
Beneficio: 9
d 2 8 9 3 2 d 7 8 14 15 9 3 4 5 4 10 11 17 16 17 23 29 35 29 28 34 33 32 26 25 31 25 
Beneficio: 15
d 2 8 9 3 2 d 7 8 14 15 9 3 4 5 4 10 11 17 16 17 23 29 28 22 23 24 30 29 35 34 33 32 26 20 19 25 
Beneficio: 13
d 2 8 9 3 2 d 7 8 14 15 9 3 4 5 4 10 11 17 16 17 23 29 30 36 35 29 28 34 33 32 26 20 14 13 
Beneficio: 11
d 2 8 9 3 2 d 7 8 14 15 9 3 4 5 4 10 11 17 16 17 23 29 30 24 23 22 16 15 14 20 19 25 31 
Beneficio: 15
d 2 8 9 3 2 d 7 8 14 15 9 3 4 5 4 10 11 17 16 17 23 29 30 36 35 34 33 27 26 25 19 20 26 32 31 
Beneficio: 16
d 2 8 9 3 2 d 7 8 14 15 9 3 4 5 4 10 11 17 16 17 23 29 30 24 23 22 28 27 33 32 26 20 19 25 26 20 
Beneficio: 8
d 2 8 9 3 2 d 7 8 14 15 9 3 4 5 4 10 11 17 16 17 23 24 30 36 35 29 28 27 21 22 
Beneficio: 15
d 2 8 9 3 2 d 7 8 14 15 9 3 4 5 4 10 11 17 16 17 23 29 28 34 35 36 30 24 18 17 23 22 
Beneficio: 18
d 2 8 9 3 2 d 7 8 14 15 9 3 4 5 4 10 11 17 16 15 14 13 19 25 31 32 33 27 28 29 30 36 35 29 23 22 21 
Beneficio: 14
d 2 8 9 3 2 d 7 8 14 15 9 3 4 5 4 10 11 17 16 15 14 20 19 25 31 32 26 27 33 27 28 29 30 36 35 
Beneficio: 15
d 2 8 9 3 2 d 7 8 14 15 9 3 4 5 4 10 11 17 16 15 14 20 26 32 33 27 28 29 35 36 30 24 23 29 28 27 26 
Beneficio: 10
d 2 8 9 3 2 d 7 8 14 15 9 3 4 5 4 10 11 17 16 15 14 20 26 27 21 22 28 29 30 24 23 22 
Beneficio: 16
d 2 8 9 3 2 d 7 8 14 15 9 3 4 5 4 10 11 17 16 15 14 20 19 25 31 32 33 27 28 29 30 36 35 29 23 
Beneficio: 13
d 2 8 9 3 2 d 7 8 14 15 9 3 4 5 4 10 11 17 16 15 14 20 26 32 33 27 28 29 23 29 35 36 30 24 
Beneficio: 15
d 2 8 9 3 2 d 7 8 14 15 9 3 4 5 4 10 11 17 16 15 14 20 26 27 28 22 23 29 35 36 30 29 35 34 
Beneficio: 19
d 2 8 9 3 2 d 7 8 14 15 9 3 4 5 4 10 11 17 16 15 21 20 19 25 31 32 33 27 21 22 23 29 35 36 30 29 28 
Beneficio: 11
d 2 8 9 3 2 d 7 8 14 15 9 3 4 5 4 10 11 17 16 15 21 20 26 32 33 34 35 29 23 24 30 29 23 22 
Beneficio: 19
d 2 8 9 3 2 d 7 8 14 15 9 3 4 5 4 10 11 17 16 15 21 20 19 25 31 32 26 20 21 22 28 29 23 24 30 36 35 29 
Beneficio: 15
d 2 8 9 3 2 d 7 8 14 15 9 3 4 5 4 10 11 17 16 15 21 20 26 32 31 25 19 20 21 27 33 27 28 29 30 24 23 29 
Beneficio: 10
d 2 8 9 3 2 d 7 8 14 15 9 3 4 5 4 10 11 17 16 15 21 20 19 25 31 32 33 27 28 29 23 
Beneficio: 19
d 2 8 9 3 2 d 7 8 14 15 9 3 4 5 4 10 11 17 16 15 21 22 23 29 35 36 30 24 23 29 28 27 26 20 19 25 31 32 26 
Beneficio: 15
d 2 8 9 3 2 d 7 8 14 15 9 3 4 5 4 10 11 17 16 15 21 22 23 29 30 36 35 29 28 27 33 32 26 25 19 13 7 
Beneficio: 15
d 2 8 9 3 2 d 7 8 14 15 9 3 4 5 4 10 11 17 16 15 21 22 23 24 30 29 28 27 21 20 19 25 31 32 26 20 
Beneficio: 18
d 2 8 9 3 2 d 7 8 14 15 9 3 4 5 4 10 11 17 16 15 21 22 23 29 35 36 30 29 28 27 33 32 31 25 19 20 
Beneficio: 17
d 2 8 9 3 2 d 7 8 14 15 9 3 4 5 4 10 11 17 16 15 21 22 28 29 30 36 35 29 23 22 21 20 26 25 19 20 
Beneficio: 11
d 2 8 9 3 2 d 7 8 14 15 9 3 4 5 4 10 11 17 16 15 21 27 26 32 31 25 19 20 21 27 28 29 30 24 
Beneficio: 20
d 2 8 9 3 2 d 7 8 14 15 9 3 4 5 4 10 11 17 16 15 21 27 33 34 28 29 30 36 35 29 23 22 21 20 19 25 31 
Beneficio: 11
d 2 8 9 3 2 d 7 8 14 15 9 3 4 5 4 10 11 17 16 15 21 27 28 34 35 36 30 29 35 34 33 
Beneficio: 12
d 2 8 9 3 2 d 7 8 14 15 9 3 4 5 4 10 11 17 16 15 21 20 19 25 26 27 28 29 23 24 30 36 
Beneficio: 12
d 2 8 9 3 2 d 7 8 14 15 9 3 4 5 4 10 11 17 16 15 21 20 26 25 19 20 21 27 28 29 23 24 
Beneficio: 16
d 2 8 9 3 2 d 7 8 14 15 9 3 4 5 4 10 11 17 16 15 21 20 19 25 31 32 26 20 21 22 23 24 30 29 35 36 
Beneficio: 11
d 2 8 9 3 2 d 7 8 14 15 9 3 4 5 4 10 11 17 16 15 21 20 26 32 33 27 33 34 28 29 23 24 30 29 35 
Beneficio: 15
d 2 8 9 3 2 d 7 8 14 15 9 3 4 5 4 10 11 17 16 15 21 22 23 24 30 36 35 29 28 22 16 15 21 20 26 32 
Beneficio: 20
d 2 8 9 3 2 d 7 8 14 15 9 3 4 5 4 10 11 17 16 15 21 22 23 29 30 36 35 29 28 22 21 20 19 25 31 32 26 20 14 
Beneficio: 14
d 2 8 9 3 2 d 7 8 14 15 9 3 4 5 4 10 11 17 16 15 21 22 28 29 35 34 33 27 26 32 31 25 19 20 26 
Beneficio: 18
d 2 8 9 3 2 d 7 8 14 15 9 3 4 5 4 10 11 17 16 15 21 22 23 24 30 36 35 29 23 22 21 20 26 20 19 
Beneficio: 12
d 2 8 9 3 2 d 7 8 14 15 9 3 4 5 4 10 11 17 16 15 21 22 23 29 30 36 35 34 33 27 21 
Beneficio: 11
d 2 8 9 3 2 d 7 8 14 15 9 3 4 5 4 10 11 17 16 15 21 27 33 27 28 22 23 29 30 36 35 29 
Beneficio: 17
d 2 8 9 3 2 d 7 8 14 15 9 3 4 5 4 10 11 17 16 15 21 27 28 29 30 36 35 29 23 22 16 17 18 12 
Beneficio: 15
d 2 8 9 3 2 d 7 8 14 15 9 3 4 5 4 10 11 17 16 15 21 27 33 34 28 29 23 24 30 36 35 29 23 22 28 
Beneficio: 14
d 2 8 9 3 2 d 7 8 14 15 9 3 4 5 4 10 11 17 16 15 21 27 28 29 30 24 23 22 28 27 33 32 26 25 19 20 
Beneficio: 14
d 2 8 9 3 2 d 7 8 14 15 9 3 4 5 4 10 11 17 16 15 14 13 19 25 31 32 26 20 21 22 23 29 
Beneficio: 13
d 2 8 9 3 2 d 7 8 14 15 9 3 4 5 4 10 11 17 16 15 14 20 19 25 26 32 33 34 35 29 23 24 30 29 23 
Beneficio: 11
d 2 8 9 3 2 d 7 8 14 15 9 3 4 5 4 10 11 17 16 15 14 20 26 32 33 34 28 29 23 29 30 24 23 22 
Beneficio: 14
d 2 8 9 3 2 d 7 8 14 15 9 3 4 5 4 10 11 17 16 15 14 20 26 27 33 34 35 36 30 29 35 29 23 24 30 
Beneficio: 19
d 2 8 9 3 2 d 7 8 14 15 9 3 4 5 4 10 11 17 16 15 14 20 19 25 26 20 21 22 23 29 35 36 30 29 28 22 16 10 
Beneficio: 11
d 2 8 9 3 2 d 7 8 14 15 9 3 4 5 4 10 11 17 16 15 14 20 26 20 19 25 26 27 28 29 
Beneficio: 19
d 2 8 9 3 2 d 7 8 14 15 9 3 4 5 4 10 11 17 16 15 14 20 21 22 23 29 30 36 35 29 28 27 26 20 19 25 31 
Beneficio: 18
d 2 8 9 3 2 d 7 8 14 15 9 3 4 5 4 10 11 17 16 15 21 20 19 25 26 32 33 34 28 29 35 36 30 29 23 22 16 10 
Beneficio: 15
d 2 8 9 3 2 d 7 8 14 15 9 3 4 5 4 10 11 17 16 15 21 20 26 25 31 32 33 27 28 29 35 36 30 
Beneficio: 20
d 2 8 9 3 2 d 7 8 14 15 9 3 4 5 4 10 11 17 16 15 21 20 19 25 31 32 26 20 21 22 23 29 35 36 30 24 23 29 28 
Beneficio: 15
d 2 8 9 3 2 d 7 8 14 15 9 3 4 5 4 10 11 17 16 15 21 20 26 32 33 34 28 22 23 24 30 29 35 36 30 
Beneficio: 16
d 2 8 9 3 2 d 7 8 14 15 9 3 4 5 4 10 11 17 16 15 21 22 23 24 30 36 35 36 30 29 28 27 26 20 19 20 
Beneficio: 16
d 2 8 9 3 2 d 7 8 14 15 9 3 4 5 4 10 11 17 16 15 21 22 23 29 30 36 35 34 28 29 23 24 18 17 11 
Beneficio: 13
d 2 8 9 3 2 d 7 8 14 15 9 3 4 5 4 10 11 17 16 15 21 22 28 29 30 24 23 22 28 29 23 29 35 36 
Beneficio: 19
d 2 8 9 3 2 d 7 8 14 15 9 3 4 5 4 10 11 17 16 15 21 22 23 24 18 17 23 29 30 36 35 29 28 27 33 32 26 25 31 
Beneficio: 19
d 2 8 9 3 2 d 7 8 14 15 9 3 4 5 4 10 11 17 16 15 21 22 23 17 18 24 23 29 30 36 35 29 28 34 33 27 26 20 
Beneficio: 13
d 2 8 9 3 2 d 7 8 14 15 9 3 4 5 4 10 11 17 16 15 21 27 33 32 26 25 19 20 21 22 28 29 30 24 23 29 
Beneficio: 14
d 2 8 9 3 2 d 7 8 14 15 9 3 4 5 4 10 11 17 16 15 21 27 28 22 23 24 30 36 35 29 28 27 26 32 
Beneficio: 17
d 2 8 9 3 2 d 7 8 14 15 9 3 4 5 4 10 11 17 16 15 21 27 33 34 35 29 30 36 35 29 23 24 23 22 
Beneficio: 11
d 2 8 9 3 2 d 7 8 14 15 9 3 4 5 4 10 11 17 16 15 21 27 28 22 23 29 28 27 33 27 26 20 
Beneficio: 18
d 2 8 9 3 2 d 7 8 14 15 9 3 4 5 4 10 11 17 16 15 21 20 19 20 26 27 28 29 30 36 35 29 23 24 18 17 
Beneficio: 13
d 2 8 9 3 2 d 7 8 14 15 9 3 4 5 4 10 11 17 16 15 21 20 26 27 33 27 28 29 30 36 35 29 
Beneficio: 17
d 2 8 9 3 2 d 7 8 14 15 9 3 4 5 4 10 11 17 16 15 21 20 19 25 26 27 28 29 23 29 35 36 30 29 
Beneficio: 16
d 2 8 9 3 2 d 7 8 14 15 9 3 4 5 4 10 11 17 16 15 21 20 26 25 19 20 21 22 28 29 35 29 23 24 30 36 
Beneficio: 12
d 2 8 9 3 2 d 7 8 14 15 9 3 4 5 4 10 11 17 16 15 21 22 23 24 30 29 35 34 33 27 21 20 26 25 
Beneficio: 17
d 2 8 9 3 2 d 7 8 14 15 9 3 4 5 4 10 11 17 16 15 21 22 23 29 30 36 35 29 28 27 33 32 26 25 19 13 7 
Beneficio: 16
d 2 8 9 3 2 d 7 8 14 15 9 3 4 5 4 10 11 17 16 15 21 22 28 29 30 36 35 29 28 22 23 24 18 17 18 
Beneficio: 13
d 2 8 9 3 2 d 7 8 14 15 9 3 4 5 4 10 11 17 16 15 21 22 23 29 35 36 35 34 33 27 21 15 
Beneficio: 10
d 2 8 9 3 2 d 7 8 14 15 9 3 4 5 4 10 11 17 16 15 21 22 23 29 30 36 35 29 28 34 33 32 26 
Beneficio: 12
d 2 8 9 3 2 d 7 8 14 15 9 3 4 5 4 10 11 17 16 15 21 27 33 34 35 36 30 24 23 22 23 24 
Beneficio: 13
d 2 8 9 3 2 d 7 8 14 15 9 3 4 5 4 10 11 17 16 15 21 27 28 29 35 36 30 24 23 22 23 29 23 17 
Beneficio: 11
d 2 8 9 3 2 d 7 8 14 15 9 3 4 5 4 10 11 17 16 15 21 27 26 25 19 
Beneficio: 20
d 2 8 9 3 2 d 7 8 14 15 9 3 4 5 4 10 11 17 16 22 23 24 30 36 35 29 23 22 21 27 26 25 19 20 21 
Beneficio: 18
d 2 8 9 3 2 d 7 8 14 15 9 3 4 5 4 10 11 17 16 22 23 24 30 36 35 29 28 22 21 20 26 20 19 13 7 
Beneficio: 18
d 2 8 9 3 2 d 7 8 14 15 9 3 4 5 4 10 11 17 16 22 23 24 30 36 35 29 23 22 21 20 26 32 31 25 19 13 14 
Beneficio: 15
d 2 8 9 3 2 d 7 8 14 15 9 3 4 5 4 10 11 17 16 22 23 24 30 36 35 29 23 22 16 17 18 12 11 5 
Beneficio: 17
d 2 8 9 3 2 d 7 8 14 15 9 3 4 5 4 10 11 17 16 22 23 24 30 36 30 29 23 22 21 20 26 25 19 20 14 13 
Beneficio: 16
d 2 8 9 3 2 d 7 8 14 15 9 3 4 5 4 10 11 17 16 22 23 24 30 36 30 29 28 27 26 20 19 25 31 32 26 27 33 
Beneficio: 15
d 2 8 9 3 2 d 7 8 14 15 9 3 4 5 4 10 11 17 16 22 23 24 30 29 23 22 21 15 14 13 19 20 19 25 31 
Beneficio: 17
d 2 8 9 3 2 d 7 8 14 15 9 3 4 5 4 10 11 17 16 22 23 24 30 29 23 17 18 24 30 36 35 34 28 27 26 20 
Beneficio: 22
d 2 8 9 3 2 d 7 8 14 15 9 3 4 5 4 10 11 17 16 22 23 24 30 29 35 36 30 36 35 34 33 27 26 20 19 25 31 32 26 
Beneficio: 15
d 2 8 9 3 2 d 7 8 14 15 9 3 4 5 4 10 11 17 16 22 23 24 30 29 35 36 30 29 28 27 33 32 31 25 19 13 7 
Beneficio: 15
d 2 8 9 3 2 d 7 8 14 15 9 3 4 5 4 10 11 17 16 22 23 24 30 29 28 27 33 32 31 25 19 20 14 15 
Beneficio: 16
d 2 8 9 3 2 d 7 8 14 15 9 3 4 5 4 10 11 17 16 22 23 24 30 29 28 27 21 20 19 25 31 32 26 20 14 
Beneficio: 14
d 2 8 9 3 2 d 7 8 14 15 9 3 4 5 4 10 11 17 16 22 23 24 30 29 35 29 28 34 33 27 21 20 19 25 
Beneficio: 19
d 2 8 9 3 2 d 7 8 14 15 9 3 4 5 4 10 11 17 16 22 23 24 30 36 35 29 28 34 33 27 33 32 26 20 19 25 31 25 26 
Beneficio: 16
d 2 8 9 3 2 d 7 8 14 15 9 3 4 5 4 10 11 17 16 22 23 24 23 29 35 36 30 29 35 34 33 27 26 20 21 
Beneficio: 21
d 2 8 9 3 2 d 7 8 14 15 9 3 4 5 4 10 11 17 16 22 23 24 23 29 30 36 35 29 28 22 21 20 19 25 31 32 26 20 14 13 7 
Beneficio: 21
d 2 8 9 3 2 d 7 8 14 15 9 3 4 5 4 10 11 17 16 22 23 24 23 29 30 36 35 29 28 27 26 32 31 25 19 20 26 32 33 
Beneficio: 18
d 2 8 9 3 2 d 7 8 14 15 9 3 4 5 4 10 11 17 16 22 23 24 30 36 35 29 23 29 28 22 21 20 26 25 19 20 
Beneficio: 19
d 2 8 9 3 2 d 7 8 14 15 9 3 4 5 4 10 11 17 16 22 23 24 30 36 30 29 35 34 33 27 26 20 19 25 31 25 
Beneficio: 12
d 2 8 9 3 2 d 7 8 14 15 9 3 4 5 4 10 11 17 16 22 23 24 30 29 28 27 26 32 31 25 19 13 14 
Beneficio: 22
d 2 8 9 3 2 d 7 8 14 15 9 3 4 5 4 10 11 17 16 22 23 24 18 17 23 29 30 36 35 29 28 22 21 20 26 25 19 20 21 
Beneficio: 24
d 2 8 9 3 2 d 7 8 14 15 9 3 4 5 4 10 11 17 16 22 23 24 18 17 23 29 35 36 30 29 28 22 21 20 19 25 31 
Beneficio: 16
d 2 8 9 3 2 d 7 8 14 15 9 3 4 5 4 10 11 17 16 22 23 24 18 17 23 29 30 36 35 29 28 34 33 27 21 15 
Beneficio: 21
d 2 8 9 3 2 d 7 8 14 15 9 3 4 5 4 10 11 17 16 22 23 29 35 36 30 24 23 17 18 24 30 29 28 27 26 20 26 32 31 25 19 
Beneficio: 19
d 2 8 9 3 2 d 7 8 14 15 9 3 4 5 4 10 11 17 16 22 23 29 35 36 30 29 28 27 21 20 19 25 26 20 14 13 7 
Beneficio: 20
d 2 8 9 3 2 d 7 8 14 15 9 3 4 5 4 10 11 17 16 22 23 29 35 36 30 29 28 27 26 20 19 25 31 32 26 27 28 34 
Beneficio: 19
d 2 8 9 3 2 d 7 8 14 15 9 3 4 5 4 10 11 17 16 22 23 29 35 36 30 24 23 22 21 20 19 25 31 32 33 27 28 29 
Beneficio: 14
d 2 8 9 3 2 d 7 8 14 15 9 3 4 5 4 10 11 17 16 22 23 29 35 36 35 34 28 29 30 24 23 17 18 12 11 10 16 
Beneficio: 14
d 2 8 9 3 2 d 7 8 14 15 9 3 4 5 4 10 11 17 16 22 23 29 35 29 28 27 21 20 19 25 26 32 31 
Beneficio: 17
d 2 8 9 3 2 d 7 8 14 15 9 3 4 5 4 10 11 17 16 22 23 29 35 34 33 27 21 20 26 25 31 25 19 20 14 
Beneficio: 20
d 2 8 9 3 2 d 7 8 14 15 9 3 4 5 4 10 11 17 16 22 23 29 28 27 33 34 35 36 30 29 35 34 28 27 26 20 19 25 
Beneficio: 18
d 2 8 9 3 2 d 7 8 14 15 9 3 4 5 4 10 11 17 16 22 23 29 28 34 35 36 30 29 28 27 33 32 31 25 19 20 26 
Beneficio: 16
d 2 8 9 3 2 d 7 8 14 15 9 3 4 5 4 10 11 17 16 22 23 29 30 36 35 29 28 27 26 20 21 15 16 10 11 
Beneficio: 20
d 2 8 9 3 2 d 7 8 14 15 9 3 4 5 4 10 11 17 16 22 23 29 30 36 35 29 28 27 26 20 26 32 31 25 19 20 21 
Beneficio: 19
d 2 8 9 3 2 d 7 8 14 15 9 3 4 5 4 10 11 17 16 22 23 29 30 36 35 34 33 27 21 20 19 25 31 32 26 20 21 
Beneficio: 13
d 2 8 9 3 2 d 7 8 14 15 9 3 4 5 4 10 11 17 16 22 23 29 30 36 35 29 28 27 33 27 21 15 14 13 7 
Beneficio: 14
d 2 8 9 3 2 d 7 8 14 15 9 3 4 5 4 10 11 17 16 22 23 29 30 24 23 29 35 36 35 34 33 27 21 15 16 10 
Beneficio: 22
d 2 8 9 3 2 d 7 8 14 15 9 3 4 5 4 10 11 17 16 22 23 29 30 24 18 17 23 24 30 36 35 29 28 27 26 32 31 25 19 20 26 
Beneficio: 18
d 2 8 9 3 2 d 7 8 14 15 9 3 4 5 4 10 11 17 16 22 23 29 23 24 30 36 35 29 28 27 21 20 19 25 26 20 14 
Beneficio: 15
d 2 8 9 3 2 d 7 8 14 15 9 3 4 5 4 10 11 17 16 22 23 29 23 24 30 29 28 22 21 27 33 32 31 25 19 20 
Beneficio: 20
d 2 8 9 3 2 d 7 8 14 15 9 3 4 5 4 10 11 17 16 22 23 29 23 17 18 24 30 36 35 29 28 27 33 27 26 20 19 13 
Beneficio: 13
d 2 8 9 3 2 d 7 8 14 15 9 3 4 5 4 10 11 17 16 22 23 29 30 36 35 36 30 24 18 17 11 12 6 
Beneficio: 20
d 2 8 9 3 2 d 7 8 14 15 9 3 4 5 4 10 11 17 16 22 23 29 35 36 30 29 28 27 26 25 31 25 19 20 26 27 33 32 
Beneficio: 17
d 2 8 9 3 2 d 7 8 14 15 9 3 4 5 4 10 11 17 16 22 23 22 21 27 33 34 28 29 30 36 35 29 23 17 18 12 11 
Beneficio: 13
d 2 8 9 3 2 d 7 8 14 15 9 3 4 5 4 10 11 17 16 22 23 22 28 29 35 36 35 34 
Beneficio: 17
d 2 8 9 3 2 d 7 8 14 15 9 3 4 5 4 10 11 17 16 22 23 24 30 36 35 34 33 27 21 20 19 25 31 32 26 20 
Beneficio: 15
d 2 8 9 3 2 d 7 8 14 15 9 3 4 5 4 10 11 17 16 22 23 24 30 29 35 34 33 27 21 20 19 25 31 25 19 
Beneficio: 11
d 2 8 9 3 2 d 7 8 14 15 9 3 4 5 4 10 11 17 16 22 23 24 30 29 35 29 28 27 26 25 19 13 7 
Beneficio: 14
d 2 8 9 3 2 d 7 8 14 15 9 3 4 5 4 10 11 17 16 22 23 29 35 36 30 24 23 17 18 24 30 29 28 22 16 
Beneficio: 18
d 2 8 9 3 2 d 7 8 14 15 9 3 4 5 4 10 11 17 16 22 23 29 30 36 35 29 28 22 21 20 19 25 26 20 14 13 7 
Beneficio: 20
d 2 8 9 3 2 d 7 8 14 15 9 3 4 5 4 10 11 17 16 22 23 29 30 24 23 29 35 36 30 29 28 34 33 27 26 20 19 25 31 
Beneficio: 20
d 2 8 9 3 2 d 7 8 14 15 9 3 4 5 4 10 11 17 16 22 23 17 18 24 23 29 30 36 35 34 33 27 21 20 19 25 31 
Beneficio: 21
d 2 8 9 3 2 d 7 8 14 15 9 3 4 5 4 10 11 17 16 22 23 17 18 24 23 29 35 36 30 29 28 27 33 27 26 20 19 13 14 
Beneficio: 16
d 2 8 9 3 2 d 7 8 14 15 9 3 4 5 4 10 11 17 16 22 23 17 18 24 30 29 35 36 35 29 28 27 26 32 31 25 19 
Beneficio: 23
d 2 8 9 3 2 d 7 8 14 15 9 3 4 5 4 10 11 17 16 22 23 17 18 24 23 29 35 36 30 29 28 34 33 27 26 20 19 25 31 32 26 
Beneficio: 19
d 2 8 9 3 2 d 7 8 14 15 9 3 4 5 4 10 11 17 16 22 23 17 18 24 23 29 35 36 30 29 28 27 33 32 26 20 19 13 7 
Beneficio: 14
d 2 8 9 3 2 d 7 8 14 15 9 3 4 5 4 10 11 17 16 22 23 17 18 24 30 29 28 34 33 27 33 32 26 20 19 13 
Beneficio: 19
d 2 8 9 3 2 d 7 8 14 15 9 3 4 5 4 10 11 17 16 22 23 24 30 36 35 29 23 29 28 34 33 27 26 20 19 25 31 25 
Beneficio: 9
d 2 8 9 3 2 d 7 8 14 15 9 3 4 5 4 10 11 17 16 22 23 24 30 29 35 29 23 22 28 27 21 20 
Beneficio: 19
d 2 8 9 3 2 d 7 8 14 15 9 3 4 5 4 10 11 17 16 22 23 24 23 29 35 36 30 29 28 27 33 32 31 25 19 20 26 32 
Beneficio: 22
d 2 8 9 3 2 d 7 8 14 15 9 3 4 5 4 10 11 17 16 22 23 24 18 17 23 29 30 36 35 29 28 27 33 32 26 20 19 25 31 
Beneficio: 15
d 2 8 9 3 2 d 7 8 14 15 9 3 4 5 4 10 11 17 16 22 23 29 35 36 30 36 35 29 28 27 33 32 26 20 19 
Beneficio: 17
d 2 8 9 3 2 d 7 8 14 15 9 3 4 5 4 10 11 17 16 22 23 29 30 36 35 29 28 27 33 27 26 32 31 25 19 20 26 
Beneficio: 13
d 2 8 9 3 2 d 7 8 14 15 9 3 4 5 4 10 11 17 16 22 23 29 30 36 35 29 28 27 33 27 26 20 26 
Beneficio: 13
d 2 8 9 3 2 d 7 8 14 15 9 3 4 5 4 10 11 17 16 22 23 24 30 36 35 29 28 27 26 25 19 20 
Beneficio: 17
d 2 8 9 3 2 d 7 8 14 15 9 3 4 5 4 10 11 17 16 22 21 20 19 25 31 25 26 32 33 27 28 29 30 36 30 24 23 29 35 
Beneficio: 17
d 2 8 9 3 2 d 7 8 14 15 9 3 4 5 4 10 11 17 16 22 21 20 26 32 33 27 28 29 35 36 30 24 23 17 18 12 11 
Beneficio: 20
d 2 8 9 3 2 d 7 8 14 15 9 3 4 5 4 10 11 17 16 22 21 20 19 25 31 32 33 27 28 29 30 36 35 29 23 17 18 12 6 
Beneficio: 12
d 2 8 9 3 2 d 7 8 14 15 9 3 4 5 4 10 11 17 16 22 21 20 26 32 33 27 28 29 30 36 35 34 33 27 
Beneficio: 13
d 2 8 9 3 2 d 7 8 14 15 9 3 4 5 4 10 11 17 16 22 21 27 33 34 35 29 23 24 30 29 28 27 26 20 19 13 7 
Beneficio: 13
d 2 8 9 3 2 d 7 8 14 15 9 3 4 5 4 10 11 17 16 22 21 27 33 27 28 29 23 22 21 20 26 20 19 
Beneficio: 15
d 2 8 9 3 2 d 7 8 14 15 9 3 4 5 4 10 11 17 16 22 21 27 28 29 35 36 30 24 23 22 23 29 28 27 26 32 
Beneficio: 14
d 2 8 9 3 2 d 7 8 14 15 9 3 4 5 4 10 11 17 16 22 21 20 19 20 26 32 33 27 28 29 35 36 30 24 23 17 
Beneficio: 10
d 2 8 9 3 2 d 7 8 14 15 9 3 4 5 4 10 11 17 16 22 21 20 19 25 31 32 26 27 28 29 30 24 23 
Beneficio: 16
d 2 8 9 3 2 d 7 8 14 15 9 3 4 5 4 10 11 17 16 22 21 20 26 32 31 25 19 20 21 22 23 29 35 29 28 22 
Beneficio: 10
d 2 8 9 3 2 d 7 8 14 15 9 3 4 5 4 10 11 17 16 22 21 27 33 27 26 25 19 25 31 25 
Beneficio: 11
d 2 8 9 3 2 d 7 8 14 15 9 3 4 5 4 10 11 17 16 22 21 27 28 29 23 22 21 20 26 20 
Beneficio: 10
d 2 8 9 3 2 d 7 8 14 15 9 3 4 5 4 10 11 17 16 22 21 27 28 29 23 22 21 27 26 20 26 
Beneficio: 15
d 2 8 9 3 2 d 7 8 14 15 9 3 4 5 4 10 11 17 16 22 28 29 23 22 28 29 35 29 30 36 35 34 33 32 26 20 
Beneficio: 12
d 2 8 9 3 2 d 7 8 14 15 9 3 4 5 4 10 11 17 16 22 28 29 23 24 23 22 21 15 14 20 26 32 33 27 
Beneficio: 16
d 2 8 9 3 2 d 7 8 14 15 9 3 4 5 4 10 11 17 16 22 28 29 35 36 30 24 23 22 23 29 28 27 33 34 35 36 
Beneficio: 20
d 2 8 9 3 2 d 7 8 14 15 9 3 4 5 4 10 11 17 16 22 28 29 35 36 30 29 23 22 28 34 33 32 31 25 19 20 26 32 33 
Beneficio: 14
d 2 8 9 3 2 d 7 8 14 15 9 3 4 5 4 10 11 17 16 22 28 29 35 36 30 29 23 22 28 27 33 27 21 20 26 32 
Beneficio: 20
d 2 8 9 3 2 d 7 8 14 15 9 3 4 5 4 10 11 17 16 22 28 29 30 36 35 29 23 22 16 15 14 20 26 20 19 25 31 32 
Beneficio: 15
d 2 8 9 3 2 d 7 8 14 15 9 3 4 5 4 10 11 17 16 22 28 29 30 36 35 29 28 27 33 32 26 25 19 20 19 
Beneficio: 17
d 2 8 9 3 2 d 7 8 14 15 9 3 4 5 4 10 11 17 16 22 28 29 30 24 23 29 35 36 30 24 18 17 23 22 21 20 19 
Beneficio: 14
d 2 8 9 3 2 d 7 8 14 15 9 3 4 5 4 10 11 17 16 22 28 29 23 24 30 36 35 29 23 17 18 17 16 15 
Beneficio: 16
d 2 8 9 3 2 d 7 8 14 15 9 3 4 5 4 10 11 17 16 22 28 29 23 22 23 24 23 29 35 36 30 24 18 17 
Beneficio: 20
d 2 8 9 3 2 d 7 8 14 15 9 3 4 5 4 10 11 17 16 22 28 29 30 36 35 29 23 22 21 27 33 32 31 25 19 20 26 32 
Beneficio: 17
d 2 8 9 3 2 d 7 8 14 15 9 3 4 5 4 10 11 17 16 22 28 27 33 32 26 20 19 25 26 27 28 29 30 36 35 29 23 
Beneficio: 14
d 2 8 9 3 2 d 7 8 14 15 9 3 4 5 4 10 11 17 16 22 28 34 35 29 30 36 35 34 33 32 26 20 19 13 
Beneficio: 14
d 2 8 9 3 2 d 7 8 14 15 9 3 4 5 4 10 11 17 16 22 28 29 23 22 21 20 19 20 26 27 33 32 31 25 
Beneficio: 12
d 2 8 9 3 2 d 7 8 14 15 9 3 4 5 4 10 11 17 16 22 28 29 23 24 30 29 35 34 33 27 26 20 21 15 
Beneficio: 13
d 2 8 9 3 2 d 7 8 14 15 9 3 4 5 4 10 11 17 16 22 28 29 23 29 30 24 23 22 21 20 26 32 31 25 19 
Beneficio: 11
d 2 8 9 3 2 d 7 8 14 15 9 3 4 5 4 10 11 17 16 22 28 29 35 36 30 24 18 12 11 10 16 22 21 20 
Beneficio: 15
d 2 8 9 3 2 d 7 8 14 15 9 3 4 5 4 10 11 17 16 22 28 29 35 36 30 29 23 24 30 29 28 27 26 20 19 
Beneficio: 15
d 2 8 9 3 2 d 7 8 14 15 9 3 4 5 4 10 11 17 16 22 28 29 35 36 30 29 23 22 23 24 18 17 16 10 4 3 
Beneficio: 19
d 2 8 9 3 2 d 7 8 14 15 9 3 4 5 4 10 11 17 16 22 28 29 30 36 35 29 30 24 23 22 21 20 19 25 26 20 14 13 7 
Beneficio: 13
d 2 8 9 3 2 d 7 8 14 15 9 3 4 5 4 10 11 17 16 22 28 29 30 24 23 22 21 20 26 25 19 20 14 13 7 
Beneficio: 12
d 2 8 9 3 2 d 7 8 14 15 9 3 4 5 4 10 11 17 16 22 28 29 30 24 18 17 23 22 21 20 19 13 7 
Beneficio: 14
d 2 8 9 3 2 d 7 8 14 15 9 3 4 5 4 10 11 17 16 22 28 29 35 36 30 29 23 22 21 20 26 25 31 32 
Beneficio: 14
d 2 8 9 3 2 d 7 8 14 15 9 3 4 5 4 10 11 17 16 22 28 29 35 29 23 22 28 29 30 24 23 17 18 
Beneficio: 9
d 2 8 9 3 2 d 7 8 14 15 9 3 4 5 4 10 11 17 16 22 28 27 21 20 26 32 31 25 19 
Beneficio: 13
d 2 8 9 3 2 d 7 8 14 15 9 3 4 5 4 10 11 17 16 22 28 34 35 29 30 24 23 29 30 36 35 34 33 32 26 
Beneficio: 11
d 2 8 9 3 2 d 7 8 14 15 9 3 4 5 4 10 11 17 16 22 28 34 35 29 35 36 30 24 23 29 30 36 35 
Beneficio: 19
d 2 8 9 3 2 d 7 8 14 15 9 3 4 5 4 10 11 17 16 22 23 24 30 36 35 29 28 22 21 20 26 25 19 20 26 25 31 
Beneficio: 15
d 2 8 9 3 2 d 7 8 14 15 9 3 4 5 4 10 11 17 16 22 23 24 30 36 35 29 28 34 33 27 21 20 14 13 19 
Beneficio: 18
d 2 8 9 3 2 d 7 8 14 15 9 3 4 5 4 10 11 17 16 22 23 24 30 36 35 29 28 27 33 27 26 32 31 25 19 25 
Beneficio: 21
d 2 8 9 3 2 d 7 8 14 15 9 3 4 5 4 10 11 17 16 22 23 24 30 36 35 34 33 32 26 20 19 25 31 25 26 27 33 
Beneficio: 11
d 2 8 9 3 2 d 7 8 14 15 9 3 4 5 4 10 11 17 16 22 23 24 30 36 30 29 35 34 28 22 21 20 
Beneficio: 16
d 2 8 9 3 2 d 7 8 14 15 9 3 4 5 4 10 11 17 16 22 23 24 30 36 35 34 28 27 33 32 26 25 19 20 19 
Beneficio: 16
d 2 8 9 3 2 d 7 8 14 15 9 3 4 5 4 10 11 17 16 22 23 24 30 29 23 29 28 34 33 32 26 25 19 20 26 25 31 32 
Beneficio: 20
d 2 8 9 3 2 d 7 8 14 15 9 3 4 5 4 10 11 17 16 22 23 24 30 29 35 36 30 29 28 34 33 27 26 25 19 20 26 27 28 
Beneficio: 15
d 2 8 9 3 2 d 7 8 14 15 9 3 4 5 4 10 11 17 16 22 23 24 30 29 35 29 28 34 33 27 26 32 31 25 19 20 
Beneficio: 12
d 2 8 9 3 2 d 7 8 14 15 9 3 4 5 4 10 11 17 16 22 23 24 30 29 28 22 21 27 26 20 19 25 26 32 31 
Beneficio: 13
d 2 8 9 3 2 d 7 8 14 15 9 3 4 5 4 10 11 17 16 22 23 24 30 29 28 34 35 36 35 29 23 17 16 10 11 12 6 
Beneficio: 16
d 2 8 9 3 2 d 7 8 14 15 9 3 4 5 4 10 11 17 16 22 23 24 30 29 35 36 30 29 23 24 18 17 18 12 6 
Beneficio: 19
d 2 8 9 3 2 d 7 8 14 15 9 3 4 5 4 10 11 17 16 22 23 24 30 36 35 29 28 27 33 32 26 25 31 25 19 20 26 27 28 
Beneficio: 19
d 2 8 9 3 2 d 7 8 14 15 9 3 4 5 4 10 11 17 16 22 23 24 23 29 35 36 30 29 28 34 33 32 26 25 19 20 19 13 
Beneficio: 12
d 2 8 9 3 2 d 7 8 14 15 9 3 4 5 4 10 11 17 16 22 23 24 23 29 28 27 26 20 14 13 7 d 
Beneficio: 13
d 2 8 9 3 2 d 7 8 14 15 9 3 4 5 4 10 11 17 16 22 23 24 23 29 30 36 35 29 28 22 16 17 11 12 6 
Beneficio: 15
d 2 8 9 3 2 d 7 8 14 15 9 3 4 5 4 10 11 17 16 22 23 24 23 29 30 36 35 29 28 27 33 32 26 20 26 
Beneficio: 17
d 2 8 9 3 2 d 7 8 14 15 9 3 4 5 4 10 11 17 16 22 23 24 30 36 30 29 23 22 21 27 33 32 26 20 19 25 
Beneficio: 14
d 2 8 9 3 2 d 7 8 14 15 9 3 4 5 4 10 11 17 16 22 23 24 30 29 35 34 33 27 26 20 26 25 19 13 
Beneficio: 20
d 2 8 9 3 2 d 7 8 14 15 9 3 4 5 4 10 11 17 16 22 23 24 18 17 23 29 35 36 30 29 28 27 26 20 19 13 
Beneficio: 17
d 2 8 9 3 2 d 7 8 14 15 9 3 4 5 4 10 11 17 16 22 23 24 18 17 23 22 28 34 33 27 26 20 19 25 
Beneficio: 13
d 2 8 9 3 2 d 7 8 14 15 9 3 4 5 4 10 11 17 16 22 23 24 18 17 23 29 28 34 33 27 33 32 26 20 
Beneficio: 22
d 2 8 9 3 2 d 7 8 14 15 9 3 4 5 4 10 11 17 16 22 23 29 35 36 30 24 23 29 28 27 26 20 19 25 31 32 33 27 21 
Beneficio: 16
d 2 8 9 3 2 d 7 8 14 15 9 3 4 5 4 10 11 17 16 22 23 29 35 36 30 29 28 22 21 20 14 15 
Beneficio: 17
d 2 8 9 3 2 d 7 8 14 15 9 3 4 5 4 10 11 17 16 22 23 29 35 36 30 29 23 17 18 17 16 22 21 27 33 
Beneficio: 20
d 2 8 9 3 2 d 7 8 14 15 9 3 4 5 4 10 11 17 16 22 23 29 35 36 30 29 28 34 33 32 31 25 19 20 26 32 33 
Beneficio: 14
d 2 8 9 3 2 d 7 8 14 15 9 3 4 5 4 10 11 17 16 22 23 29 35 36 35 29 28 34 33 32 26 25 19 13 7 
Beneficio: 21
d 2 8 9 3 2 d 7 8 14 15 9 3 4 5 4 10 11 17 16 22 23 29 35 29 23 24 30 36 35 34 33 27 26 20 19 25 26 27 
Beneficio: 13
d 2 8 9 3 2 d 7 8 14 15 9 3 4 5 4 10 11 17 16 22 23 29 35 36 30 29 28 27 26 20 14 15 21 
Beneficio: 9
d 2 8 9 3 2 d 7 8 14 15 9 3 4 5 4 10 11 17 16 22 23 29 28 22 21 27 26 20 14 13 7 
Beneficio: 16
d 2 8 9 3 2 d 7 8 14 15 9 3 4 5 4 10 11 17 16 22 23 29 28 34 33 32 26 20 19 25 31 32 33 27 21 22 
Beneficio: 18
d 2 8 9 3 2 d 7 8 14 15 9 3 4 5 4 10 11 17 16 22 23 29 30 36 35 29 28 27 33 32 26 20 21 22 23 17 18 12 
Beneficio: 17
d 2 8 9 3 2 d 7 8 14 15 9 3 4 5 4 10 11 17 16 22 23 29 30 36 35 29 28 22 21 20 19 20 26 32 33 27 
Beneficio: 15
d 2 8 9 3 2 d 7 8 14 15 9 3 4 5 4 10 11 17 16 22 23 29 30 36 35 36 30 24 23 17 18 12 11 10 
Beneficio: 16
d 2 8 9 3 2 d 7 8 14 15 9 3 4 5 4 10 11 17 16 22 23 29 30 36 30 29 35 34 33 32 31 25 19 20 26 32 
Beneficio: 14
d 2 8 9 3 2 d 7 8 14 15 9 3 4 5 4 10 11 17 16 22 23 29 30 24 23 22 28 27 33 32 26 25 19 20 26 
Beneficio: 16
d 2 8 9 3 2 d 7 8 14 15 9 3 4 5 4 10 11 17 16 22 23 29 30 24 23 17 16 15 21 27 33 32 26 20 19 25 31 
Beneficio: 17
d 2 8 9 3 2 d 7 8 14 15 9 3 4 5 4 10 11 17 16 22 23 29 30 36 35 34 33 27 26 32 31 25 19 20 21 15 
Beneficio: 16
d 2 8 9 3 2 d 7 8 14 15 9 3 4 5 4 10 11 17 16 22 23 29 23 24 30 29 35 34 28 27 33 32 26 25 19 20 21 
Beneficio: 20
d 2 8 9 3 2 d 7 8 14 15 9 3 4 5 4 10 11 17 16 22 23 29 23 24 30 36 35 34 28 27 33 32 26 20 19 25 31 25 
Beneficio: 17
d 2 8 9 3 2 d 7 8 14 15 9 3 4 5 4 10 11 17 16 22 23 29 30 36 35 29 28 27 26 20 19 13 14 15 
Beneficio: 18
d 2 8 9 3 2 d 7 8 14 15 9 3 4 5 4 10 11 17 16 22 23 29 35 36 30 29 28 22 21 27 33 32 26 20 19 25 
Beneficio: 20
d 2 8 9 3 2 d 7 8 14 15 9 3 4 5 4 10 11 17 16 22 23 22 21 20 19 25 31 32 26 27 28 29 23 24 30 36 35 29 30 
Beneficio: 13
d 2 8 9 3 2 d 7 8 14 15 9 3 4 5 4 10 11 17 16 22 23 22 28 29 35 36 30 24 23 29 30 24 18 12 
Beneficio: 16
d 2 8 9 3 2 d 7 8 14 15 9 3 4 5 4 10 11 17 16 22 23 24 30 36 35 29 28 27 21 20 26 25 19 25 31 
Beneficio: 11
d 2 8 9 3 2 d 7 8 14 15 9 3 4 5 4 10 11 17 16 22 23 24 30 29 35 29 28 22 21 20 26 32 31 25 19 
Beneficio: 14
d 2 8 9 3 2 d 7 8 14 15 9 3 4 5 4 10 11 17 16 22 23 24 30 36 35 29 28 34 33 27 21 15 16 
Beneficio: 18
d 2 8 9 3 2 d 7 8 14 15 9 3 4 5 4 10 11 17 16 22 23 29 35 36 30 29 35 34 33 32 26 20 19 25 31 32 
Beneficio: 15
d 2 8 9 3 2 d 7 8 14 15 9 3 4 5 4 10 11 17 16 22 23 29 28 34 33 27 26 20 19 25 26 20 
Beneficio: 11
d 2 8 9 3 2 d 7 8 14 15 9 3 4 5 4 10 11 17 16 22 23 29 30 24 23 22 21 27 26 32 
Beneficio: 17
d 2 8 9 3 2 d 7 8 14 15 9 3 4 5 4 10 11 17 16 22 23 17 18 24 23 29 28 22 21 20 19 20 26 25 19 
Beneficio: 17
d 2 8 9 3 2 d 7 8 14 15 9 3 4 5 4 10 11 17 16 22 23 17 18 24 30 29 35 34 33 27 26 20 19 25 26 
Beneficio: 18
d 2 8 9 3 2 d 7 8 14 15 9 3 4 5 4 10 11 17 16 22 23 17 18 24 30 36 30 29 35 29 28 27 26 20 19 25 31 
Beneficio: 21
d 2 8 9 3 2 d 7 8 14 15 9 3 4 5 4 10 11 17 16 22 23 17 18 24 23 29 30 36 35 29 28 27 26 20 19 25 26 32 33 27 
Beneficio: 10
d 2 8 9 3 2 d 7 8 14 15 9 3 4 5 4 10 11 17 16 22 23 17 18 24 30 29 28 27 21 20 26 
Beneficio: 17
d 2 8 9 3 2 d 7 8 14 15 9 3 4 5 4 10 11 17 16 22 23 17 18 24 30 29 23 29 28 34 33 27 26 20 19 25 26 32 
Beneficio: 18
d 2 8 9 3 2 d 7 8 14 15 9 3 4 5 4 10 11 17 16 22 23 24 30 36 35 29 28 34 33 27 26 25 19 20 26 25 31 
Beneficio: 15
d 2 8 9 3 2 d 7 8 14 15 9 3 4 5 4 10 11 17 16 22 23 24 30 29 35 36 30 29 23 29 28 34 33 27 26 20 21 
Beneficio: 11
d 2 8 9 3 2 d 7 8 14 15 9 3 4 5 4 10 11 17 16 22 23 24 30 36 35 29 28 27 33 27 26 20 21 
Beneficio: 10
d 2 8 9 3 2 d 7 8 14 15 9 3 4 5 4 10 11 17 16 22 23 24 30 29 28 27 26 25 19 
Beneficio: 17
d 2 8 9 3 2 d 7 8 14 15 9 3 4 5 4 10 11 17 16 22 23 29 35 36 30 29 28 27 26 32 31 25 19 20 14 
Beneficio: 13
d 2 8 9 3 2 d 7 8 14 15 9 3 4 5 4 10 11 17 16 22 23 29 28 34 35 36 30 24 23 22 21 
Beneficio: 18
d 2 8 9 3 2 d 7 8 14 15 9 3 4 5 4 10 11 17 16 22 23 29 30 24 23 29 35 36 30 29 28 27 33 32 26 20 19 25 19 
Beneficio: 12
d 2 8 9 3 2 d 7 8 14 15 9 3 4 5 4 10 11 17 16 22 23 29 35 36 30 29 28 34 33 32 31 25 
Beneficio: 11
d 2 8 9 3 2 d 7 8 14 15 9 3 4 5 4 10 11 17 16 22 23 29 30 36 35 29 28 27 21 20 19 13 
Beneficio: 17
d 2 8 9 3 2 d 7 8 14 15 9 3 4 5 4 10 11 17 16 22 21 20 19 25 26 27 33 27 28 29 35 36 30 24 23 22 
Beneficio: 15
d 2 8 9 3 2 d 7 8 14 15 9 3 4 5 4 10 11 17 16 22 21 20 26 27 33 27 28 29 30 36 35 29 23 22 28 
Beneficio: 15
d 2 8 9 3 2 d 7 8 14 15 9 3 4 5 4 10 11 17 16 22 21 20 26 32 33 27 28 29 35 36 30 29 23 24 18 17 11 12 
Beneficio: 19
d 2 8 9 3 2 d 7 8 14 15 9 3 4 5 4 10 11 17 16 22 21 27 33 32 31 25 19 20 26 27 28 29 35 36 30 29 23 24 30 
Beneficio: 14
d 2 8 9 3 2 d 7 8 14 15 9 3 4 5 4 10 11 17 16 22 21 27 28 29 30 36 35 29 23 22 23 17 18 12 11 
Beneficio: 14
d 2 8 9 3 2 d 7 8 14 15 9 3 4 5 4 10 11 17 16 22 21 27 28 29 30 36 35 29 23 22 21 20 14 13 
Beneficio: 16
d 2 8 9 3 2 d 7 8 14 15 9 3 4 5 4 10 11 17 16 22 21 20 19 25 26 20 26 27 28 29 35 36 30 
Beneficio: 15
d 2 8 9 3 2 d 7 8 14 15 9 3 4 5 4 10 11 17 16 22 21 20 26 27 28 29 35 36 30 24 18 17 23 24 23 
Beneficio: 13
d 2 8 9 3 2 d 7 8 14 15 9 3 4 5 4 10 11 17 16 22 21 20 19 25 26 27 28 29 23 24 30 29 35 36 
Beneficio: 9
d 2 8 9 3 2 d 7 8 14 15 9 3 4 5 4 10 11 17 16 22 21 20 26 27 28 29 35 29 30 24 23 24 
Beneficio: 17
d 2 8 9 3 2 d 7 8 14 15 9 3 4 5 4 10 11 17 16 22 21 27 28 29 35 36 30 29 23 24 23 22 21 20 26 27 33 
Beneficio: 11
d 2 8 9 3 2 d 7 8 14 15 9 3 4 5 4 10 11 17 16 22 21 27 26 20 19 25 26 27 28 29 30 24 23 
Beneficio: 19
d 2 8 9 3 2 d 7 8 14 15 9 3 4 5 4 10 11 17 16 22 28 29 23 22 21 20 19 25 26 27 33 34 35 36 30 29 35 
Beneficio: 14
d 2 8 9 3 2 d 7 8 14 15 9 3 4 5 4 10 11 17 16 22 28 29 23 24 30 29 28 27 26 32 31 25 19 20 26 32 31 
Beneficio: 15
d 2 8 9 3 2 d 7 8 14 15 9 3 4 5 4 10 11 17 16 22 28 29 23 17 18 24 30 36 35 29 28 22 21 20 26 
Beneficio: 20
d 2 8 9 3 2 d 7 8 14 15 9 3 4 5 4 10 11 17 16 22 28 29 35 36 30 29 23 22 21 20 19 25 31 32 26 20 14 15 16 
Beneficio: 12
d 2 8 9 3 2 d 7 8 14 15 9 3 4 5 4 10 11 17 16 22 28 29 35 36 30 24 23 22 21 27 33 34 28 
Beneficio: 14
d 2 8 9 3 2 d 7 8 14 15 9 3 4 5 4 10 11 17 16 22 28 29 35 36 30 29 23 24 23 22 23 17 18 24 30 
Beneficio: 20
d 2 8 9 3 2 d 7 8 14 15 9 3 4 5 4 10 11 17 16 22 28 29 30 36 35 29 30 24 23 22 28 34 33 27 26 20 19 25 
Beneficio: 10
d 2 8 9 3 2 d 7 8 14 15 9 3 4 5 4 10 11 17 16 22 28 29 30 24 23 22 21 27 33 32 26 20 14 15 
Beneficio: 13
d 2 8 9 3 2 d 7 8 14 15 9 3 4 5 4 10 11 17 16 22 28 29 30 36 35 29 23 22 28 27 33 32 
Beneficio: 14
d 2 8 9 3 2 d 7 8 14 15 9 3 4 5 4 10 11 17 16 22 28 29 35 36 30 29 28 22 21 27 33 32 26 20 19 
Beneficio: 16
d 2 8 9 3 2 d 7 8 14 15 9 3 4 5 4 10 11 17 16 22 28 29 30 36 35 29 23 22 23 24 18 12 6 5 
Beneficio: 14
d 2 8 9 3 2 d 7 8 14 15 9 3 4 5 4 10 11 17 16 22 28 27 26 20 19 25 31 32 33 27 28 29 30 24 23 24 
Beneficio: 14
d 2 8 9 3 2 d 7 8 14 15 9 3 4 5 4 10 11 17 16 22 28 34 35 36 30 29 23 22 21 20 26 27 28 
Beneficio: 18
d 2 8 9 3 2 d 7 8 14 15 9 3 4 5 4 10 11 17 16 22 28 29 23 22 23 24 30 29 35 36 30 24 18 17 11 12 6 
Beneficio: 12
d 2 8 9 3 2 d 7 8 14 15 9 3 4 5 4 10 11 17 16 22 28 29 23 24 30 36 35 34 33 27 21 20 26 25 
Beneficio: 18
d 2 8 9 3 2 d 7 8 14 15 9 3 4 5 4 10 11 17 16 22 28 29 23 29 35 29 30 36 35 34 33 27 26 25 19 20 26 32 
Beneficio: 19
d 2 8 9 3 2 d 7 8 14 15 9 3 4 5 4 10 11 17 16 22 28 29 35 36 30 24 23 17 18 24 30 29 23 22 21 20 19 25 
Beneficio: 14
d 2 8 9 3 2 d 7 8 14 15 9 3 4 5 4 10 11 17 16 22 28 29 35 36 30 24 23 22 21 27 26 32 31 25 
Beneficio: 10
d 2 8 9 3 2 d 7 8 14 15 9 3 4 5 4 10 11 17 16 22 28 29 35 29 23 22 28 27 26 20 14 
Beneficio: 17
d 2 8 9 3 2 d 7 8 14 15 9 3 4 5 4 10 11 17 16 22 28 29 30 36 35 29 23 22 28 27 33 32 26 20 19 13 14 
Beneficio: 17
d 2 8 9 3 2 d 7 8 14 15 9 3 4 5 4 10 11 17 16 22 28 29 30 36 35 29 30 24 23 22 21 20 19 25 26 20 26 
Beneficio: 13
d 2 8 9 3 2 d 7 8 14 15 9 3 4 5 4 10 11 17 16 22 28 29 30 24 18 17 23 29 35 34 33 32 31 25 19 
Beneficio: 11
d 2 8 9 3 2 d 7 8 14 15 9 3 4 5 4 10 11 17 16 22 28 29 30 36 35 29 23 24 23 17 18 12 11 
Beneficio: 20
d 2 8 9 3 2 d 7 8 14 15 9 3 4 5 4 10 11 17 16 22 28 29 35 36 30 29 23 24 18 17 23 22 21 20 19 
Beneficio: 13
d 2 8 9 3 2 d 7 8 14 15 9 3 4 5 4 10 11 17 16 22 28 27 33 34 35 36 30 24 23 22 21 
Beneficio: 11
d 2 8 9 3 2 d 7 8 14 15 9 3 4 5 4 10 11 17 16 22 28 34 35 36 30 29 28 22 23 24 18 12 11 
Beneficio: 13
d 2 8 9 3 2 d 7 8 14 15 9 3 4 5 4 10 11 17 16 22 28 34 35 36 30 29 35 29 23 22 23 
Beneficio: 16
d 2 8 9 3 2 d 7 8 14 15 9 3 4 5 4 10 11 17 18 17 16 10 11 17 23 29 35 36 30 24 23 22 28 29 
Beneficio: 21
d 2 8 9 3 2 d 7 8 14 15 9 3 4 5 4 10 11 17 18 17 16 17 23 24 30 29 35 36 30 29 23 29 28 34 33 27 26 20 19 25 
Beneficio: 15
d 2 8 9 3 2 d 7 8 14 15 9 3 4 5 4 10 11 17 18 17 16 17 23 29 28 27 33 27 21 22 23 24 30 36 30 
Beneficio: 16
d 2 8 9 3 2 d 7 8 14 15 9 3 4 5 4 10 11 17 18 17 16 17 23 22 23 24 30 29 35 36 30 24 18 12 
Beneficio: 14
d 2 8 9 3 2 d 7 8 14 15 9 3 4 5 4 10 11 17 18 17 16 17 23 24 30 29 35 34 33 27 21 22 23 29 28 27 
######### Overtime ############
Mejor solucion encontrada!
Beneficio: 23
d 2 8 9 3 2 d 7 8 14 15 9 3 4 5 4 10 11 17 16 17 18 24 23 22 23 29 35 36 30 29 28 27 33 32 26 20 19 25 31 25 19 13 7 d 
Time taken: 7200.00s
